   0.1000000E+00  -0.5820766E-10   0.0000000E+00   0.1342394E+03   0.3408046E+00   0.3398868E+02
   0.1000000E+00   0.9999999E-03   0.0000000E+00   0.0000000E+00   0.0000000E+00   0.0000000E+00
   0.1000000E+00   0.2000000E-02   0.0000000E+00   0.0000000E+00   0.0000000E+00   0.0000000E+00
   0.1000000E+00   0.3000000E-02   0.0000000E+00   0.0000000E+00   0.0000000E+00   0.0000000E+00
   0.1000000E+00   0.4000000E-02   0.0000000E+00   0.0000000E+00   0.0000000E+00   0.0000000E+00
   0.1000000E+00   0.4999999E-02   0.0000000E+00   0.2000000E-03   0.0000000E+00   0.0000000E+00
   0.1000000E+00   0.6000000E-02   0.0000000E+00   0.4000000E-03   0.0000000E+00   0.0000000E+00
   0.1000000E+00   0.6999999E-02   0.0000000E+00   0.0000000E+00   0.2000000E-03   0.0000000E+00
   0.1000000E+00   0.7999999E-02   0.0000000E+00   0.0000000E+00   0.4000000E-03   0.2000000E-03
   0.1000000E+00   0.9000000E-02   0.0000000E+00   0.4000000E-03   0.0000000E+00   0.4000000E-03
   0.1000000E+00   0.9999999E-02   0.4000000E-03   0.2000000E-03   0.4000000E-03   0.2000000E-03
   0.1000000E+00   0.1100000E-01   0.0000000E+00   0.2000000E-03   0.6000000E-03   0.4000000E-03
   0.1000000E+00   0.1200000E-01   0.0000000E+00   0.2000000E-03   0.6000000E-03   0.4000000E-03
   0.1000000E+00   0.1300000E-01   0.0000000E+00   0.1000000E-02   0.6000000E-03   0.6000000E-03
   0.1000000E+00   0.1400000E-01   0.4000000E-03   0.1600000E-02   0.8000000E-03   0.1400000E-02
   0.1000000E+00   0.1500000E-01   0.0000000E+00   0.1800000E-02   0.4000000E-03   0.6000000E-03
   0.1000000E+00   0.1600000E-01   0.0000000E+00   0.3800001E-02   0.1600000E-02   0.2000000E-02
   0.1000000E+00   0.1700000E-01   0.0000000E+00   0.2200000E-02   0.1000000E-02   0.8000000E-03
   0.1000000E+00   0.1800000E-01   0.0000000E+00   0.2800000E-02   0.8000000E-03   0.8000000E-03
   0.1000000E+00   0.1900000E-01   0.0000000E+00   0.4200001E-02   0.1600000E-02   0.1600000E-02
   0.1000000E+00   0.2000000E-01   0.0000000E+00   0.5200002E-02   0.1400000E-02   0.1800000E-02
   0.1000000E+00   0.2100000E-01   0.4000000E-03   0.5800002E-02   0.2200000E-02   0.2400000E-02
   0.1000000E+00   0.2200000E-01   0.2000000E-03   0.6400003E-02   0.1800000E-02   0.3200001E-02
   0.1000000E+00   0.2300000E-01   0.4000000E-03   0.7800004E-02   0.2400000E-02   0.3400001E-02
   0.1000000E+00   0.2400000E-01   0.6000000E-03   0.1060000E-01   0.2000000E-02   0.4400001E-02
   0.1000000E+00   0.2500000E-01   0.4000000E-03   0.1260000E-01   0.3200001E-02   0.5600002E-02
   0.1000000E+00   0.2600000E-01   0.0000000E+00   0.1220000E-01   0.4600001E-02   0.5000002E-02
   0.1000000E+00   0.2700000E-01   0.1000000E-02   0.1979998E-01   0.3400001E-02   0.6800003E-02
   0.1000000E+00   0.2800000E-01   0.1000000E-02   0.1919998E-01   0.3400001E-02   0.7200003E-02
   0.1000000E+00   0.2900000E-01   0.1000000E-02   0.1899998E-01   0.3600001E-02   0.6600003E-02
   0.1000000E+00   0.3000000E-01   0.1200000E-02   0.2259998E-01   0.5800002E-02   0.9800000E-02
   0.1000000E+00   0.3100000E-01   0.3000000E-02   0.3339996E-01   0.3200001E-02   0.9800000E-02
   0.1000000E+00   0.3200000E-01   0.2000000E-02   0.3499996E-01   0.6200003E-02   0.1000000E-01
   0.1000000E+00   0.3300000E-01   0.2600000E-02   0.3719996E-01   0.6600003E-02   0.1599999E-01
   0.1000000E+00   0.3400000E-01   0.6000000E-03   0.4399994E-01   0.6000002E-02   0.1519999E-01
   0.1000000E+00   0.3500000E-01   0.2200000E-02   0.5139993E-01   0.8200003E-02   0.1699999E-01
   0.1000000E+00   0.3600000E-01   0.4000001E-02   0.5219993E-01   0.7000003E-02   0.1879998E-01
   0.1000000E+00   0.3700000E-01   0.4400001E-02   0.6739999E-01   0.7600003E-02   0.2299998E-01
   0.1000000E+00   0.3800000E-01   0.6000002E-02   0.7740016E-01   0.8400002E-02   0.2419998E-01
   0.1000000E+00   0.3900000E-01   0.5200002E-02   0.7820018E-01   0.9200001E-02   0.2979997E-01
   0.1000000E+00   0.4000000E-01   0.9400001E-02   0.8240025E-01   0.9000001E-02   0.2719997E-01
   0.1000000E+00   0.4100000E-01   0.5400002E-02   0.9860052E-01   0.1020000E-01   0.3279996E-01
   0.1000000E+00   0.4200000E-01   0.7400003E-02   0.1012006E+00   0.1000000E-01   0.3219996E-01
   0.1000000E+00   0.4300000E-01   0.1100000E-01   0.1040006E+00   0.1160000E-01   0.3199996E-01
   0.1000000E+00   0.4400000E-01   0.9600000E-02   0.1320011E+00   0.1299999E-01   0.4199995E-01
   0.1000000E+00   0.4500000E-01   0.9800000E-02   0.1358012E+00   0.1559999E-01   0.4599994E-01
   0.1000000E+00   0.4600000E-01   0.1200000E-01   0.1562015E+00   0.1719999E-01   0.4939993E-01
   0.1000000E+00   0.4700000E-01   0.1379999E-01   0.1632016E+00   0.1299999E-01   0.5039993E-01
   0.1000000E+00   0.4800000E-01   0.1919998E-01   0.1948022E+00   0.1819999E-01   0.6439994E-01
   0.1000000E+00   0.4899999E-01   0.1819999E-01   0.2112024E+00   0.1939998E-01   0.6279992E-01
   0.1000000E+00   0.5000000E-01   0.1939998E-01   0.2216026E+00   0.1619999E-01   0.7140006E-01
   0.1000000E+00   0.5100000E-01   0.2479997E-01   0.2522031E+00   0.1859999E-01   0.7820018E-01
   0.1000000E+00   0.5200000E-01   0.2559997E-01   0.2776035E+00   0.2299998E-01   0.9100039E-01
   0.1000000E+00   0.5300000E-01   0.3519996E-01   0.2940038E+00   0.2339998E-01   0.8900036E-01
   0.1000000E+00   0.5400000E-01   0.3299996E-01   0.2918038E+00   0.2179998E-01   0.9120040E-01
   0.1000000E+00   0.5500000E-01   0.3859995E-01   0.3304044E+00   0.2899997E-01   0.1076007E+00
   0.1000000E+00   0.5599999E-01   0.4699994E-01   0.3576049E+00   0.2759997E-01   0.1184009E+00
   0.1000000E+00   0.5700000E-01   0.4419994E-01   0.3872054E+00   0.2979997E-01   0.1256010E+00
   0.1000000E+00   0.5799999E-01   0.5019993E-01   0.4148059E+00   0.2539997E-01   0.1196009E+00
   0.1000000E+00   0.5900000E-01   0.5819992E-01   0.4470064E+00   0.3159996E-01   0.1414012E+00
   0.1000000E+00   0.5999999E-01   0.6499995E-01   0.4796070E+00   0.3199996E-01   0.1466013E+00
   0.1000000E+00   0.6100000E-01   0.6119991E-01   0.5064064E+00   0.3039997E-01   0.1592015E+00
   0.1000000E+00   0.6200000E-01   0.6059992E-01   0.5470011E+00   0.3219996E-01   0.1688017E+00
   0.1000000E+00   0.6299999E-01   0.7820018E-01   0.5843961E+00   0.3899995E-01   0.1902021E+00
   0.1000000E+00   0.6400000E-01   0.8620031E-01   0.6153920E+00   0.3939995E-01   0.2030023E+00
   0.1000000E+00   0.6500000E-01   0.8440028E-01   0.6327897E+00   0.3999995E-01   0.2018023E+00
   0.1000000E+00   0.6599999E-01   0.1100007E+00   0.6839830E+00   0.4059995E-01   0.2220026E+00
   0.1000000E+00   0.6699999E-01   0.1098007E+00   0.7409754E+00   0.4979993E-01   0.2290027E+00
   0.1000000E+00   0.6800000E-01   0.1204009E+00   0.8017674E+00   0.4579994E-01   0.2446030E+00
   0.1000000E+00   0.6900000E-01   0.1164008E+00   0.8155656E+00   0.4939993E-01   0.2622033E+00
   0.1000000E+00   0.6999999E-01   0.1442013E+00   0.8691585E+00   0.4919994E-01   0.2736035E+00
   0.1000000E+00   0.7099999E-01   0.1440013E+00   0.8951551E+00   0.4179995E-01   0.2806036E+00
   0.1000000E+00   0.7200000E-01   0.1722018E+00   0.9391493E+00   0.5299993E-01   0.3062040E+00
   0.1000000E+00   0.7299999E-01   0.1720018E+00   0.9975415E+00   0.5139993E-01   0.3182042E+00
   0.1000000E+00   0.7399999E-01   0.1830020E+00   0.1075954E+01   0.4979993E-01   0.3498048E+00
   0.1000000E+00   0.7500000E-01   0.1878020E+00   0.1040348E+01   0.5179993E-01   0.3422046E+00
   0.1000000E+00   0.7600000E-01   0.2084024E+00   0.1106159E+01   0.5639992E-01   0.3610049E+00
   0.1000000E+00   0.7699999E-01   0.2418029E+00   0.1124362E+01   0.4939993E-01   0.3680051E+00
   0.1000000E+00   0.7799999E-01   0.2416029E+00   0.1175170E+01   0.5219993E-01   0.3812053E+00
   0.1000000E+00   0.7900000E-01   0.2560032E+00   0.1187972E+01   0.5879992E-01   0.3930055E+00
   0.1000000E+00   0.7999999E-01   0.2866037E+00   0.1201175E+01   0.5379993E-01   0.4068057E+00
   0.1000000E+00   0.8099999E-01   0.3094041E+00   0.1228579E+01   0.5459993E-01   0.4138058E+00
   0.1000000E+00   0.8199999E-01   0.3168042E+00   0.1215377E+01   0.5599992E-01   0.4116058E+00
   0.1000000E+00   0.8300000E-01   0.3346045E+00   0.1223978E+01   0.5239993E-01   0.4300061E+00
   0.1000000E+00   0.8399999E-01   0.3356045E+00   0.1243182E+01   0.5599992E-01   0.4156059E+00
   0.1000000E+00   0.8499999E-01   0.3676051E+00   0.1252783E+01   0.5119993E-01   0.4360062E+00
   0.1000000E+00   0.8600000E-01   0.4032057E+00   0.1193973E+01   0.4979993E-01   0.4296061E+00
   0.1000000E+00   0.8700000E-01   0.4118058E+00   0.1177171E+01   0.5139993E-01   0.4396063E+00
   0.1000000E+00   0.8799999E-01   0.4456064E+00   0.1168369E+01   0.4879994E-01   0.4312061E+00
   0.1000000E+00   0.8899999E-01   0.4784069E+00   0.1090956E+01   0.4519994E-01   0.3958055E+00
   0.1000000E+00   0.9000000E-01   0.4870071E+00   0.1037748E+01   0.4059995E-01   0.4046057E+00
   0.1000000E+00   0.9099999E-01   0.4924072E+00   0.9427488E+00   0.4359994E-01   0.3808053E+00
   0.1000000E+00   0.9199999E-01   0.5200046E+00   0.8611596E+00   0.3499996E-01   0.3708051E+00
   0.1000000E+00   0.9299999E-01   0.5775970E+00   0.7765707E+00   0.3599996E-01   0.3520048E+00
   0.1000000E+00   0.9400000E-01   0.5915952E+00   0.6753841E+00   0.3239996E-01   0.3374045E+00
   0.1000000E+00   0.9499999E-01   0.5947948E+00   0.5777970E+00   0.3399996E-01   0.3090041E+00
   0.1000000E+00   0.9599999E-01   0.6411886E+00   0.4810070E+00   0.3039997E-01   0.2886037E+00
   0.1000000E+00   0.9700000E-01   0.6363893E+00   0.3936055E+00   0.2759997E-01   0.2782035E+00
   0.1000000E+00   0.9799999E-01   0.6893823E+00   0.3414046E+00   0.2939997E-01   0.2776035E+00
   0.1000000E+00   0.9899999E-01   0.7081798E+00   0.3226043E+00   0.3139997E-01   0.2808036E+00
   0.1000000E+00   0.9999999E-01   0.7303768E+00   0.3392046E+00   0.2779997E-01   0.2780035E+00
   0.1000000E+00   0.1010000E+00   0.7311767E+00   0.3518048E+00   0.3479996E-01   0.2962039E+00
   0.1000000E+00   0.1020000E+00   0.7471746E+00   0.3792053E+00   0.3599996E-01   0.2936038E+00
   0.1000000E+00   0.1030000E+00   0.7837698E+00   0.3890054E+00   0.3659996E-01   0.3022040E+00
   0.1000000E+00   0.1040000E+00   0.7933685E+00   0.4184059E+00   0.4119995E-01   0.3254043E+00
   0.1000000E+00   0.1050000E+00   0.8257642E+00   0.4360062E+00   0.3859995E-01   0.3296044E+00
   0.1000000E+00   0.1060000E+00   0.8227646E+00   0.4590066E+00   0.4239995E-01   0.3468047E+00
   0.1000000E+00   0.1070000E+00   0.8579600E+00   0.4698068E+00   0.4659994E-01   0.3514048E+00
   0.1000000E+00   0.1080000E+00   0.9029540E+00   0.5058065E+00   0.4839994E-01   0.3774052E+00
   0.1000000E+00   0.1090000E+00   0.9261510E+00   0.5222043E+00   0.5099993E-01   0.3844053E+00
   0.1000000E+00   0.1100000E+00   0.9311503E+00   0.5486009E+00   0.5419993E-01   0.4074057E+00
   0.1000000E+00   0.1110000E+00   0.9281507E+00   0.5611992E+00   0.5119993E-01   0.3968056E+00
   0.1000000E+00   0.1120000E+00   0.9339499E+00   0.5811965E+00   0.5179993E-01   0.4080057E+00
   0.1000000E+00   0.1130000E+00   0.9947419E+00   0.6341895E+00   0.5659992E-01   0.4406063E+00
   0.1000000E+00   0.1140000E+00   0.9979415E+00   0.6461880E+00   0.6639998E-01   0.4508065E+00
   0.1000000E+00   0.1150000E+00   0.9857431E+00   0.6795835E+00   0.5719992E-01   0.4520065E+00
   0.1000000E+00   0.1160000E+00   0.1039748E+01   0.7303768E+00   0.6499995E-01   0.4774069E+00
   0.1000000E+00   0.1170000E+00   0.1069553E+01   0.7353762E+00   0.6900002E-01   0.4904071E+00
   0.1000000E+00   0.1180000E+00   0.1082155E+01   0.7523739E+00   0.6679998E-01   0.4894071E+00
   0.1000000E+00   0.1190000E+00   0.1090556E+01   0.8089665E+00   0.7260008E-01   0.5150053E+00
   0.1000000E+00   0.1200000E+00   0.1081155E+01   0.8053669E+00   0.7980020E-01   0.5118057E+00
   0.1000000E+00   0.1210000E+00   0.1063952E+01   0.8635592E+00   0.7460012E-01   0.5078062E+00
   0.1000000E+00   0.1220000E+00   0.1144565E+01   0.8755577E+00   0.8540030E-01   0.5404019E+00
   0.1000000E+00   0.1230000E+00   0.1120161E+01   0.9531474E+00   0.8000021E-01   0.5522004E+00
   0.1000000E+00   0.1240000E+00   0.1175970E+01   0.9527475E+00   0.8440028E-01   0.5749974E+00
   0.1000000E+00   0.1250000E+00   0.1172570E+01   0.9883428E+00   0.8600031E-01   0.5697981E+00
   0.1000000E+00   0.1260000E+00   0.1198774E+01   0.1034147E+01   0.9040038E-01   0.5963945E+00
   0.1000000E+00   0.1270000E+00   0.1220578E+01   0.1055150E+01   0.9660049E-01   0.6313899E+00
   0.1000000E+00   0.1280000E+00   0.1221778E+01   0.1084755E+01   0.9840052E-01   0.6081930E+00
   0.1000000E+00   0.1290000E+00   0.1203975E+01   0.1102758E+01   0.9580047E-01   0.6249908E+00
   0.1000000E+00   0.1300000E+00   0.1270386E+01   0.1144165E+01   0.9660049E-01   0.6555867E+00
   0.1000000E+00   0.1310000E+00   0.1274987E+01   0.1176971E+01   0.1042006E+00   0.6639856E+00
   0.1000000E+00   0.1320000E+00   0.1301591E+01   0.1233580E+01   0.1022006E+00   0.6933817E+00
   0.1000000E+00   0.1330000E+00   0.1284388E+01   0.1231980E+01   0.1130008E+00   0.6877825E+00
   0.1000000E+00   0.1340000E+00   0.1316794E+01   0.1258184E+01   0.1076007E+00   0.7039803E+00
   0.1000000E+00   0.1350000E+00   0.1306592E+01   0.1322595E+01   0.1166008E+00   0.7133791E+00
   0.1000000E+00   0.1360000E+00   0.1307592E+01   0.1344398E+01   0.1112007E+00   0.7241777E+00
   0.1000000E+00   0.1370000E+00   0.1368602E+01   0.1359801E+01   0.1124008E+00   0.7339764E+00
   0.1000000E+00   0.1380000E+00   0.1373603E+01   0.1367402E+01   0.1050006E+00   0.7259774E+00
   0.1000000E+00   0.1390000E+00   0.1416610E+01   0.1428012E+01   0.1160008E+00   0.7841697E+00
   0.1000000E+00   0.1400000E+00   0.1419811E+01   0.1432613E+01   0.1176008E+00   0.7867694E+00
   0.1000000E+00   0.1410000E+00   0.1444215E+01   0.1431013E+01   0.1318011E+00   0.7819700E+00
   0.1000000E+00   0.1420000E+00   0.1501024E+01   0.1481221E+01   0.1218009E+00   0.8095664E+00
   0.1000000E+00   0.1430000E+00   0.1466819E+01   0.1511826E+01   0.1292010E+00   0.8093664E+00
   0.1000000E+00   0.1440000E+00   0.1537630E+01   0.1509226E+01   0.1254010E+00   0.8095664E+00
   0.1000000E+00   0.1450000E+00   0.1532830E+01   0.1517427E+01   0.1190009E+00   0.8369628E+00
   0.1000000E+00   0.1460000E+00   0.1527229E+01   0.1531229E+01   0.1300011E+00   0.8277640E+00
   0.1000000E+00   0.1470000E+00   0.1588839E+01   0.1556033E+01   0.1174008E+00   0.8465615E+00
   0.1000000E+00   0.1480000E+00   0.1613643E+01   0.1542831E+01   0.1324011E+00   0.8529606E+00
   0.1000000E+00   0.1490000E+00   0.1654650E+01   0.1511626E+01   0.1234009E+00   0.8563602E+00
   0.1000000E+00   0.1500000E+00   0.1657850E+01   0.1560234E+01   0.1196009E+00   0.8641592E+00
   0.1000000E+00   0.1510000E+00   0.1739064E+01   0.1552633E+01   0.1252010E+00   0.8847564E+00
   0.1000000E+00   0.1520000E+00   0.1709459E+01   0.1544032E+01   0.1256010E+00   0.8827567E+00
   0.1000000E+00   0.1530000E+00   0.1783271E+01   0.1567635E+01   0.1292010E+00   0.9143525E+00
   0.1000000E+00   0.1540000E+00   0.1842481E+01   0.1563035E+01   0.1330011E+00   0.9201518E+00
   0.1000000E+00   0.1550000E+00   0.1826478E+01   0.1534630E+01   0.1248010E+00   0.8845565E+00
   0.1000000E+00   0.1560000E+00   0.1920494E+01   0.1524028E+01   0.1174008E+00   0.9039539E+00
   0.1000000E+00   0.1570000E+00   0.1898290E+01   0.1488422E+01   0.1236009E+00   0.9071535E+00
   0.1000000E+00   0.1580000E+00   0.1968702E+01   0.1502025E+01   0.1252010E+00   0.9231514E+00
   0.1000000E+00   0.1590000E+00   0.1995706E+01   0.1441615E+01   0.1142008E+00   0.9075534E+00
   0.1000000E+00   0.1600000E+00   0.2090122E+01   0.1431613E+01   0.1256010E+00   0.9627461E+00
   0.1000000E+00   0.1610000E+00   0.2080320E+01   0.1391206E+01   0.1204009E+00   0.9293506E+00
   0.1000000E+00   0.1620000E+00   0.2138730E+01   0.1374603E+01   0.1312011E+00   0.9401491E+00
   0.1000000E+00   0.1630000E+00   0.2211742E+01   0.1324795E+01   0.1238009E+00   0.9407490E+00
   0.1000000E+00   0.1640000E+00   0.2218543E+01   0.1323195E+01   0.1254010E+00   0.9531474E+00
   0.1000000E+00   0.1650000E+00   0.2301157E+01   0.1267386E+01   0.1194009E+00   0.9587467E+00
   0.1000000E+00   0.1660000E+00   0.2316960E+01   0.1259184E+01   0.1252010E+00   0.9605464E+00
   0.1000000E+00   0.1670000E+00   0.2380570E+01   0.1198974E+01   0.1252010E+00   0.9655458E+00
   0.1000000E+00   0.1680000E+00   0.2408575E+01   0.1189773E+01   0.1210009E+00   0.9531474E+00
   0.1000000E+00   0.1690000E+00   0.2458383E+01   0.1163168E+01   0.1254010E+00   0.9479481E+00
   0.1000000E+00   0.1700000E+00   0.2477186E+01   0.1114360E+01   0.1268010E+00   0.9523475E+00
   0.1000000E+00   0.1710000E+00   0.2513192E+01   0.1093157E+01   0.1268010E+00   0.9633461E+00
   0.1000000E+00   0.1720000E+00   0.2646214E+01   0.1093357E+01   0.1244010E+00   0.1009943E+01
   0.1000000E+00   0.1730000E+00   0.2652415E+01   0.1045949E+01   0.1330011E+00   0.9741446E+00
   0.1000000E+00   0.1740000E+00   0.2692822E+01   0.1053550E+01   0.1340011E+00   0.9943420E+00
   0.1000000E+00   0.1750000E+00   0.2682620E+01   0.1025946E+01   0.1342011E+00   0.9689453E+00
   0.1000000E+00   0.1760000E+00   0.2749231E+01   0.1007943E+01   0.1336011E+00   0.9921423E+00
   0.1000000E+00   0.1770000E+00   0.2804040E+01   0.1016144E+01   0.1432013E+00   0.1014344E+01
   0.1000000E+00   0.1780000E+00   0.2792238E+01   0.1035147E+01   0.1468013E+00   0.1039348E+01
   0.1000000E+00   0.1790000E+00   0.2842047E+01   0.1053750E+01   0.1488014E+00   0.1064552E+01
   0.1000000E+00   0.1800000E+00   0.2903057E+01   0.1047349E+01   0.1622016E+00   0.1057951E+01
   0.1000000E+00   0.1810000E+00   0.2903657E+01   0.1040348E+01   0.1406012E+00   0.1024745E+01
   0.1000000E+00   0.1820000E+00   0.2872452E+01   0.1094157E+01   0.1570015E+00   0.1061551E+01
   0.1000000E+00   0.1830000E+00   0.2932062E+01   0.1080355E+01   0.1794019E+00   0.1104759E+01
   0.1000000E+00   0.1840000E+00   0.2966267E+01   0.1106559E+01   0.1664017E+00   0.1093357E+01
   0.1000000E+00   0.1850000E+00   0.3013275E+01   0.1128563E+01   0.1794019E+00   0.1120761E+01
   0.1000000E+00   0.1860000E+00   0.3033278E+01   0.1161168E+01   0.1730018E+00   0.1143765E+01
   0.1000000E+00   0.1870000E+00   0.3024077E+01   0.1234780E+01   0.1744018E+00   0.1175570E+01
   0.1000000E+00   0.1880000E+00   0.3064484E+01   0.1239581E+01   0.1862020E+00   0.1171170E+01
   0.1000000E+00   0.1890000E+00   0.3138496E+01   0.1269586E+01   0.1762018E+00   0.1173970E+01
   0.1000000E+00   0.1900000E+00   0.3089688E+01   0.1292790E+01   0.1838020E+00   0.1180971E+01
   0.1000000E+00   0.1910000E+00   0.3118893E+01   0.1345199E+01   0.2092024E+00   0.1222378E+01
   0.1000000E+00   0.1920000E+00   0.3195305E+01   0.1325595E+01   0.2136025E+00   0.1231780E+01
   0.1000000E+00   0.1930000E+00   0.3144897E+01   0.1382005E+01   0.1936021E+00   0.1238981E+01
   0.1000000E+00   0.1940000E+00   0.3184904E+01   0.1389806E+01   0.1892021E+00   0.1267986E+01
   0.1000000E+00   0.1950000E+00   0.3163300E+01   0.1428212E+01   0.1946021E+00   0.1228179E+01
   0.1000000E+00   0.1960000E+00   0.3154899E+01   0.1415410E+01   0.2148025E+00   0.1257984E+01
   0.1000000E+00   0.1970000E+00   0.3158899E+01   0.1458017E+01   0.2050023E+00   0.1257784E+01
   0.1000000E+00   0.1980000E+00   0.3197106E+01   0.1468419E+01   0.2256027E+00   0.1269386E+01
   0.1000000E+00   0.1990000E+00   0.3208308E+01   0.1508026E+01   0.2270027E+00   0.1323195E+01
   0.1000000E+00   0.2000000E+00   0.3203107E+01   0.1508826E+01   0.2228026E+00   0.1282188E+01
   0.1000000E+00   0.2010000E+00   0.3245114E+01   0.1541231E+01   0.2240026E+00   0.1322995E+01
   0.1000000E+00   0.2020000E+00   0.3224310E+01   0.1525828E+01   0.2226026E+00   0.1287789E+01
   0.1000000E+00   0.2030000E+00   0.3268117E+01   0.1576037E+01   0.2196026E+00   0.1313393E+01
   0.1000000E+00   0.2040000E+00   0.3281320E+01   0.1589839E+01   0.2280027E+00   0.1345199E+01
   0.1000000E+00   0.2050000E+00   0.3385937E+01   0.1621444E+01   0.2340028E+00   0.1363001E+01
   0.1000000E+00   0.2060000E+00   0.3274518E+01   0.1604842E+01   0.2188026E+00   0.1330396E+01
   0.1000000E+00   0.2070000E+00   0.3368534E+01   0.1619244E+01   0.2408029E+00   0.1362801E+01
   0.1000000E+00   0.2080000E+00   0.3350531E+01   0.1628045E+01   0.2512031E+00   0.1374803E+01
   0.1000000E+00   0.2090000E+00   0.3329128E+01   0.1642048E+01   0.2304028E+00   0.1346999E+01
   0.1000000E+00   0.2100000E+00   0.3339129E+01   0.1697857E+01   0.2462030E+00   0.1359401E+01
   0.1000000E+00   0.2110000E+00   0.3403140E+01   0.1608242E+01   0.2378029E+00   0.1387205E+01
   0.1000000E+00   0.2120000E+00   0.3373535E+01   0.1628846E+01   0.2432030E+00   0.1375203E+01
   0.1000000E+00   0.2130000E+00   0.3490554E+01   0.1636647E+01   0.2452030E+00   0.1408809E+01
   0.1000000E+00   0.2140000E+00   0.3521159E+01   0.1635847E+01   0.2398029E+00   0.1436814E+01
   0.1000000E+00   0.2150000E+00   0.3442346E+01   0.1615843E+01   0.2124024E+00   0.1373403E+01
   0.1000000E+00   0.2160000E+00   0.3472751E+01   0.1645448E+01   0.2394029E+00   0.1412010E+01
   0.1000000E+00   0.2170000E+00   0.3536962E+01   0.1653450E+01   0.2528031E+00   0.1461018E+01
   0.1000000E+00   0.2180000E+00   0.3612975E+01   0.1629446E+01   0.2404029E+00   0.1418211E+01
   0.1000000E+00   0.2190000E+00   0.3613575E+01   0.1593040E+01   0.2484031E+00   0.1408009E+01
   0.1000000E+00   0.2200000E+00   0.3638779E+01   0.1595840E+01   0.2432030E+00   0.1415410E+01
   0.1000000E+00   0.2210000E+00   0.3624377E+01   0.1563035E+01   0.2472030E+00   0.1422811E+01
   0.1000000E+00   0.2220000E+00   0.3648180E+01   0.1540831E+01   0.2380029E+00   0.1399007E+01
   0.1000000E+00   0.2230000E+00   0.3697789E+01   0.1571636E+01   0.2590032E+00   0.1435614E+01
   0.1000000E+00   0.2240000E+00   0.3754198E+01   0.1529429E+01   0.2504031E+00   0.1443015E+01
   0.1000000E+00   0.2250000E+00   0.3745797E+01   0.1532830E+01   0.2520031E+00   0.1444615E+01
   0.1000000E+00   0.2260000E+00   0.3804406E+01   0.1548432E+01   0.2550032E+00   0.1462218E+01
   0.1000000E+00   0.2270000E+00   0.3844613E+01   0.1512426E+01   0.2540031E+00   0.1478021E+01
   0.1000000E+00   0.2280000E+00   0.3769601E+01   0.1459818E+01   0.2480031E+00   0.1437214E+01
   0.1000000E+00   0.2290000E+00   0.3753998E+01   0.1424412E+01   0.2534031E+00   0.1396007E+01
   0.1000000E+00   0.2300000E+00   0.3854815E+01   0.1467419E+01   0.2692034E+00   0.1436414E+01
   0.1000000E+00   0.2310000E+00   0.3929827E+01   0.1448416E+01   0.2566032E+00   0.1472220E+01
   0.1000000E+00   0.2320000E+00   0.3897622E+01   0.1414210E+01   0.2570032E+00   0.1458417E+01
   0.1000000E+00   0.2330000E+00   0.3963433E+01   0.1414610E+01   0.2526031E+00   0.1470619E+01
   0.1000000E+00   0.2340000E+00   0.3981036E+01   0.1392806E+01   0.2636033E+00   0.1498224E+01
   0.1000000E+00   0.2350000E+00   0.4038000E+01   0.1380004E+01   0.2676034E+00   0.1461818E+01
   0.1000000E+00   0.2360000E+00   0.4049388E+01   0.1393006E+01   0.2780035E+00   0.1489823E+01
   0.1000000E+00   0.2370000E+00   0.4137697E+01   0.1395807E+01   0.2584032E+00   0.1541031E+01
   0.1000000E+00   0.2380000E+00   0.4129905E+01   0.1378804E+01   0.2772035E+00   0.1535630E+01
   0.1000000E+00   0.2390000E+00   0.4136299E+01   0.1368602E+01   0.2902038E+00   0.1514427E+01
   0.1000000E+00   0.2400000E+00   0.4140494E+01   0.1376404E+01   0.2914038E+00   0.1515427E+01
   0.1000000E+00   0.2410000E+00   0.4155279E+01   0.1352400E+01   0.2894037E+00   0.1525828E+01
   0.1000000E+00   0.2420000E+00   0.4245187E+01   0.1384405E+01   0.2964039E+00   0.1548632E+01
   0.1000000E+00   0.2430000E+00   0.4187047E+01   0.1385805E+01   0.2918038E+00   0.1542431E+01
   0.1000000E+00   0.2440000E+00   0.4240192E+01   0.1337197E+01   0.2826036E+00   0.1529829E+01
   0.1000000E+00   0.2450000E+00   0.4281549E+01   0.1384805E+01   0.3086041E+00   0.1554833E+01
   0.1000000E+00   0.2460000E+00   0.4186048E+01   0.1403608E+01   0.3086041E+00   0.1543431E+01
   0.1000000E+00   0.2470000E+00   0.4267963E+01   0.1358401E+01   0.3082041E+00   0.1559234E+01
   0.1000000E+00   0.2480000E+00   0.4269762E+01   0.1422411E+01   0.3306044E+00   0.1570636E+01
   0.1000000E+00   0.2490000E+00   0.4295135E+01   0.1408809E+01   0.3270044E+00   0.1580037E+01
   0.1000000E+00   0.2500000E+00   0.4338691E+01   0.1433413E+01   0.3318045E+00   0.1610843E+01
   0.1000000E+00   0.2510000E+00   0.4269362E+01   0.1443815E+01   0.3288044E+00   0.1578637E+01
   0.1000000E+00   0.2520000E+00   0.4275755E+01   0.1446815E+01   0.3358045E+00   0.1596240E+01
   0.1000000E+00   0.2530000E+00   0.4322308E+01   0.1456417E+01   0.3420046E+00   0.1606042E+01
   0.1000000E+00   0.2540000E+00   0.4311119E+01   0.1460218E+01   0.3450047E+00   0.1625245E+01
   0.1000000E+00   0.2550000E+00   0.4335694E+01   0.1517627E+01   0.3610049E+00   0.1636447E+01
   0.1000000E+00   0.2560000E+00   0.4253978E+01   0.1534630E+01   0.3432046E+00   0.1610643E+01
   0.1000000E+00   0.2570000E+00   0.4279751E+01   0.1552433E+01   0.3508048E+00   0.1641648E+01
   0.1000000E+00   0.2580000E+00   0.4319311E+01   0.1523428E+01   0.3498048E+00   0.1641448E+01
   0.1000000E+00   0.2590000E+00   0.4258573E+01   0.1558434E+01   0.3646050E+00   0.1636247E+01
   0.1000000E+00   0.2600000E+00   0.4268962E+01   0.1606442E+01   0.3464047E+00   0.1629846E+01
   0.1000000E+00   0.2610000E+00   0.4192441E+01   0.1608042E+01   0.3686051E+00   0.1621044E+01
   0.1000000E+00   0.2620000E+00   0.4196237E+01   0.1584638E+01   0.3706051E+00   0.1648649E+01
   0.1000000E+00   0.2630000E+00   0.4175858E+01   0.1619044E+01   0.3672051E+00   0.1631446E+01
   0.1000000E+00   0.2640000E+00   0.4270161E+01   0.1606042E+01   0.3876054E+00   0.1671253E+01
   0.1000000E+00   0.2650000E+00   0.4205228E+01   0.1616844E+01   0.3764052E+00   0.1635047E+01
   0.1000000E+00   0.2660000E+00   0.4182052E+01   0.1627845E+01   0.3852054E+00   0.1638847E+01
   0.1000000E+00   0.2670000E+00   0.4166667E+01   0.1646849E+01   0.3710051E+00   0.1649649E+01
   0.1000000E+00   0.2680000E+00   0.4236596E+01   0.1602241E+01   0.3854054E+00   0.1649449E+01
   0.1000000E+00   0.2690000E+00   0.4228404E+01   0.1651849E+01   0.3948055E+00   0.1683455E+01
   0.1000000E+00   0.2700000E+00   0.4171862E+01   0.1641448E+01   0.3820053E+00   0.1653450E+01
   0.1000000E+00   0.2710000E+00   0.4197236E+01   0.1666052E+01   0.3990056E+00   0.1644648E+01
   0.1000000E+00   0.2720000E+00   0.4171463E+01   0.1655250E+01   0.3936055E+00   0.1648449E+01
   0.1000000E+00   0.2730000E+00   0.4226806E+01   0.1646248E+01   0.3870054E+00   0.1679054E+01
   0.1000000E+00   0.2740000E+00   0.4168066E+01   0.1659451E+01   0.3996056E+00   0.1668052E+01
   0.1000000E+00   0.2750000E+00   0.4167666E+01   0.1665052E+01   0.4086058E+00   0.1649649E+01
   0.1000000E+00   0.2760000E+00   0.4133302E+01   0.1588839E+01   0.4068057E+00   0.1619244E+01
   0.1000000E+00   0.2770000E+00   0.4177856E+01   0.1659851E+01   0.3910055E+00   0.1634847E+01
   0.1000000E+00   0.2780000E+00   0.4121114E+01   0.1602041E+01   0.3978056E+00   0.1643648E+01
   0.1000000E+00   0.2790000E+00   0.4142093E+01   0.1613643E+01   0.3850054E+00   0.1638247E+01
   0.1000000E+00   0.2800000E+00   0.4224608E+01   0.1660451E+01   0.4162059E+00   0.1684055E+01
   0.1000000E+00   0.2810000E+00   0.4091345E+01   0.1596240E+01   0.4060057E+00   0.1627445E+01
   0.1000000E+00   0.2820000E+00   0.3997438E+01   0.1627845E+01   0.4080057E+00   0.1598841E+01
   0.1000000E+00   0.2830000E+00   0.4193440E+01   0.1589039E+01   0.4072057E+00   0.1632446E+01
   0.1000000E+00   0.2840000E+00   0.4118317E+01   0.1588639E+01   0.4034057E+00   0.1599841E+01
   0.1000000E+00   0.2850000E+00   0.4120914E+01   0.1610443E+01   0.4342062E+00   0.1668052E+01
   0.1000000E+00   0.2860000E+00   0.4150484E+01   0.1566035E+01   0.4254060E+00   0.1671253E+01
   0.1000000E+00   0.2870000E+00   0.4129106E+01   0.1544832E+01   0.4200059E+00   0.1640848E+01
   0.1000000E+00   0.2880000E+00   0.4233799E+01   0.1598641E+01   0.4112058E+00   0.1667252E+01
   0.1000000E+00   0.2890000E+00   0.4191442E+01   0.1558634E+01   0.4292061E+00   0.1652249E+01
   0.1000000E+00   0.2900000E+00   0.4159275E+01   0.1564635E+01   0.4362062E+00   0.1666852E+01
   0.1000000E+00   0.2910000E+00   0.4135699E+01   0.1544832E+01   0.4446064E+00   0.1629046E+01
   0.1000000E+00   0.2920000E+00   0.4174459E+01   0.1525828E+01   0.4374062E+00   0.1651049E+01
   0.1000000E+00   0.2930000E+00   0.4112723E+01   0.1526829E+01   0.4406063E+00   0.1615643E+01
   0.1000000E+00   0.2940000E+00   0.4113922E+01   0.1531429E+01   0.4482064E+00   0.1636247E+01
   0.1000000E+00   0.2950000E+00   0.4118317E+01   0.1512026E+01   0.4430063E+00   0.1630646E+01
   0.1000000E+00   0.2960000E+00   0.4147088E+01   0.1504225E+01   0.4464064E+00   0.1618844E+01
   0.1000000E+00   0.2970000E+00   0.4155879E+01   0.1551233E+01   0.4600066E+00   0.1648849E+01
   0.1000000E+00   0.2980000E+00   0.4167866E+01   0.1506825E+01   0.4700068E+00   0.1635447E+01
   0.1000000E+00   0.2990000E+00   0.4109127E+01   0.1512826E+01   0.4670067E+00   0.1632646E+01
   0.1000000E+00   0.3000000E+00   0.4106529E+01   0.1508826E+01   0.4542065E+00   0.1597040E+01
   0.1000000E+00   0.3010000E+00   0.4030008E+01   0.1527629E+01   0.4608066E+00   0.1637447E+01
   0.1000000E+00   0.3020000E+00   0.4078558E+01   0.1519427E+01   0.4626067E+00   0.1621244E+01
   0.1000000E+00   0.3030000E+00   0.4090146E+01   0.1507425E+01   0.4956072E+00   0.1640848E+01
   0.1000000E+00   0.3040000E+00   0.3987837E+01   0.1505625E+01   0.5000073E+00   0.1631446E+01
   0.1000000E+00   0.3050000E+00   0.4073763E+01   0.1539031E+01   0.4766069E+00   0.1654250E+01
   0.1000000E+00   0.3060000E+00   0.4043594E+01   0.1510826E+01   0.4886071E+00   0.1622244E+01
   0.1000000E+00   0.3070000E+00   0.4064572E+01   0.1515627E+01   0.5020070E+00   0.1663451E+01
   0.1000000E+00   0.3080000E+00   0.4018220E+01   0.1566035E+01   0.5080062E+00   0.1669652E+01
   0.1000000E+00   0.3090000E+00   0.3951431E+01   0.1557434E+01   0.5056065E+00   0.1593240E+01
   0.1000000E+00   0.3100000E+00   0.4037600E+01   0.1523428E+01   0.4896071E+00   0.1645448E+01
   0.1000000E+00   0.3110000E+00   0.3980436E+01   0.1539831E+01   0.5080062E+00   0.1648249E+01
   0.1000000E+00   0.3120000E+00   0.3954431E+01   0.1584238E+01   0.5268037E+00   0.1665452E+01
   0.1000000E+00   0.3130000E+00   0.3881019E+01   0.1610242E+01   0.5370024E+00   0.1648049E+01
   0.1000000E+00   0.3140000E+00   0.3953431E+01   0.1591039E+01   0.5262038E+00   0.1652249E+01
   0.1000000E+00   0.3150000E+00   0.3921026E+01   0.1586839E+01   0.5464011E+00   0.1667652E+01
   0.1000000E+00   0.3160000E+00   0.3868617E+01   0.1572436E+01   0.5346027E+00   0.1650449E+01
   0.1000000E+00   0.3170000E+00   0.3764200E+01   0.1614643E+01   0.5380023E+00   0.1599641E+01
   0.1000000E+00   0.3180000E+00   0.3828810E+01   0.1620644E+01   0.5508006E+00   0.1634447E+01
   0.1000000E+00   0.3190000E+00   0.3765800E+01   0.1622445E+01   0.5278036E+00   0.1600041E+01
   0.1000000E+00   0.3200000E+00   0.3744997E+01   0.1634447E+01   0.5557999E+00   0.1623245E+01
   0.1000000E+00   0.3210000E+00   0.3733795E+01   0.1626445E+01   0.5446014E+00   0.1593240E+01
   0.1000000E+00   0.3220000E+00   0.3723393E+01   0.1631846E+01   0.5625990E+00   0.1631846E+01
   0.1000000E+00   0.3230000E+00   0.3663783E+01   0.1638247E+01   0.5659986E+00   0.1605042E+01
   0.1000000E+00   0.3240000E+00   0.3629777E+01   0.1642248E+01   0.5536002E+00   0.1597640E+01
   0.1000000E+00   0.3250000E+00   0.3606774E+01   0.1623045E+01   0.5773970E+00   0.1625645E+01
   0.1000000E+00   0.3260000E+00   0.3577769E+01   0.1591839E+01   0.5705979E+00   0.1598441E+01
   0.1000000E+00   0.3270000E+00   0.3575168E+01   0.1670252E+01   0.5873957E+00   0.1606642E+01
   0.1000000E+00   0.3280000E+00   0.3567967E+01   0.1670252E+01   0.5573997E+00   0.1567435E+01
   0.1000000E+00   0.3290000E+00   0.3497355E+01   0.1633646E+01   0.5653986E+00   0.1588839E+01
   0.1000000E+00   0.3300000E+00   0.3431945E+01   0.1600041E+01   0.5995941E+00   0.1556834E+01
   0.1000000E+00   0.3310000E+00   0.3418342E+01   0.1657250E+01   0.5857959E+00   0.1575637E+01
   0.1000000E+00   0.3320000E+00   0.3479753E+01   0.1665652E+01   0.5755973E+00   0.1574237E+01
   0.1000000E+00   0.3330000E+00   0.3464750E+01   0.1659251E+01   0.6059933E+00   0.1599841E+01
   0.1000000E+00   0.3340000E+00   0.3457949E+01   0.1607042E+01   0.5669984E+00   0.1543831E+01
   0.1000000E+00   0.3350000E+00   0.3342730E+01   0.1594640E+01   0.6063932E+00   0.1552633E+01
   0.1000000E+00   0.3360000E+00   0.3396539E+01   0.1634046E+01   0.6069931E+00   0.1561834E+01
   0.1000000E+00   0.3370000E+00   0.3285120E+01   0.1603841E+01   0.6055933E+00   0.1556234E+01
   0.1000000E+00   0.3380000E+00   0.3278719E+01   0.1653050E+01   0.6107926E+00   0.1530429E+01
   0.1000000E+00   0.3390000E+00   0.3310724E+01   0.1636247E+01   0.6113926E+00   0.1521828E+01
   0.1000000E+00   0.3400000E+00   0.3243313E+01   0.1621644E+01   0.6035936E+00   0.1517427E+01
   0.1000000E+00   0.3410000E+00   0.3247714E+01   0.1605242E+01   0.6103927E+00   0.1518627E+01
   0.1000000E+00   0.3420000E+00   0.3277719E+01   0.1629046E+01   0.6285903E+00   0.1520428E+01
   0.1000000E+00   0.3430000E+00   0.3209508E+01   0.1582438E+01   0.6371891E+00   0.1534230E+01
   0.1000000E+00   0.3440000E+00   0.3171701E+01   0.1607842E+01   0.6185916E+00   0.1476020E+01
   0.1000000E+00   0.3450000E+00   0.3171101E+01   0.1595840E+01   0.6193915E+00   0.1510226E+01
   0.1000000E+00   0.3460000E+00   0.3116092E+01   0.1585438E+01   0.6341895E+00   0.1490223E+01
   0.1000000E+00   0.3470000E+00   0.3164500E+01   0.1553633E+01   0.6289902E+00   0.1464618E+01
   0.1000000E+00   0.3480000E+00   0.3049281E+01   0.1608242E+01   0.6165919E+00   0.1455017E+01
   0.1000000E+00   0.3490000E+00   0.3123493E+01   0.1578037E+01   0.6353894E+00   0.1497024E+01
   0.1000000E+00   0.3500000E+00   0.3072685E+01   0.1588039E+01   0.6283903E+00   0.1517627E+01
   0.1000000E+00   0.3510000E+00   0.3053282E+01   0.1597640E+01   0.6727844E+00   0.1486222E+01
   0.1000000E+00   0.3520000E+00   0.3064284E+01   0.1585238E+01   0.6521872E+00   0.1487222E+01
   0.1000000E+00   0.3530000E+00   0.2961467E+01   0.1567635E+01   0.6589863E+00   0.1448216E+01
   0.1000000E+00   0.3540000E+00   0.2986871E+01   0.1591039E+01   0.6477877E+00   0.1462218E+01
   0.1000000E+00   0.3550000E+00   0.2945664E+01   0.1610443E+01   0.6643856E+00   0.1475620E+01
   0.1000000E+00   0.3560000E+00   0.2937463E+01   0.1593840E+01   0.6879824E+00   0.1458417E+01
   0.1000000E+00   0.3570000E+00   0.2898256E+01   0.1566835E+01   0.6835830E+00   0.1462618E+01
   0.1000000E+00   0.3580000E+00   0.2883054E+01   0.1549232E+01   0.6787837E+00   0.1451816E+01
   0.1000000E+00   0.3590000E+00   0.2863650E+01   0.1578637E+01   0.6843829E+00   0.1442815E+01
   0.1000000E+00   0.3600000E+00   0.2862250E+01   0.1566835E+01   0.6807834E+00   0.1459417E+01
   0.1000000E+00   0.3610000E+00   0.2826644E+01   0.1571236E+01   0.6929818E+00   0.1477220E+01
   0.1000000E+00   0.3620000E+00   0.2750832E+01   0.1603641E+01   0.7153788E+00   0.1427812E+01
   0.1000000E+00   0.3630000E+00   0.2743230E+01   0.1565835E+01   0.6913820E+00   0.1432213E+01
   0.1000000E+00   0.3640000E+00   0.2712625E+01   0.1594640E+01   0.7075799E+00   0.1411610E+01
   0.1000000E+00   0.3650000E+00   0.2757233E+01   0.1587439E+01   0.7365760E+00   0.1487622E+01
   0.1000000E+00   0.3660000E+00   0.2654416E+01   0.1571836E+01   0.7121792E+00   0.1408809E+01
   0.1000000E+00   0.3670000E+00   0.2655816E+01   0.1607842E+01   0.7331765E+00   0.1450616E+01
   0.1000000E+00   0.3680000E+00   0.2635813E+01   0.1600241E+01   0.7355762E+00   0.1418411E+01
   0.1000000E+00   0.3690000E+00   0.2665817E+01   0.1623845E+01   0.7485744E+00   0.1433413E+01
   0.1000000E+00   0.3700000E+00   0.2566001E+01   0.1597240E+01   0.7301769E+00   0.1418611E+01
   0.1000000E+00   0.3710000E+00   0.2540197E+01   0.1619844E+01   0.7331765E+00   0.1392806E+01
   0.1000000E+00   0.3720000E+00   0.2509192E+01   0.1594840E+01   0.7625726E+00   0.1393407E+01
   0.1000000E+00   0.3730000E+00   0.2518593E+01   0.1609242E+01   0.7433751E+00   0.1418011E+01
   0.1000000E+00   0.3740000E+00   0.2478786E+01   0.1609442E+01   0.7409754E+00   0.1390206E+01
   0.1000000E+00   0.3750000E+00   0.2453182E+01   0.1622445E+01   0.7481745E+00   0.1418411E+01
   0.1000000E+00   0.3760000E+00   0.2441180E+01   0.1583238E+01   0.7517740E+00   0.1376804E+01
   0.1000000E+00   0.3770000E+00   0.2367168E+01   0.1602041E+01   0.7739711E+00   0.1394207E+01
   0.1000000E+00   0.3780000E+00   0.2353366E+01   0.1604842E+01   0.7761708E+00   0.1357401E+01
   0.1000000E+00   0.3790000E+00   0.2322160E+01   0.1594640E+01   0.7443750E+00   0.1352800E+01
   0.1000000E+00   0.3800000E+00   0.2299757E+01   0.1613043E+01   0.7691717E+00   0.1346399E+01
   0.1000000E+00   0.3810000E+00   0.2330762E+01   0.1570836E+01   0.7615727E+00   0.1364402E+01
   0.1000000E+00   0.3820000E+00   0.2226345E+01   0.1586839E+01   0.7899690E+00   0.1351600E+01
   0.1000000E+00   0.3830000E+00   0.2161534E+01   0.1616844E+01   0.8005676E+00   0.1367002E+01
   0.1000000E+00   0.3840000E+00   0.2198940E+01   0.1629246E+01   0.8007675E+00   0.1350999E+01
   0.1000000E+00   0.3850000E+00   0.2094123E+01   0.1617244E+01   0.8097664E+00   0.1336397E+01
   0.1000000E+00   0.3860000E+00   0.2093122E+01   0.1580838E+01   0.8357629E+00   0.1306392E+01
   0.1000000E+00   0.3870000E+00   0.2079920E+01   0.1579037E+01   0.8089665E+00   0.1316194E+01
   0.1000000E+00   0.3880000E+00   0.2083121E+01   0.1610443E+01   0.7783705E+00   0.1319594E+01
   0.1000000E+00   0.3890000E+00   0.1959100E+01   0.1558634E+01   0.8117661E+00   0.1287389E+01
   0.1000000E+00   0.3900000E+00   0.2030312E+01   0.1588839E+01   0.8261642E+00   0.1325395E+01
   0.1000000E+00   0.3910000E+00   0.2002908E+01   0.1626645E+01   0.8061668E+00   0.1330196E+01
   0.1000000E+00   0.3920000E+00   0.1949899E+01   0.1599641E+01   0.8275640E+00   0.1291390E+01
   0.1000000E+00   0.3930000E+00   0.1956900E+01   0.1573636E+01   0.8407623E+00   0.1307792E+01
   0.1000000E+00   0.3940000E+00   0.1975103E+01   0.1576437E+01   0.8549604E+00   0.1319194E+01
   0.1000000E+00   0.3950000E+00   0.1885488E+01   0.1582238E+01   0.8445618E+00   0.1300991E+01
   0.1000000E+00   0.3960000E+00   0.1890889E+01   0.1599041E+01   0.8351630E+00   0.1293790E+01
   0.1000000E+00   0.3970000E+00   0.1881087E+01   0.1595440E+01   0.8365628E+00   0.1296590E+01
   0.1000000E+00   0.3980000E+00   0.1851082E+01   0.1559634E+01   0.8595598E+00   0.1289189E+01
   0.1000000E+00   0.3990000E+00   0.1826278E+01   0.1541631E+01   0.8733580E+00   0.1259184E+01
   0.1000000E+00   0.4000000E+00   0.1790672E+01   0.1577237E+01   0.8595598E+00   0.1272987E+01
   0.1000000E+00   0.4010000E+00   0.1811876E+01   0.1576237E+01   0.8329633E+00   0.1246982E+01
   0.1000000E+00   0.4020000E+00   0.1808475E+01   0.1558034E+01   0.8577600E+00   0.1267586E+01
   0.1000000E+00   0.4030000E+00   0.1750066E+01   0.1554433E+01   0.8627594E+00   0.1232980E+01
   0.1000000E+00   0.4040000E+00   0.1724261E+01   0.1554033E+01   0.8659589E+00   0.1235980E+01
   0.1000000E+00   0.4050000E+00   0.1646649E+01   0.1544432E+01   0.8841565E+00   0.1241381E+01
   0.1000000E+00   0.4060000E+00   0.1655450E+01   0.1564435E+01   0.8831567E+00   0.1243982E+01
   0.1000000E+00   0.4070000E+00   0.1593640E+01   0.1605042E+01   0.8607596E+00   0.1235580E+01
   0.1000000E+00   0.4080000E+00   0.1628446E+01   0.1560234E+01   0.9021541E+00   0.1275387E+01
   0.1000000E+00   0.4090000E+00   0.1548632E+01   0.1544232E+01   0.9057537E+00   0.1228979E+01
   0.1000000E+00   0.4100000E+00   0.1567235E+01   0.1563035E+01   0.9015542E+00   0.1241181E+01
   0.1000000E+00   0.4110000E+00   0.1511026E+01   0.1580238E+01   0.9087533E+00   0.1227179E+01
   0.1000000E+00   0.4120000E+00   0.1521828E+01   0.1559234E+01   0.9131527E+00   0.1238181E+01
   0.1000000E+00   0.4130000E+00   0.1543431E+01   0.1572836E+01   0.9123528E+00   0.1193573E+01
   0.1000000E+00   0.4140000E+00   0.1501624E+01   0.1572436E+01   0.9465483E+00   0.1235380E+01
   0.1000000E+00   0.4150000E+00   0.1450216E+01   0.1566235E+01   0.9005544E+00   0.1200975E+01
   0.1000000E+00   0.4160000E+00   0.1467419E+01   0.1553233E+01   0.9487480E+00   0.1208776E+01
   0.1000000E+00   0.4170000E+00   0.1410609E+01   0.1583638E+01   0.9357497E+00   0.1223778E+01
   0.1000000E+00   0.4180000E+00   0.1416410E+01   0.1528029E+01   0.9703451E+00   0.1217577E+01
   0.1000000E+00   0.4190000E+00   0.1369803E+01   0.1573636E+01   0.9479481E+00   0.1222378E+01
   0.1000000E+00   0.4200000E+00   0.1360601E+01   0.1552433E+01   0.9513476E+00   0.1180771E+01
   0.1000000E+00   0.4210000E+00   0.1385805E+01   0.1550833E+01   0.9357497E+00   0.1182772E+01
   0.1000000E+00   0.4220000E+00   0.1328796E+01   0.1551033E+01   0.9629461E+00   0.1187572E+01
   0.1000000E+00   0.4230000E+00   0.1305392E+01   0.1567035E+01   0.9541473E+00   0.1212777E+01
   0.1000000E+00   0.4240000E+00   0.1265985E+01   0.1565035E+01   0.9637460E+00   0.1188573E+01
   0.1000000E+00   0.4250000E+00   0.1225979E+01   0.1598240E+01   0.9733447E+00   0.1166969E+01
   0.1000000E+00   0.4260000E+00   0.1221578E+01   0.1539231E+01   0.9839433E+00   0.1186172E+01
   0.1000000E+00   0.4270000E+00   0.1191573E+01   0.1527629E+01   0.9853432E+00   0.1142165E+01
   0.1000000E+00   0.4280000E+00   0.1155367E+01   0.1558234E+01   0.1009943E+01   0.1157367E+01
   0.1000000E+00   0.4290000E+00   0.1157567E+01   0.1563635E+01   0.1001942E+01   0.1159168E+01
   0.1000000E+00   0.4300000E+00   0.1154367E+01   0.1547232E+01   0.9991413E+00   0.1180171E+01
   0.1000000E+00   0.4310000E+00   0.1131963E+01   0.1561234E+01   0.1014344E+01   0.1194373E+01
   0.1000000E+00   0.4320000E+00   0.1095757E+01   0.1557634E+01   0.1005342E+01   0.1177971E+01
   0.1000000E+00   0.4330000E+00   0.1120561E+01   0.1563235E+01   0.1015344E+01   0.1178171E+01
   0.1000000E+00   0.4340000E+00   0.1103758E+01   0.1530829E+01   0.1018144E+01   0.1189173E+01
   0.1000000E+00   0.4350000E+00   0.1051350E+01   0.1523428E+01   0.1021345E+01   0.1173170E+01
   0.1000000E+00   0.4360000E+00   0.1003942E+01   0.1554233E+01   0.1028946E+01   0.1172570E+01
   0.1000000E+00   0.4370000E+00   0.1046749E+01   0.1496424E+01   0.1035547E+01   0.1156967E+01
   0.1000000E+00   0.4380000E+00   0.9763443E+00   0.1560434E+01   0.1036347E+01   0.1148966E+01
   0.1000000E+00   0.4390000E+00   0.9955418E+00   0.1537630E+01   0.1043148E+01   0.1168169E+01
   0.1000000E+00   0.4400000E+00   0.9843433E+00   0.1513026E+01   0.1058151E+01   0.1163168E+01
   0.1000000E+00   0.4410000E+00   0.9595466E+00   0.1520028E+01   0.1054150E+01   0.1161168E+01
   0.1000000E+00   0.4420000E+00   0.9705451E+00   0.1518427E+01   0.1028346E+01   0.1141565E+01
   0.1000000E+00   0.4430000E+00   0.9395492E+00   0.1552233E+01   0.1087356E+01   0.1158968E+01
   0.1000000E+00   0.4440000E+00   0.9307504E+00   0.1525828E+01   0.1090556E+01   0.1161168E+01
   0.1000000E+00   0.4450000E+00   0.8909556E+00   0.1508626E+01   0.1080155E+01   0.1152567E+01
   0.1000000E+00   0.4460000E+00   0.8621594E+00   0.1483221E+01   0.1093357E+01   0.1127562E+01
   0.1000000E+00   0.4470000E+00   0.8463615E+00   0.1537630E+01   0.1093157E+01   0.1143765E+01
   0.1000000E+00   0.4480000E+00   0.8073667E+00   0.1505625E+01   0.1114360E+01   0.1131963E+01
   0.1000000E+00   0.4490000E+00   0.8173653E+00   0.1480021E+01   0.1087956E+01   0.1114160E+01
   0.1000000E+00   0.4500000E+00   0.7939684E+00   0.1503625E+01   0.1092557E+01   0.1127362E+01
   0.1000000E+00   0.4510000E+00   0.7803702E+00   0.1484622E+01   0.1107959E+01   0.1130963E+01
   0.1000000E+00   0.4520000E+00   0.7385758E+00   0.1476820E+01   0.1113560E+01   0.1101358E+01
   0.1000000E+00   0.4530000E+00   0.7553735E+00   0.1500024E+01   0.1161368E+01   0.1141965E+01
   0.1000000E+00   0.4540000E+00   0.7483745E+00   0.1481821E+01   0.1120161E+01   0.1139164E+01
   0.1000000E+00   0.4550000E+00   0.7245776E+00   0.1519827E+01   0.1152767E+01   0.1140365E+01
   0.1000000E+00   0.4560000E+00   0.7171786E+00   0.1496824E+01   0.1128963E+01   0.1126562E+01
   0.1000000E+00   0.4570000E+00   0.7019806E+00   0.1473020E+01   0.1156167E+01   0.1126562E+01
   0.1000000E+00   0.4580000E+00   0.6977811E+00   0.1504225E+01   0.1154167E+01   0.1127562E+01
   0.1000000E+00   0.4590000E+00   0.7063800E+00   0.1490423E+01   0.1144765E+01   0.1120361E+01
   0.1000000E+00   0.4600000E+00   0.7017806E+00   0.1476020E+01   0.1163768E+01   0.1121361E+01
   0.1000000E+00   0.4610000E+00   0.6559867E+00   0.1469219E+01   0.1185572E+01   0.1121761E+01
   0.1000000E+00   0.4620000E+00   0.6161919E+00   0.1486822E+01   0.1177971E+01   0.1127762E+01
   0.1000000E+00   0.4630000E+00   0.6191915E+00   0.1479021E+01   0.1172770E+01   0.1103358E+01
   0.1000000E+00   0.4640000E+00   0.5919951E+00   0.1500224E+01   0.1148766E+01   0.1101558E+01
   0.1000000E+00   0.4650000E+00   0.6021938E+00   0.1503625E+01   0.1178371E+01   0.1129963E+01
   0.1000000E+00   0.4660000E+00   0.5975944E+00   0.1500424E+01   0.1188773E+01   0.1109159E+01
   0.1000000E+00   0.4670000E+00   0.5899954E+00   0.1441214E+01   0.1186372E+01   0.1106359E+01
   0.1000000E+00   0.4680000E+00   0.5492008E+00   0.1500424E+01   0.1209176E+01   0.1098558E+01
   0.1000000E+00   0.4690000E+00   0.5811965E+00   0.1474420E+01   0.1200575E+01   0.1111360E+01
   0.1000000E+00   0.4700000E+00   0.5186048E+00   0.1485222E+01   0.1211376E+01   0.1133363E+01
   0.1000000E+00   0.4710000E+00   0.5200046E+00   0.1503625E+01   0.1220778E+01   0.1118761E+01
   0.1000000E+00   0.4720000E+00   0.5016071E+00   0.1474020E+01   0.1226979E+01   0.1093357E+01
   0.1000000E+00   0.4730000E+00   0.5220044E+00   0.1465418E+01   0.1204775E+01   0.1089556E+01
   0.1000000E+00   0.4740000E+00   0.5158052E+00   0.1448216E+01   0.1234580E+01   0.1096557E+01
   0.1000000E+00   0.4750000E+00   0.5006072E+00   0.1442815E+01   0.1245182E+01   0.1116161E+01
   0.1000000E+00   0.4760000E+00   0.4652067E+00   0.1450216E+01   0.1232580E+01   0.1089956E+01
   0.1000000E+00   0.4770000E+00   0.4808070E+00   0.1438414E+01   0.1248783E+01   0.1088756E+01
   0.1000000E+00   0.4780000E+00   0.4570066E+00   0.1445815E+01   0.1256784E+01   0.1097557E+01
   0.1000000E+00   0.4790000E+00   0.4618067E+00   0.1453817E+01   0.1249183E+01   0.1085355E+01
   0.1000000E+00   0.4800000E+00   0.4406063E+00   0.1447015E+01   0.1278387E+01   0.1112960E+01
   0.1000000E+00   0.4810000E+00   0.4236060E+00   0.1433213E+01   0.1272786E+01   0.1079354E+01
   0.1000000E+00   0.4820000E+00   0.4160059E+00   0.1441615E+01   0.1271186E+01   0.1098758E+01
   0.1000000E+00   0.4830000E+00   0.4040057E+00   0.1430213E+01   0.1283188E+01   0.1103358E+01
   0.1000000E+00   0.4840000E+00   0.4062057E+00   0.1422611E+01   0.1282388E+01   0.1097157E+01
   0.1000000E+00   0.4850000E+00   0.4024056E+00   0.1434013E+01   0.1278988E+01   0.1083755E+01
   0.1000000E+00   0.4860000E+00   0.3676051E+00   0.1459818E+01   0.1288589E+01   0.1098358E+01
   0.1000000E+00   0.4870000E+00   0.3796053E+00   0.1400208E+01   0.1287189E+01   0.1084555E+01
   0.1000000E+00   0.4880000E+00   0.3470047E+00   0.1414810E+01   0.1316794E+01   0.1097557E+01
   0.1000000E+00   0.4890000E+00   0.3602049E+00   0.1402608E+01   0.1297191E+01   0.1084155E+01
   0.1000000E+00   0.4900000E+00   0.3270044E+00   0.1413410E+01   0.1300591E+01   0.1090756E+01
   0.1000000E+00   0.4910000E+00   0.3320045E+00   0.1413010E+01   0.1305792E+01   0.1106159E+01
   0.1000000E+00   0.4920000E+00   0.3394046E+00   0.1412810E+01   0.1334797E+01   0.1105959E+01
   0.1000000E+00   0.4930000E+00   0.3192042E+00   0.1399608E+01   0.1319594E+01   0.1073553E+01
   0.1000000E+00   0.4940000E+00   0.3184042E+00   0.1420211E+01   0.1337597E+01   0.1094557E+01
   0.1000000E+00   0.4950000E+00   0.3164042E+00   0.1438214E+01   0.1367202E+01   0.1121561E+01
   0.1000000E+00   0.4960000E+00   0.3120041E+00   0.1401808E+01   0.1342198E+01   0.1102158E+01
   0.1000000E+00   0.4970000E+00   0.2788036E+00   0.1390806E+01   0.1358801E+01   0.1072553E+01
   0.1000000E+00   0.4980000E+00   0.2828036E+00   0.1422611E+01   0.1376204E+01   0.1091356E+01
   0.1000000E+00   0.4990000E+00   0.2656033E+00   0.1367802E+01   0.1352800E+01   0.1090156E+01
   0.1000000E+00   0.5000000E+00   0.2690034E+00   0.1438414E+01   0.1370403E+01   0.1112960E+01
   0.1000000E+00   0.5010000E+00   0.2650033E+00   0.1376604E+01   0.1369002E+01   0.1090956E+01
   0.1000000E+00   0.5020000E+00   0.2656033E+00   0.1384805E+01   0.1374603E+01   0.1080355E+01
   0.1000000E+00   0.5030000E+00   0.2666034E+00   0.1404808E+01   0.1384005E+01   0.1091956E+01
   0.1000000E+00   0.5039999E+00   0.2470030E+00   0.1395407E+01   0.1395407E+01   0.1115760E+01
   0.1000000E+00   0.5049999E+00   0.2474030E+00   0.1391406E+01   0.1421411E+01   0.1138364E+01
   0.1000000E+00   0.5060000E+00   0.2372029E+00   0.1352400E+01   0.1373203E+01   0.1093157E+01
   0.1000000E+00   0.5070000E+00   0.2188026E+00   0.1375604E+01   0.1420011E+01   0.1116161E+01
   0.1000000E+00   0.5080000E+00   0.2300027E+00   0.1374003E+01   0.1412410E+01   0.1110560E+01
   0.1000000E+00   0.5089999E+00   0.2176025E+00   0.1364402E+01   0.1413610E+01   0.1097757E+01
   0.1000000E+00   0.5100000E+00   0.2102024E+00   0.1354600E+01   0.1418611E+01   0.1095557E+01
   0.1000000E+00   0.5110000E+00   0.1838020E+00   0.1354200E+01   0.1434213E+01   0.1111560E+01
   0.1000000E+00   0.5120000E+00   0.1990022E+00   0.1376004E+01   0.1466619E+01   0.1127162E+01
   0.1000000E+00   0.5130000E+00   0.2040023E+00   0.1366002E+01   0.1430013E+01   0.1090956E+01
   0.1000000E+00   0.5139999E+00   0.1860020E+00   0.1352000E+01   0.1449416E+01   0.1103758E+01
   0.1000000E+00   0.5150000E+00   0.1730018E+00   0.1324395E+01   0.1434613E+01   0.1085155E+01
   0.1000000E+00   0.5160000E+00   0.1754018E+00   0.1321795E+01   0.1449216E+01   0.1112960E+01
   0.1000000E+00   0.5170000E+00   0.1788019E+00   0.1321995E+01   0.1433413E+01   0.1073153E+01
   0.1000000E+00   0.5179999E+00   0.1736018E+00   0.1342598E+01   0.1427012E+01   0.1092957E+01
   0.1000000E+00   0.5190000E+00   0.1694017E+00   0.1323995E+01   0.1438414E+01   0.1089356E+01
   0.1000000E+00   0.5200000E+00   0.1644016E+00   0.1329196E+01   0.1449416E+01   0.1100358E+01
   0.1000000E+00   0.5210000E+00   0.1438013E+00   0.1335197E+01   0.1473220E+01   0.1114760E+01
   0.1000000E+00   0.5220000E+00   0.1534014E+00   0.1299391E+01   0.1488622E+01   0.1106159E+01
   0.1000000E+00   0.5229999E+00   0.1452013E+00   0.1299391E+01   0.1494823E+01   0.1112160E+01
   0.1000000E+00   0.5240000E+00   0.1284010E+00   0.1303192E+01   0.1509626E+01   0.1100558E+01
   0.1000000E+00   0.5250000E+00   0.1398012E+00   0.1306992E+01   0.1504825E+01   0.1110160E+01
   0.1000000E+00   0.5260000E+00   0.1366012E+00   0.1325195E+01   0.1508026E+01   0.1111160E+01
   0.1000000E+00   0.5270000E+00   0.1272010E+00   0.1306392E+01   0.1522228E+01   0.1100958E+01
   0.1000000E+00   0.5279999E+00   0.1238009E+00   0.1309393E+01   0.1516627E+01   0.1102358E+01
   0.1000000E+00   0.5290000E+00   0.1186009E+00   0.1300391E+01   0.1525628E+01   0.1110960E+01
   0.1000000E+00   0.5300000E+00   0.1224009E+00   0.1315794E+01   0.1494023E+01   0.1116761E+01
   0.1000000E+00   0.5310000E+00   0.1150008E+00   0.1294390E+01   0.1532830E+01   0.1116961E+01
   0.1000000E+00   0.5319999E+00   0.1198009E+00   0.1290789E+01   0.1524628E+01   0.1125162E+01
   0.1000000E+00   0.5330000E+00   0.1204009E+00   0.1294990E+01   0.1533830E+01   0.1114760E+01
   0.1000000E+00   0.5340000E+00   0.1150008E+00   0.1289989E+01   0.1552633E+01   0.1117561E+01
   0.1000000E+00   0.5350000E+00   0.1136008E+00   0.1261785E+01   0.1556834E+01   0.1132963E+01
   0.1000000E+00   0.5360000E+00   0.1176008E+00   0.1295790E+01   0.1539031E+01   0.1118561E+01
   0.1000000E+00   0.5369999E+00   0.1008006E+00   0.1269186E+01   0.1566035E+01   0.1109759E+01
   0.1000000E+00   0.5380000E+00   0.9720050E-01   0.1260384E+01   0.1586639E+01   0.1121361E+01
   0.1000000E+00   0.5390000E+00   0.9420045E-01   0.1274387E+01   0.1565635E+01   0.1131363E+01
   0.1000000E+00   0.5400000E+00   0.8460028E-01   0.1255984E+01   0.1594840E+01   0.1134764E+01
   0.1000000E+00   0.5409999E+00   0.8980037E-01   0.1247582E+01   0.1577437E+01   0.1131363E+01
   0.1000000E+00   0.5419999E+00   0.8660032E-01   0.1236781E+01   0.1603641E+01   0.1130963E+01
   0.1000000E+00   0.5430000E+00   0.9360044E-01   0.1263785E+01   0.1653050E+01   0.1170169E+01
   0.1000000E+00   0.5440000E+00   0.8480029E-01   0.1239781E+01   0.1588639E+01   0.1120161E+01
   0.1000000E+00   0.5450000E+00   0.7420011E-01   0.1221378E+01   0.1605642E+01   0.1108759E+01
   0.1000000E+00   0.5459999E+00   0.8060022E-01   0.1232580E+01   0.1610643E+01   0.1126162E+01
   0.1000000E+00   0.5470000E+00   0.6920002E-01   0.1223578E+01   0.1610042E+01   0.1115160E+01
   0.1000000E+00   0.5480000E+00   0.6539996E-01   0.1256584E+01   0.1630646E+01   0.1150366E+01
   0.1000000E+00   0.5490000E+00   0.6739999E-01   0.1228179E+01   0.1629446E+01   0.1148966E+01
   0.1000000E+00   0.5500000E+00   0.6059992E-01   0.1222378E+01   0.1640447E+01   0.1153167E+01
   0.1000000E+00   0.5509999E+00   0.5559992E-01   0.1201575E+01   0.1653250E+01   0.1126962E+01
   0.1000000E+00   0.5520000E+00   0.6019992E-01   0.1231780E+01   0.1642848E+01   0.1135964E+01
   0.1000000E+00   0.5530000E+00   0.5699992E-01   0.1195174E+01   0.1647849E+01   0.1140965E+01
   0.1000000E+00   0.5540000E+00   0.6179991E-01   0.1217777E+01   0.1663251E+01   0.1147366E+01
   0.1000000E+00   0.5549999E+00   0.5599992E-01   0.1196774E+01   0.1656450E+01   0.1148166E+01
   0.1000000E+00   0.5559999E+00   0.5939992E-01   0.1237581E+01   0.1646248E+01   0.1140365E+01
   0.1000000E+00   0.5570000E+00   0.5139993E-01   0.1187572E+01   0.1699457E+01   0.1158568E+01
   0.1000000E+00   0.5580000E+00   0.4739994E-01   0.1195174E+01   0.1669452E+01   0.1150566E+01
   0.1000000E+00   0.5590000E+00   0.4359994E-01   0.1196174E+01   0.1704858E+01   0.1146766E+01
   0.1000000E+00   0.5599999E+00   0.4119995E-01   0.1192973E+01   0.1699457E+01   0.1168169E+01
   0.1000000E+00   0.5610000E+00   0.4679994E-01   0.1200174E+01   0.1673253E+01   0.1147366E+01
   0.1000000E+00   0.5620000E+00   0.4359994E-01   0.1192573E+01   0.1716860E+01   0.1187172E+01
   0.1000000E+00   0.5630000E+00   0.4499994E-01   0.1177371E+01   0.1681854E+01   0.1144765E+01
   0.1000000E+00   0.5640000E+00   0.4059995E-01   0.1152567E+01   0.1697257E+01   0.1124762E+01
   0.1000000E+00   0.5649999E+00   0.4119995E-01   0.1162568E+01   0.1736063E+01   0.1173770E+01
   0.1000000E+00   0.5660000E+00   0.3179996E-01   0.1179571E+01   0.1693256E+01   0.1161968E+01
   0.1000000E+00   0.5670000E+00   0.3939995E-01   0.1139364E+01   0.1705058E+01   0.1137964E+01
   0.1000000E+00   0.5680000E+00   0.3899995E-01   0.1143365E+01   0.1725062E+01   0.1156167E+01
   0.1000000E+00   0.5689999E+00   0.2979997E-01   0.1144765E+01   0.1740464E+01   0.1173770E+01
   0.1000000E+00   0.5699999E+00   0.3059996E-01   0.1182772E+01   0.1724061E+01   0.1178571E+01
   0.1000000E+00   0.5710000E+00   0.3839995E-01   0.1135764E+01   0.1772669E+01   0.1191173E+01
   0.1000000E+00   0.5720000E+00   0.2999997E-01   0.1138564E+01   0.1752866E+01   0.1168369E+01
   0.1000000E+00   0.5730000E+00   0.3199996E-01   0.1124762E+01   0.1801674E+01   0.1206175E+01
   0.1000000E+00   0.5739999E+00   0.2799997E-01   0.1134964E+01   0.1751266E+01   0.1150966E+01
   0.1000000E+00   0.5750000E+00   0.2659997E-01   0.1123762E+01   0.1755867E+01   0.1161568E+01
   0.1000000E+00   0.5760000E+00   0.2859997E-01   0.1111760E+01   0.1774870E+01   0.1183572E+01
   0.1000000E+00   0.5770000E+00   0.2399998E-01   0.1104959E+01   0.1813676E+01   0.1168369E+01
   0.1000000E+00   0.5779999E+00   0.2919997E-01   0.1126162E+01   0.1778670E+01   0.1184972E+01
   0.1000000E+00   0.5789999E+00   0.2039998E-01   0.1139564E+01   0.1792273E+01   0.1215177E+01
   0.1000000E+00   0.5800000E+00   0.1879998E-01   0.1088956E+01   0.1794873E+01   0.1167169E+01
   0.1000000E+00   0.5810000E+00   0.2179998E-01   0.1104359E+01   0.1812076E+01   0.1209376E+01
   0.1000000E+00   0.5820000E+00   0.2319998E-01   0.1102958E+01   0.1804275E+01   0.1190973E+01
   0.1000000E+00   0.5829999E+00   0.2079998E-01   0.1110960E+01   0.1835080E+01   0.1186572E+01
   0.1000000E+00   0.5839999E+00   0.1859999E-01   0.1088356E+01   0.1787472E+01   0.1175970E+01
   0.1000000E+00   0.5850000E+00   0.2019998E-01   0.1111960E+01   0.1867885E+01   0.1215977E+01
   0.1000000E+00   0.5860000E+00   0.2159998E-01   0.1096957E+01   0.1853883E+01   0.1207376E+01
   0.1000000E+00   0.5870000E+00   0.1599999E-01   0.1083355E+01   0.1860284E+01   0.1210376E+01
   0.1000000E+00   0.5879999E+00   0.2579997E-01   0.1070353E+01   0.1847682E+01   0.1191373E+01
   0.1000000E+00   0.5890000E+00   0.1419999E-01   0.1079554E+01   0.1825878E+01   0.1193573E+01
   0.1000000E+00   0.5900000E+00   0.1539999E-01   0.1079554E+01   0.1803875E+01   0.1173770E+01
   0.1000000E+00   0.5910000E+00   0.1419999E-01   0.1037748E+01   0.1845682E+01   0.1191973E+01
   0.1000000E+00   0.5919999E+00   0.1539999E-01   0.1048549E+01   0.1852483E+01   0.1193973E+01
   0.1000000E+00   0.5929999E+00   0.1839999E-01   0.1067152E+01   0.1878687E+01   0.1211376E+01
   0.1000000E+00   0.5940000E+00   0.1200000E-01   0.1027746E+01   0.1882888E+01   0.1210376E+01
   0.1000000E+00   0.5950000E+00   0.9800000E-02   0.1040748E+01   0.1869085E+01   0.1183372E+01
   0.1000000E+00   0.5960000E+00   0.1519999E-01   0.1042748E+01   0.1844081E+01   0.1200174E+01
   0.1000000E+00   0.5969999E+00   0.1100000E-01   0.1022145E+01   0.1926495E+01   0.1229379E+01
   0.1000000E+00   0.5979999E+00   0.9400001E-02   0.1036947E+01   0.1906092E+01   0.1239781E+01
   0.1000000E+00   0.5990000E+00   0.1080000E-01   0.1015144E+01   0.1894490E+01   0.1219778E+01
   0.1000000E+00   0.6000000E+00   0.1379999E-01   0.1017544E+01   0.1882088E+01   0.1208576E+01
   0.1000000E+00   0.6010000E+00   0.1040000E-01   0.1008743E+01   0.1912693E+01   0.1197374E+01
   0.1000000E+00   0.6019999E+00   0.1040000E-01   0.1046949E+01   0.1916493E+01   0.1234780E+01
   0.1000000E+00   0.6030000E+00   0.1120000E-01   0.1000941E+01   0.1916693E+01   0.1205975E+01
   0.1000000E+00   0.6040000E+00   0.8600002E-02   0.9897426E+00   0.1944298E+01   0.1214577E+01
   0.1000000E+00   0.6050000E+00   0.9000001E-02   0.1009343E+01   0.1863485E+01   0.1176771E+01
   0.1000000E+00   0.6059999E+00   0.9000001E-02   0.1010743E+01   0.1916693E+01   0.1200374E+01
   0.1000000E+00   0.6069999E+00   0.6800003E-02   0.1000141E+01   0.1930496E+01   0.1195574E+01
   0.1000000E+00   0.6080000E+00   0.3000000E-02   0.9929422E+00   0.1930496E+01   0.1204375E+01
   0.1000000E+00   0.6090000E+00   0.1060000E-01   0.9741446E+00   0.1927295E+01   0.1208776E+01
   0.1000000E+00   0.6100000E+00   0.4200001E-02   0.9745446E+00   0.1943898E+01   0.1220178E+01
   0.1000000E+00   0.6109999E+00   0.7000003E-02   0.9981415E+00   0.1984905E+01   0.1261185E+01
   0.1000000E+00   0.6119999E+00   0.6600003E-02   0.9707451E+00   0.1966502E+01   0.1231180E+01
   0.1000000E+00   0.6130000E+00   0.7200003E-02   0.9547472E+00   0.1961101E+01   0.1225979E+01
   0.1000000E+00   0.6140000E+00   0.5200002E-02   0.9723449E+00   0.1973503E+01   0.1228979E+01
   0.1000000E+00   0.6149999E+00   0.7400003E-02   0.9421489E+00   0.1999707E+01   0.1210976E+01
   0.1000000E+00   0.6159999E+00   0.9200001E-02   0.9313503E+00   0.1974103E+01   0.1214377E+01
   0.1000000E+00   0.6170000E+00   0.4000001E-02   0.9527475E+00   0.1974703E+01   0.1225979E+01
   0.1000000E+00   0.6180000E+00   0.4600001E-02   0.9577468E+00   0.2009109E+01   0.1264985E+01
   0.1000000E+00   0.6190000E+00   0.4200001E-02   0.9427488E+00   0.2015910E+01   0.1243382E+01
   0.1000000E+00   0.6199999E+00   0.3200001E-02   0.9221515E+00   0.1977703E+01   0.1215577E+01
   0.1000000E+00   0.6209999E+00   0.5800002E-02   0.9201518E+00   0.1969302E+01   0.1201575E+01
   0.1000000E+00   0.6220000E+00   0.5800002E-02   0.9489480E+00   0.1989505E+01   0.1227779E+01
   0.1000000E+00   0.6230000E+00   0.3400001E-02   0.9121528E+00   0.1978304E+01   0.1213577E+01
   0.1000000E+00   0.6240000E+00   0.3000000E-02   0.9073535E+00   0.1983104E+01   0.1224779E+01
   0.1000000E+00   0.6249999E+00   0.2400000E-02   0.9177521E+00   0.2050115E+01   0.1258184E+01
   0.1000000E+00   0.6259999E+00   0.3400001E-02   0.9123528E+00   0.2011509E+01   0.1247182E+01
   0.1000000E+00   0.6270000E+00   0.4400001E-02   0.9065536E+00   0.2031112E+01   0.1249383E+01
   0.1000000E+00   0.6280000E+00   0.2000000E-02   0.8873561E+00   0.2004308E+01   0.1233380E+01
   0.1000000E+00   0.6289999E+00   0.2800000E-02   0.8985546E+00   0.2041914E+01   0.1232180E+01
   0.1000000E+00   0.6299999E+00   0.5000002E-02   0.9041539E+00   0.2025711E+01   0.1253783E+01
   0.1000000E+00   0.6310000E+00   0.2200000E-02   0.9041539E+00   0.2026511E+01   0.1226579E+01
   0.1000000E+00   0.6320000E+00   0.8000000E-03   0.8655590E+00   0.2064718E+01   0.1250783E+01
   0.1000000E+00   0.6330000E+00   0.2000000E-02   0.8751577E+00   0.2023911E+01   0.1233780E+01
   0.1000000E+00   0.6339999E+00   0.3000000E-02   0.8905557E+00   0.2045315E+01   0.1259984E+01
   0.1000000E+00   0.6349999E+00   0.2200000E-02   0.8631593E+00   0.2056116E+01   0.1258784E+01
   0.1000000E+00   0.6360000E+00   0.2200000E-02   0.8629593E+00   0.2060717E+01   0.1250583E+01
   0.1000000E+00   0.6370000E+00   0.1800000E-02   0.8585599E+00   0.2079720E+01   0.1253783E+01
   0.1000000E+00   0.6380000E+00   0.1400000E-02   0.8415622E+00   0.2039714E+01   0.1222178E+01
   0.1000000E+00   0.6389999E+00   0.1000000E-02   0.8571601E+00   0.2068718E+01   0.1234580E+01
   0.1000000E+00   0.6399999E+00   0.2000000E-02   0.8381626E+00   0.2092922E+01   0.1254984E+01
   0.1000000E+00   0.6410000E+00   0.2200000E-02   0.8391625E+00   0.2082921E+01   0.1241781E+01
   0.1000000E+00   0.6420000E+00   0.1200000E-02   0.8341631E+00   0.2070519E+01   0.1252983E+01
   0.1000000E+00   0.6429999E+00   0.1200000E-02   0.8293638E+00   0.2090322E+01   0.1249183E+01
   0.1000000E+00   0.6439999E+00   0.1800000E-02   0.8259642E+00   0.2086921E+01   0.1268186E+01
   0.1000000E+00   0.6450000E+00   0.1000000E-02   0.8303636E+00   0.2070519E+01   0.1234780E+01
   0.1000000E+00   0.6460000E+00   0.2400000E-02   0.8039671E+00   0.2110525E+01   0.1258984E+01
   0.1000000E+00   0.6470000E+00   0.1600000E-02   0.8385625E+00   0.2090122E+01   0.1288389E+01
   0.1000000E+00   0.6479999E+00   0.8000000E-03   0.8149657E+00   0.2108325E+01   0.1251583E+01
   0.1000000E+00   0.6489999E+00   0.1400000E-02   0.8007675E+00   0.2104924E+01   0.1264385E+01
   0.1000000E+00   0.6500000E+00   0.4000000E-03   0.8013675E+00   0.2126328E+01   0.1279188E+01
   0.1000000E+00   0.6510000E+00   0.8000000E-03   0.7841697E+00   0.2093723E+01   0.1264385E+01
   0.1000000E+00   0.6520000E+00   0.1600000E-02   0.7793704E+00   0.2137730E+01   0.1254183E+01
   0.1000000E+00   0.6529999E+00   0.6000000E-03   0.7887691E+00   0.2094723E+01   0.1240981E+01
   0.1000000E+00   0.6540000E+00   0.6000000E-03   0.8035672E+00   0.2152332E+01   0.1278387E+01
   0.1000000E+00   0.6550000E+00   0.4000000E-03   0.7487744E+00   0.2097523E+01   0.1229779E+01
   0.1000000E+00   0.6560000E+00   0.2000000E-03   0.7583731E+00   0.2107125E+01   0.1248582E+01
   0.1000000E+00   0.6569999E+00   0.2000000E-03   0.7587731E+00   0.2109925E+01   0.1218177E+01
   0.1000000E+00   0.6579999E+00   0.8000000E-03   0.7291770E+00   0.2145531E+01   0.1253583E+01
   0.1000000E+00   0.6590000E+00   0.6000000E-03   0.7513741E+00   0.2150732E+01   0.1291790E+01
   0.1000000E+00   0.6600000E+00   0.1000000E-02   0.7589731E+00   0.2151732E+01   0.1273987E+01
   0.1000000E+00   0.6610000E+00   0.0000000E+00   0.7475746E+00   0.2120527E+01   0.1234980E+01
   0.1000000E+00   0.6619999E+00   0.4000000E-03   0.7723713E+00   0.2120927E+01   0.1259184E+01
   0.1000000E+00   0.6629999E+00   0.0000000E+00   0.7339764E+00   0.2177937E+01   0.1273387E+01
   0.1000000E+00   0.6640000E+00   0.0000000E+00   0.7199782E+00   0.2139530E+01   0.1254984E+01
   0.1000000E+00   0.6650000E+00   0.6000000E-03   0.7189783E+00   0.2127328E+01   0.1260985E+01
   0.1000000E+00   0.6659999E+00   0.2000000E-03   0.7157788E+00   0.2170735E+01   0.1261385E+01
   0.1000000E+00   0.6669999E+00   0.0000000E+00   0.7175785E+00   0.2148932E+01   0.1246982E+01
   0.1000000E+00   0.6680000E+00   0.4000000E-03   0.7337764E+00   0.2156533E+01   0.1263585E+01
   0.1000000E+00   0.6690000E+00   0.0000000E+00   0.7053801E+00   0.2181137E+01   0.1258984E+01
   0.1000000E+00   0.6700000E+00   0.0000000E+00   0.6991810E+00   0.2191939E+01   0.1270386E+01
   0.1000000E+00   0.6709999E+00   0.4000000E-03   0.6921819E+00   0.2187738E+01   0.1268786E+01
   0.1000000E+00   0.6719999E+00   0.2000000E-03   0.7157788E+00   0.2207741E+01   0.1272987E+01
   0.1000000E+00   0.6730000E+00   0.0000000E+00   0.7091796E+00   0.2175536E+01   0.1274587E+01
   0.1000000E+00   0.6740000E+00   0.0000000E+00   0.6951815E+00   0.2196540E+01   0.1292790E+01
   0.1000000E+00   0.6750000E+00   0.0000000E+00   0.6895822E+00   0.2240347E+01   0.1287189E+01
   0.1000000E+00   0.6759999E+00   0.0000000E+00   0.6753841E+00   0.2210542E+01   0.1274787E+01
   0.1000000E+00   0.6769999E+00   0.0000000E+00   0.6835830E+00   0.2169735E+01   0.1252183E+01
   0.1000000E+00   0.6780000E+00   0.0000000E+00   0.6805834E+00   0.2152132E+01   0.1241181E+01
   0.1000000E+00   0.6790000E+00   0.0000000E+00   0.6581864E+00   0.2179137E+01   0.1242381E+01
   0.1000000E+00   0.6799999E+00   0.0000000E+00   0.6671852E+00   0.2206141E+01   0.1261585E+01
   0.1000000E+00   0.6809999E+00   0.0000000E+00   0.6483877E+00   0.2216943E+01   0.1279588E+01
   0.1000000E+00   0.6820000E+00   0.0000000E+00   0.6451881E+00   0.2237346E+01   0.1284989E+01
   0.1000000E+00   0.6830000E+00   0.0000000E+00   0.6417885E+00   0.2217943E+01   0.1245782E+01
   0.1000000E+00   0.6840000E+00   0.0000000E+00   0.6297901E+00   0.2203741E+01   0.1262585E+01
   0.1000000E+00   0.6849999E+00   0.0000000E+00   0.6141922E+00   0.2228145E+01   0.1258784E+01
   0.1000000E+00   0.6859999E+00   0.2000000E-03   0.6313899E+00   0.2207141E+01   0.1252183E+01
   0.1000000E+00   0.6870000E+00   0.0000000E+00   0.6281903E+00   0.2221344E+01   0.1261385E+01
   0.1000000E+00   0.6880000E+00   0.4000000E-03   0.6359893E+00   0.2201140E+01   0.1258784E+01
   0.1000000E+00   0.6890000E+00   0.0000000E+00   0.6099927E+00   0.2226345E+01   0.1279188E+01
   0.1000000E+00   0.6899999E+00   0.0000000E+00   0.6201914E+00   0.2210342E+01   0.1260384E+01
   0.1000000E+00   0.6909999E+00   0.0000000E+00   0.6135923E+00   0.2232546E+01   0.1251183E+01
   0.1000000E+00   0.6920000E+00   0.2000000E-03   0.6133923E+00   0.2180737E+01   0.1245982E+01
   0.1000000E+00   0.6930000E+00   0.0000000E+00   0.6049934E+00   0.2252549E+01   0.1288389E+01
   0.1000000E+00   0.6939999E+00   0.0000000E+00   0.5957946E+00   0.2210542E+01   0.1262585E+01
   0.1000000E+00   0.6949999E+00   0.0000000E+00   0.5973944E+00   0.2246948E+01   0.1260785E+01
   0.1000000E+00   0.6960000E+00   0.0000000E+00   0.5735976E+00   0.2257550E+01   0.1272586E+01
   0.1000000E+00   0.6970000E+00   0.0000000E+00   0.5713978E+00   0.2270752E+01   0.1276587E+01
   0.1000000E+00   0.6980000E+00   0.0000000E+00   0.5703980E+00   0.2175736E+01   0.1256584E+01
   0.1000000E+00   0.6989999E+00   0.0000000E+00   0.5831963E+00   0.2246348E+01   0.1275987E+01
   0.1000000E+00   0.6999999E+00   0.0000000E+00   0.5737975E+00   0.2236546E+01   0.1260584E+01
   0.1000000E+00   0.7010000E+00   0.2000000E-03   0.5621991E+00   0.2226145E+01   0.1260785E+01
   0.1000000E+00   0.7020000E+00   0.0000000E+00   0.5552000E+00   0.2227345E+01   0.1235580E+01
   0.1000000E+00   0.7029999E+00   0.0000000E+00   0.5422017E+00   0.2234946E+01   0.1260384E+01
   0.1000000E+00   0.7039999E+00   0.0000000E+00   0.5460012E+00   0.2258150E+01   0.1277187E+01
   0.1000000E+00   0.7049999E+00   0.0000000E+00   0.5655986E+00   0.2237746E+01   0.1263385E+01
   0.1000000E+00   0.7060000E+00   0.0000000E+00   0.5504006E+00   0.2257150E+01   0.1271786E+01
   0.1000000E+00   0.7070000E+00   0.0000000E+00   0.5390021E+00   0.2244148E+01   0.1238981E+01
   0.1000000E+00   0.7079999E+00   0.0000000E+00   0.5194047E+00   0.2224544E+01   0.1232780E+01
   0.1000000E+00   0.7089999E+00   0.0000000E+00   0.5380023E+00   0.2267951E+01   0.1286389E+01
   0.1000000E+00   0.7100000E+00   0.0000000E+00   0.5266038E+00   0.2224344E+01   0.1220778E+01
   0.1000000E+00   0.7110000E+00   0.0000000E+00   0.5100060E+00   0.2270552E+01   0.1264385E+01
   0.1000000E+00   0.7120000E+00   0.0000000E+00   0.5212045E+00   0.2253949E+01   0.1252783E+01
   0.1000000E+00   0.7129999E+00   0.0000000E+00   0.5180049E+00   0.2241347E+01   0.1253183E+01
   0.1000000E+00   0.7139999E+00   0.0000000E+00   0.4944072E+00   0.2218343E+01   0.1220978E+01
   0.1000000E+00   0.7150000E+00   0.0000000E+00   0.4884071E+00   0.2241147E+01   0.1254583E+01
   0.1000000E+00   0.7160000E+00   0.2000000E-03   0.4966072E+00   0.2275953E+01   0.1270186E+01
   0.1000000E+00   0.7169999E+00   0.0000000E+00   0.4876071E+00   0.2262151E+01   0.1268586E+01
   0.1000000E+00   0.7179999E+00   0.0000000E+00   0.4854071E+00   0.2240347E+01   0.1240581E+01
   0.1000000E+00   0.7189999E+00   0.0000000E+00   0.4766069E+00   0.2221344E+01   0.1242782E+01
   0.1000000E+00   0.7200000E+00   0.0000000E+00   0.4746069E+00   0.2239747E+01   0.1250583E+01
   0.1000000E+00   0.7210000E+00   0.0000000E+00   0.4804070E+00   0.2244748E+01   0.1251783E+01
   0.1000000E+00   0.7219999E+00   0.0000000E+00   0.4644067E+00   0.2277953E+01   0.1248783E+01
   0.1000000E+00   0.7229999E+00   0.0000000E+00   0.4812070E+00   0.2232946E+01   0.1222978E+01
   0.1000000E+00   0.7240000E+00   0.0000000E+00   0.4566066E+00   0.2248948E+01   0.1238581E+01
   0.1000000E+00   0.7250000E+00   0.0000000E+00   0.4718068E+00   0.2235746E+01   0.1245182E+01
   0.1000000E+00   0.7260000E+00   0.0000000E+00   0.4588066E+00   0.2249148E+01   0.1238381E+01
   0.1000000E+00   0.7269999E+00   0.0000000E+00   0.4542065E+00   0.2245348E+01   0.1243182E+01
   0.1000000E+00   0.7279999E+00   0.0000000E+00   0.4484064E+00   0.2266751E+01   0.1216377E+01
   0.1000000E+00   0.7290000E+00   0.0000000E+00   0.4548065E+00   0.2245348E+01   0.1215177E+01
   0.1000000E+00   0.7300000E+00   0.0000000E+00   0.4302061E+00   0.2287555E+01   0.1255984E+01
   0.1000000E+00   0.7309999E+00   0.0000000E+00   0.4586066E+00   0.2224944E+01   0.1231380E+01
   0.1000000E+00   0.7319999E+00   0.0000000E+00   0.4454064E+00   0.2237746E+01   0.1233580E+01
   0.1000000E+00   0.7329999E+00   0.0000000E+00   0.4338062E+00   0.2249148E+01   0.1224378E+01
   0.1000000E+00   0.7340000E+00   0.0000000E+00   0.4260060E+00   0.2253549E+01   0.1249983E+01
   0.1000000E+00   0.7350000E+00   0.0000000E+00   0.4334062E+00   0.2278753E+01   0.1273587E+01
   0.1000000E+00   0.7359999E+00   0.0000000E+00   0.3990056E+00   0.2249148E+01   0.1247382E+01
   0.1000000E+00   0.7369999E+00   0.0000000E+00   0.4084058E+00   0.2234546E+01   0.1224779E+01
   0.1000000E+00   0.7380000E+00   0.0000000E+00   0.3922055E+00   0.2205341E+01   0.1195174E+01
   0.1000000E+00   0.7390000E+00   0.0000000E+00   0.4004056E+00   0.2275153E+01   0.1232380E+01
   0.1000000E+00   0.7399999E+00   0.0000000E+00   0.4104058E+00   0.2230545E+01   0.1201375E+01
   0.1000000E+00   0.7409999E+00   0.0000000E+00   0.3844053E+00   0.2226945E+01   0.1206976E+01
   0.1000000E+00   0.7419999E+00   0.0000000E+00   0.3942055E+00   0.2264951E+01   0.1242581E+01
   0.1000000E+00   0.7430000E+00   0.0000000E+00   0.3940055E+00   0.2278753E+01   0.1236981E+01
   0.1000000E+00   0.7440000E+00   0.0000000E+00   0.3850054E+00   0.2248148E+01   0.1223378E+01
   0.1000000E+00   0.7449999E+00   0.0000000E+00   0.3836053E+00   0.2249148E+01   0.1229379E+01
   0.1000000E+00   0.7459999E+00   0.0000000E+00   0.3796053E+00   0.2271552E+01   0.1234380E+01
   0.1000000E+00   0.7469999E+00   0.0000000E+00   0.3800053E+00   0.2212142E+01   0.1201575E+01
   0.1000000E+00   0.7480000E+00   0.0000000E+00   0.3654050E+00   0.2210542E+01   0.1207376E+01
   0.1000000E+00   0.7490000E+00   0.0000000E+00   0.3724051E+00   0.2191739E+01   0.1183772E+01
   0.1000000E+00   0.7499999E+00   0.0000000E+00   0.3530048E+00   0.2259150E+01   0.1229379E+01
   0.1000000E+00   0.7509999E+00   0.0000000E+00   0.3678051E+00   0.2250149E+01   0.1200775E+01
   0.1000000E+00   0.7520000E+00   0.0000000E+00   0.3444047E+00   0.2207942E+01   0.1172770E+01
   0.1000000E+00   0.7530000E+00   0.0000000E+00   0.3438047E+00   0.2223344E+01   0.1179171E+01
   0.1000000E+00   0.7539999E+00   0.0000000E+00   0.3430046E+00   0.2264151E+01   0.1218778E+01
   0.1000000E+00   0.7549999E+00   0.0000000E+00   0.3334045E+00   0.2235546E+01   0.1194574E+01
   0.1000000E+00   0.7559999E+00   0.0000000E+00   0.3392046E+00   0.2197940E+01   0.1195974E+01
   0.1000000E+00   0.7570000E+00   0.0000000E+00   0.3122041E+00   0.2233546E+01   0.1190373E+01
   0.1000000E+00   0.7580000E+00   0.0000000E+00   0.3392046E+00   0.2205341E+01   0.1183572E+01
   0.1000000E+00   0.7589999E+00   0.0000000E+00   0.3342045E+00   0.2188938E+01   0.1178571E+01
   0.1000000E+00   0.7599999E+00   0.0000000E+00   0.3358045E+00   0.2170935E+01   0.1155967E+01
   0.1000000E+00   0.7609999E+00   0.0000000E+00   0.3042040E+00   0.2191339E+01   0.1183772E+01
   0.1000000E+00   0.7620000E+00   0.0000000E+00   0.3068040E+00   0.2174736E+01   0.1140164E+01
   0.1000000E+00   0.7630000E+00   0.0000000E+00   0.3170042E+00   0.2149732E+01   0.1148766E+01
   0.1000000E+00   0.7639999E+00   0.0000000E+00   0.3012039E+00   0.2182737E+01   0.1160968E+01
   0.1000000E+00   0.7649999E+00   0.0000000E+00   0.3086041E+00   0.2187738E+01   0.1180571E+01
   0.1000000E+00   0.7660000E+00   0.0000000E+00   0.3018039E+00   0.2155333E+01   0.1156767E+01
   0.1000000E+00   0.7670000E+00   0.0000000E+00   0.2934038E+00   0.2146131E+01   0.1142565E+01
   0.1000000E+00   0.7679999E+00   0.0000000E+00   0.3114041E+00   0.2176736E+01   0.1157967E+01
   0.1000000E+00   0.7689999E+00   0.0000000E+00   0.2926038E+00   0.2170535E+01   0.1158968E+01
   0.1000000E+00   0.7699999E+00   0.0000000E+00   0.2806036E+00   0.2169935E+01   0.1154567E+01
   0.1000000E+00   0.7710000E+00   0.0000000E+00   0.2820036E+00   0.2138330E+01   0.1141565E+01
   0.1000000E+00   0.7720000E+00   0.0000000E+00   0.2860037E+00   0.2160334E+01   0.1143565E+01
   0.1000000E+00   0.7729999E+00   0.0000000E+00   0.2880037E+00   0.2139130E+01   0.1121761E+01
   0.1000000E+00   0.7739999E+00   0.0000000E+00   0.2738035E+00   0.2128728E+01   0.1137764E+01
   0.1000000E+00   0.7750000E+00   0.0000000E+00   0.2696034E+00   0.2113126E+01   0.1122562E+01
   0.1000000E+00   0.7760000E+00   0.0000000E+00   0.2798036E+00   0.2142931E+01   0.1128963E+01
   0.1000000E+00   0.7770000E+00   0.0000000E+00   0.2716034E+00   0.2197140E+01   0.1156567E+01
   0.1000000E+00   0.7779999E+00   0.0000000E+00   0.2724034E+00   0.2151132E+01   0.1122162E+01
   0.1000000E+00   0.7789999E+00   0.0000000E+00   0.2500031E+00   0.2115726E+01   0.1119761E+01
   0.1000000E+00   0.7800000E+00   0.0000000E+00   0.2600032E+00   0.2140930E+01   0.1140365E+01
   0.1000000E+00   0.7810000E+00   0.0000000E+00   0.2524031E+00   0.2110125E+01   0.1114160E+01
   0.1000000E+00   0.7819999E+00   0.0000000E+00   0.2466030E+00   0.2115326E+01   0.1124362E+01
   0.1000000E+00   0.7829999E+00   0.0000000E+00   0.2470030E+00   0.2093923E+01   0.1101158E+01
   0.1000000E+00   0.7839999E+00   0.0000000E+00   0.2456030E+00   0.2116326E+01   0.1108159E+01
   0.1000000E+00   0.7850000E+00   0.0000000E+00   0.2400029E+00   0.2050115E+01   0.1098158E+01
   0.1000000E+00   0.7860000E+00   0.0000000E+00   0.2374029E+00   0.2094123E+01   0.1103958E+01
   0.1000000E+00   0.7869999E+00   0.0000000E+00   0.2384029E+00   0.2084321E+01   0.1089956E+01
   0.1000000E+00   0.7879999E+00   0.0000000E+00   0.2208026E+00   0.2070719E+01   0.1095957E+01
   0.1000000E+00   0.7890000E+00   0.0000000E+00   0.2336028E+00   0.2038713E+01   0.1063552E+01
   0.1000000E+00   0.7900000E+00   0.0000000E+00   0.2320028E+00   0.2067518E+01   0.1086756E+01
   0.1000000E+00   0.7909999E+00   0.0000000E+00   0.2238026E+00   0.2070719E+01   0.1109559E+01
   0.1000000E+00   0.7919999E+00   0.0000000E+00   0.2246027E+00   0.2085521E+01   0.1113560E+01
   0.1000000E+00   0.7929999E+00   0.0000000E+00   0.2198026E+00   0.2041514E+01   0.1048949E+01
   0.1000000E+00   0.7940000E+00   0.0000000E+00   0.2072024E+00   0.2028912E+01   0.1066552E+01
   0.1000000E+00   0.7950000E+00   0.0000000E+00   0.2060023E+00   0.2046515E+01   0.1056951E+01
   0.1000000E+00   0.7959999E+00   0.0000000E+00   0.2044023E+00   0.2024511E+01   0.1069353E+01
   0.1000000E+00   0.7969999E+00   0.0000000E+00   0.1980022E+00   0.2029712E+01   0.1065752E+01
   0.1000000E+00   0.7979999E+00   0.0000000E+00   0.1992022E+00   0.2004708E+01   0.1050750E+01
   0.1000000E+00   0.7990000E+00   0.0000000E+00   0.1930021E+00   0.2010709E+01   0.1069953E+01
   0.1000000E+00   0.8000000E+00   0.0000000E+00   0.1980022E+00   0.2007708E+01   0.1045349E+01
   0.1000000E+00   0.8009999E+00   0.0000000E+00   0.1878020E+00   0.1996307E+01   0.1047949E+01
   0.1000000E+00   0.8019999E+00   0.0000000E+00   0.1902021E+00   0.1960901E+01   0.1020345E+01
   0.1000000E+00   0.8030000E+00   0.0000000E+00   0.1802019E+00   0.1985705E+01   0.1046749E+01
   0.1000000E+00   0.8040000E+00   0.0000000E+00   0.1816019E+00   0.1996507E+01   0.1036347E+01
   0.1000000E+00   0.8049999E+00   0.0000000E+00   0.1720018E+00   0.1984905E+01   0.1038948E+01
   0.1000000E+00   0.8059999E+00   0.0000000E+00   0.1650016E+00   0.1971302E+01   0.1032947E+01
   0.1000000E+00   0.8069999E+00   0.0000000E+00   0.1598016E+00   0.1947899E+01   0.1013343E+01
   0.1000000E+00   0.8080000E+00   0.0000000E+00   0.1734018E+00   0.1939097E+01   0.1012943E+01
   0.1000000E+00   0.8090000E+00   0.0000000E+00   0.1750018E+00   0.1980104E+01   0.1010143E+01
   0.1000000E+00   0.8099999E+00   0.0000000E+00   0.1652016E+00   0.1933096E+01   0.1016744E+01
   0.1000000E+00   0.8109999E+00   0.0000000E+00   0.1748018E+00   0.1975503E+01   0.1000941E+01
   0.1000000E+00   0.8119999E+00   0.0000000E+00   0.1622016E+00   0.1929695E+01   0.9935421E+00
   0.1000000E+00   0.8130000E+00   0.0000000E+00   0.1578015E+00   0.1917693E+01   0.1006342E+01
   0.1000000E+00   0.8140000E+00   0.0000000E+00   0.1534014E+00   0.1870486E+01   0.9791440E+00
   0.1000000E+00   0.8149999E+00   0.0000000E+00   0.1658017E+00   0.1884688E+01   0.9961417E+00
   0.1000000E+00   0.8159999E+00   0.0000000E+00   0.1528014E+00   0.1880487E+01   0.9785441E+00
   0.1000000E+00   0.8170000E+00   0.0000000E+00   0.1440013E+00   0.1891489E+01   0.9849432E+00
   0.1000000E+00   0.8180000E+00   0.0000000E+00   0.1380012E+00   0.1875887E+01   0.9687454E+00
   0.1000000E+00   0.8189999E+00   0.0000000E+00   0.1480014E+00   0.1874886E+01   0.9551471E+00
   0.1000000E+00   0.8199999E+00   0.0000000E+00   0.1486014E+00   0.1890489E+01   0.9995413E+00
   0.1000000E+00   0.8209999E+00   0.0000000E+00   0.1402012E+00   0.1830679E+01   0.9639460E+00
   0.1000000E+00   0.8220000E+00   0.0000000E+00   0.1302011E+00   0.1854883E+01   0.9615463E+00
   0.1000000E+00   0.8230000E+00   0.0000000E+00   0.1288010E+00   0.1825878E+01   0.9445485E+00
   0.1000000E+00   0.8239999E+00   0.0000000E+00   0.1380012E+00   0.1805875E+01   0.9383494E+00
   0.1000000E+00   0.8249999E+00   0.0000000E+00   0.1168008E+00   0.1817877E+01   0.9449485E+00
   0.1000000E+00   0.8259999E+00   0.0000000E+00   0.1264010E+00   0.1838280E+01   0.9589466E+00
   0.1000000E+00   0.8270000E+00   0.0000000E+00   0.1242010E+00   0.1782671E+01   0.9169522E+00
   0.1000000E+00   0.8279999E+00   0.0000000E+00   0.1138008E+00   0.1802074E+01   0.9319502E+00
   0.1000000E+00   0.8289999E+00   0.0000000E+00   0.1116007E+00   0.1774070E+01   0.9173521E+00
   0.1000000E+00   0.8299999E+00   0.0000000E+00   0.1182009E+00   0.1743065E+01   0.9047538E+00
   0.1000000E+00   0.8310000E+00   0.0000000E+00   0.1146008E+00   0.1749666E+01   0.9059536E+00
   0.1000000E+00   0.8320000E+00   0.0000000E+00   0.1012006E+00   0.1749466E+01   0.8967549E+00
   0.1000000E+00   0.8329999E+00   0.0000000E+00   0.1108007E+00   0.1743265E+01   0.8979547E+00
   0.1000000E+00   0.8339999E+00   0.0000000E+00   0.1040006E+00   0.1688455E+01   0.8949551E+00
   0.1000000E+00   0.8349999E+00   0.0000000E+00   0.1016006E+00   0.1743065E+01   0.9091532E+00
   0.1000000E+00   0.8360000E+00   0.0000000E+00   0.1060006E+00   0.1689256E+01   0.8645591E+00
   0.1000000E+00   0.8370000E+00   0.0000000E+00   0.1016006E+00   0.1699857E+01   0.8829567E+00
   0.1000000E+00   0.8379999E+00   0.0000000E+00   0.9820051E-01   0.1665052E+01   0.8569601E+00
   0.1000000E+00   0.8389999E+00   0.0000000E+00   0.1046006E+00   0.1668452E+01   0.8517608E+00
   0.1000000E+00   0.8399999E+00   0.0000000E+00   0.9640048E-01   0.1670853E+01   0.8681586E+00
   0.1000000E+00   0.8410000E+00   0.0000000E+00   0.9520046E-01   0.1651249E+01   0.8523607E+00
   0.1000000E+00   0.8419999E+00   0.0000000E+00   0.9160040E-01   0.1660851E+01   0.8395624E+00
   0.1000000E+00   0.8429999E+00   0.0000000E+00   0.8280025E-01   0.1659451E+01   0.8483613E+00
   0.1000000E+00   0.8439999E+00   0.0000000E+00   0.8880036E-01   0.1624845E+01   0.8241645E+00
   0.1000000E+00   0.8450000E+00   0.0000000E+00   0.8240025E-01   0.1629246E+01   0.8547604E+00
   0.1000000E+00   0.8460000E+00   0.0000000E+00   0.8500029E-01   0.1594240E+01   0.8043671E+00
   0.1000000E+00   0.8469999E+00   0.0000000E+00   0.8000021E-01   0.1587439E+01   0.8221647E+00
   0.1000000E+00   0.8479999E+00   0.0000000E+00   0.7200007E-01   0.1580238E+01   0.8097664E+00
   0.1000000E+00   0.8489999E+00   0.0000000E+00   0.8140023E-01   0.1584438E+01   0.8141658E+00
   0.1000000E+00   0.8500000E+00   0.0000000E+00   0.7980020E-01   0.1543831E+01   0.7853696E+00
   0.1000000E+00   0.8510000E+00   0.0000000E+00   0.7700016E-01   0.1521228E+01   0.7877693E+00
   0.1000000E+00   0.8519999E+00   0.0000000E+00   0.7200007E-01   0.1544232E+01   0.7863694E+00
   0.1000000E+00   0.8529999E+00   0.0000000E+00   0.7280008E-01   0.1508426E+01   0.7713714E+00
   0.1000000E+00   0.8539999E+00   0.0000000E+00   0.7220007E-01   0.1481621E+01   0.7535738E+00
   0.1000000E+00   0.8550000E+00   0.0000000E+00   0.6639998E-01   0.1518227E+01   0.7745710E+00
   0.1000000E+00   0.8559999E+00   0.0000000E+00   0.5839992E-01   0.1504625E+01   0.7867694E+00
   0.1000000E+00   0.8569999E+00   0.0000000E+00   0.6519996E-01   0.1515427E+01   0.7819700E+00
   0.1000000E+00   0.8579999E+00   0.0000000E+00   0.6079992E-01   0.1476620E+01   0.7581732E+00
   0.1000000E+00   0.8590000E+00   0.0000000E+00   0.5759992E-01   0.1461018E+01   0.7329765E+00
   0.1000000E+00   0.8600000E+00   0.0000000E+00   0.5919992E-01   0.1431213E+01   0.7397756E+00
   0.1000000E+00   0.8609999E+00   0.0000000E+00   0.6019992E-01   0.1438614E+01   0.7417753E+00
   0.1000000E+00   0.8619999E+00   0.0000000E+00   0.5599992E-01   0.1415410E+01   0.7131791E+00
   0.1000000E+00   0.8629999E+00   0.0000000E+00   0.5599992E-01   0.1401208E+01   0.7221779E+00
   0.1000000E+00   0.8640000E+00   0.0000000E+00   0.5439993E-01   0.1401008E+01   0.7147789E+00
   0.1000000E+00   0.8649999E+00   0.0000000E+00   0.5479993E-01   0.1395007E+01   0.7113793E+00
   0.1000000E+00   0.8659999E+00   0.0000000E+00   0.5039993E-01   0.1368602E+01   0.7165787E+00
   0.1000000E+00   0.8669999E+00   0.0000000E+00   0.4959993E-01   0.1356800E+01   0.6885824E+00
   0.1000000E+00   0.8679999E+00   0.0000000E+00   0.4659994E-01   0.1363802E+01   0.6849828E+00
   0.1000000E+00   0.8690000E+00   0.0000000E+00   0.4939993E-01   0.1358001E+01   0.6879824E+00
   0.1000000E+00   0.8699999E+00   0.0000000E+00   0.4379994E-01   0.1338997E+01   0.6675851E+00
   0.1000000E+00   0.8709999E+00   0.0000000E+00   0.4279995E-01   0.1295390E+01   0.6717846E+00
   0.1000000E+00   0.8719999E+00   0.0000000E+00   0.4079995E-01   0.1311593E+01   0.6601861E+00
   0.1000000E+00   0.8730000E+00   0.0000000E+00   0.4699994E-01   0.1306592E+01   0.6661853E+00
   0.1000000E+00   0.8740000E+00   0.0000000E+00   0.4599994E-01   0.1245982E+01   0.6393889E+00
   0.1000000E+00   0.8749999E+00   0.0000000E+00   0.3679996E-01   0.1250583E+01   0.6345895E+00
   0.1000000E+00   0.8759999E+00   0.0000000E+00   0.3559996E-01   0.1225579E+01   0.6235909E+00
   0.1000000E+00   0.8769999E+00   0.0000000E+00   0.3919995E-01   0.1207176E+01   0.6149921E+00
   0.1000000E+00   0.8780000E+00   0.0000000E+00   0.4359994E-01   0.1190373E+01   0.6035936E+00
   0.1000000E+00   0.8789999E+00   0.0000000E+00   0.3299996E-01   0.1220978E+01   0.6195915E+00
   0.1000000E+00   0.8799999E+00   0.0000000E+00   0.3259996E-01   0.1173370E+01   0.5967945E+00
   0.1000000E+00   0.8809999E+00   0.0000000E+00   0.3079996E-01   0.1177171E+01   0.5993941E+00
   0.1000000E+00   0.8819999E+00   0.0000000E+00   0.2979997E-01   0.1167369E+01   0.5945948E+00
   0.1000000E+00   0.8830000E+00   0.0000000E+00   0.3179996E-01   0.1160168E+01   0.5871958E+00
   0.1000000E+00   0.8839999E+00   0.0000000E+00   0.3199996E-01   0.1132163E+01   0.5681983E+00
   0.1000000E+00   0.8849999E+00   0.0000000E+00   0.3419996E-01   0.1119161E+01   0.5661985E+00
   0.1000000E+00   0.8859999E+00   0.0000000E+00   0.2859997E-01   0.1120361E+01   0.5799967E+00
   0.1000000E+00   0.8870000E+00   0.0000000E+00   0.3359996E-01   0.1092157E+01   0.5470011E+00
   0.1000000E+00   0.8880000E+00   0.0000000E+00   0.2759997E-01   0.1077554E+01   0.5567998E+00
   0.1000000E+00   0.8889999E+00   0.0000000E+00   0.2359998E-01   0.1049749E+01   0.5408019E+00
   0.1000000E+00   0.8899999E+00   0.0000000E+00   0.2319998E-01   0.1060151E+01   0.5344027E+00
   0.1000000E+00   0.8909999E+00   0.0000000E+00   0.2339998E-01   0.9957418E+00   0.5164051E+00
   0.1000000E+00   0.8920000E+00   0.0000000E+00   0.1899998E-01   0.9971416E+00   0.5004072E+00
   0.1000000E+00   0.8929999E+00   0.0000000E+00   0.2219998E-01   0.9985414E+00   0.5184048E+00
   0.1000000E+00   0.8939999E+00   0.0000000E+00   0.2159998E-01   0.9891427E+00   0.4944072E+00
   0.1000000E+00   0.8949999E+00   0.0000000E+00   0.2579997E-01   0.9647459E+00   0.4792069E+00
   0.1000000E+00   0.8959999E+00   0.0000000E+00   0.2059998E-01   0.9759444E+00   0.5012071E+00
   0.1000000E+00   0.8970000E+00   0.0000000E+00   0.1799999E-01   0.9395492E+00   0.4688068E+00
   0.1000000E+00   0.8979999E+00   0.0000000E+00   0.1999998E-01   0.9331501E+00   0.4732068E+00
   0.1000000E+00   0.8989999E+00   0.0000000E+00   0.2039998E-01   0.9351498E+00   0.4750069E+00
   0.1000000E+00   0.8999999E+00   0.0000000E+00   0.1839999E-01   0.9347498E+00   0.4554065E+00
   0.1000000E+00   0.9010000E+00   0.0000000E+00   0.1739999E-01   0.8987546E+00   0.4592066E+00
   0.1000000E+00   0.9020000E+00   0.0000000E+00   0.1839999E-01   0.8965549E+00   0.4462064E+00
   0.1000000E+00   0.9029999E+00   0.0000000E+00   0.1339999E-01   0.8513609E+00   0.4396063E+00
   0.1000000E+00   0.9039999E+00   0.0000000E+00   0.1519999E-01   0.8549604E+00   0.4338062E+00
   0.1000000E+00   0.9049999E+00   0.0000000E+00   0.1459999E-01   0.8371627E+00   0.4300061E+00
   0.1000000E+00   0.9060000E+00   0.0000000E+00   0.1220000E-01   0.8125660E+00   0.4072057E+00
   0.1000000E+00   0.9069999E+00   0.0000000E+00   0.1659999E-01   0.8003676E+00   0.4166059E+00
   0.1000000E+00   0.9079999E+00   0.0000000E+00   0.1499999E-01   0.7675719E+00   0.3810053E+00
   0.1000000E+00   0.9089999E+00   0.0000000E+00   0.1000000E-01   0.7555735E+00   0.3854054E+00
   0.1000000E+00   0.9100000E+00   0.0000000E+00   0.1439999E-01   0.7579732E+00   0.3840053E+00
   0.1000000E+00   0.9110000E+00   0.0000000E+00   0.1000000E-01   0.7387757E+00   0.3720051E+00
   0.1000000E+00   0.9119999E+00   0.0000000E+00   0.1040000E-01   0.7387757E+00   0.3760052E+00
   0.1000000E+00   0.9129999E+00   0.0000000E+00   0.9000001E-02   0.7395756E+00   0.3784052E+00
   0.1000000E+00   0.9139999E+00   0.0000000E+00   0.9800000E-02   0.7167786E+00   0.3688051E+00
   0.1000000E+00   0.9150000E+00   0.0000000E+00   0.1060000E-01   0.7121792E+00   0.3508048E+00
   0.1000000E+00   0.9159999E+00   0.0000000E+00   0.1000000E-01   0.6887823E+00   0.3402046E+00
   0.1000000E+00   0.9169999E+00   0.0000000E+00   0.8800002E-02   0.6599861E+00   0.3376046E+00
   0.1000000E+00   0.9179999E+00   0.0000000E+00   0.9800000E-02   0.6505874E+00   0.3116041E+00
   0.1000000E+00   0.9189999E+00   0.0000000E+00   0.1080000E-01   0.6363893E+00   0.3120041E+00
   0.1000000E+00   0.9200000E+00   0.0000000E+00   0.9800000E-02   0.6001940E+00   0.3040040E+00
   0.1000000E+00   0.9209999E+00   0.0000000E+00   0.8200003E-02   0.5813965E+00   0.2982039E+00
   0.1000000E+00   0.9219999E+00   0.0000000E+00   0.6400003E-02   0.5857959E+00   0.3044040E+00
   0.1000000E+00   0.9229999E+00   0.0000000E+00   0.6600003E-02   0.5745974E+00   0.2964039E+00
   0.1000000E+00   0.9240000E+00   0.0000000E+00   0.5800002E-02   0.5458012E+00   0.2698034E+00
   0.1000000E+00   0.9250000E+00   0.0000000E+00   0.6000002E-02   0.5591995E+00   0.2760035E+00
   0.1000000E+00   0.9259999E+00   0.0000000E+00   0.6600003E-02   0.5272037E+00   0.2660033E+00
   0.1000000E+00   0.9269999E+00   0.0000000E+00   0.5400002E-02   0.5266038E+00   0.2524031E+00
   0.1000000E+00   0.9279999E+00   0.0000000E+00   0.5200002E-02   0.5228043E+00   0.2674034E+00
   0.1000000E+00   0.9290000E+00   0.0000000E+00   0.5200002E-02   0.4946072E+00   0.2518031E+00
   0.1000000E+00   0.9299999E+00   0.0000000E+00   0.5200002E-02   0.4748069E+00   0.2366029E+00
   0.1000000E+00   0.9309999E+00   0.0000000E+00   0.3000000E-02   0.4780069E+00   0.2328028E+00
   0.1000000E+00   0.9319999E+00   0.0000000E+00   0.4400001E-02   0.4576066E+00   0.2296027E+00
   0.1000000E+00   0.9329999E+00   0.0000000E+00   0.4000001E-02   0.4380063E+00   0.2182025E+00
   0.1000000E+00   0.9340000E+00   0.0000000E+00   0.3400001E-02   0.4604066E+00   0.2348028E+00
   0.1000000E+00   0.9349999E+00   0.0000000E+00   0.4000001E-02   0.4226060E+00   0.2110024E+00
   0.1000000E+00   0.9359999E+00   0.0000000E+00   0.2400000E-02   0.4130058E+00   0.2082024E+00
   0.1000000E+00   0.9369999E+00   0.0000000E+00   0.3400001E-02   0.4112058E+00   0.2100024E+00
   0.1000000E+00   0.9380000E+00   0.0000000E+00   0.2600000E-02   0.3804053E+00   0.1926021E+00
   0.1000000E+00   0.9390000E+00   0.0000000E+00   0.2800000E-02   0.3740052E+00   0.1878020E+00
   0.1000000E+00   0.9399999E+00   0.0000000E+00   0.1800000E-02   0.3632050E+00   0.1802019E+00
   0.1000000E+00   0.9409999E+00   0.0000000E+00   0.2200000E-02   0.3366045E+00   0.1678017E+00
   0.1000000E+00   0.9419999E+00   0.0000000E+00   0.2000000E-02   0.3346045E+00   0.1624016E+00
   0.1000000E+00   0.9430000E+00   0.0000000E+00   0.1600000E-02   0.3200043E+00   0.1602016E+00
   0.1000000E+00   0.9439999E+00   0.0000000E+00   0.1600000E-02   0.3150042E+00   0.1630016E+00
   0.1000000E+00   0.9449999E+00   0.0000000E+00   0.2400000E-02   0.3008039E+00   0.1516014E+00
   0.1000000E+00   0.9459999E+00   0.0000000E+00   0.1000000E-02   0.2752035E+00   0.1466013E+00
   0.1000000E+00   0.9469999E+00   0.0000000E+00   0.1600000E-02   0.2652033E+00   0.1382012E+00
   0.1000000E+00   0.9480000E+00   0.0000000E+00   0.1200000E-02   0.2640033E+00   0.1328011E+00
   0.1000000E+00   0.9489999E+00   0.0000000E+00   0.1000000E-02   0.2450030E+00   0.1188009E+00
   0.1000000E+00   0.9499999E+00   0.0000000E+00   0.1200000E-02   0.2582032E+00   0.1300011E+00
   0.1000000E+00   0.9509999E+00   0.0000000E+00   0.6000000E-03   0.2326028E+00   0.1204009E+00
   0.1000000E+00   0.9520000E+00   0.0000000E+00   0.1600000E-02   0.2144025E+00   0.1028006E+00
   0.1000000E+00   0.9529999E+00   0.0000000E+00   0.6000000E-03   0.2068024E+00   0.1012006E+00
   0.1000000E+00   0.9539999E+00   0.0000000E+00   0.4000000E-03   0.1942021E+00   0.9600048E-01
   0.1000000E+00   0.9549999E+00   0.0000000E+00   0.1000000E-02   0.1890021E+00   0.9420045E-01
   0.1000000E+00   0.9559999E+00   0.0000000E+00   0.4000000E-03   0.1778019E+00   0.9140040E-01
   0.1000000E+00   0.9570000E+00   0.0000000E+00   0.6000000E-03   0.1772019E+00   0.8580031E-01
   0.1000000E+00   0.9579999E+00   0.0000000E+00   0.6000000E-03   0.1696017E+00   0.8080022E-01
   0.1000000E+00   0.9589999E+00   0.0000000E+00   0.6000000E-03   0.1604016E+00   0.7980020E-01
   0.1000000E+00   0.9599999E+00   0.0000000E+00   0.2000000E-03   0.1424013E+00   0.7420011E-01
   0.1000000E+00   0.9609999E+00   0.0000000E+00   0.0000000E+00   0.1358012E+00   0.6900002E-01
   0.1000000E+00   0.9620000E+00   0.0000000E+00   0.4000000E-03   0.1328011E+00   0.6419994E-01
   0.1000000E+00   0.9629999E+00   0.0000000E+00   0.2000000E-03   0.1194009E+00   0.6479995E-01
   0.1000000E+00   0.9639999E+00   0.0000000E+00   0.6000000E-03   0.1140008E+00   0.5979992E-01
   0.1000000E+00   0.9649999E+00   0.0000000E+00   0.2000000E-03   0.1060006E+00   0.5499993E-01
   0.1000000E+00   0.9660000E+00   0.0000000E+00   0.6000000E-03   0.1040006E+00   0.5179993E-01
   0.1000000E+00   0.9669999E+00   0.0000000E+00   0.2000000E-03   0.8860035E-01   0.4279995E-01
   0.1000000E+00   0.9679999E+00   0.0000000E+00   0.2000000E-03   0.8400027E-01   0.4719994E-01
   0.1000000E+00   0.9689999E+00   0.0000000E+00   0.0000000E+00   0.8740033E-01   0.4199995E-01
   0.1000000E+00   0.9699999E+00   0.0000000E+00   0.2000000E-03   0.7040004E-01   0.3419996E-01
   0.1000000E+00   0.9710000E+00   0.0000000E+00   0.0000000E+00   0.6339993E-01   0.2979997E-01
   0.1000000E+00   0.9719999E+00   0.0000000E+00   0.4000000E-03   0.6359993E-01   0.2999997E-01
   0.1000000E+00   0.9729999E+00   0.0000000E+00   0.0000000E+00   0.4919994E-01   0.2519997E-01
   0.1000000E+00   0.9739999E+00   0.0000000E+00   0.0000000E+00   0.4559994E-01   0.2319998E-01
   0.1000000E+00   0.9749999E+00   0.0000000E+00   0.0000000E+00   0.4639994E-01   0.2199998E-01
   0.1000000E+00   0.9760000E+00   0.0000000E+00   0.0000000E+00   0.3819995E-01   0.2039998E-01
   0.1000000E+00   0.9769999E+00   0.0000000E+00   0.0000000E+00   0.3879995E-01   0.1839999E-01
   0.1000000E+00   0.9779999E+00   0.0000000E+00   0.2000000E-03   0.3099996E-01   0.1519999E-01
   0.1000000E+00   0.9789999E+00   0.0000000E+00   0.0000000E+00   0.2719997E-01   0.1479999E-01
   0.1000000E+00   0.9800000E+00   0.0000000E+00   0.0000000E+00   0.2459997E-01   0.1200000E-01
   0.1000000E+00   0.9809999E+00   0.0000000E+00   0.0000000E+00   0.2259998E-01   0.9200001E-02
   0.1000000E+00   0.9819999E+00   0.0000000E+00   0.0000000E+00   0.1499999E-01   0.7200003E-02
   0.1000000E+00   0.9829999E+00   0.0000000E+00   0.0000000E+00   0.1799999E-01   0.9400001E-02
   0.1000000E+00   0.9839999E+00   0.0000000E+00   0.0000000E+00   0.1379999E-01   0.7200003E-02
   0.1000000E+00   0.9850000E+00   0.0000000E+00   0.0000000E+00   0.9200001E-02   0.4200001E-02
   0.1000000E+00   0.9859999E+00   0.0000000E+00   0.0000000E+00   0.8000003E-02   0.4400001E-02
   0.1000000E+00   0.9869999E+00   0.0000000E+00   0.0000000E+00   0.7400003E-02   0.3600001E-02
   0.1000000E+00   0.9879999E+00   0.0000000E+00   0.0000000E+00   0.4800002E-02   0.2000000E-02
   0.1000000E+00   0.9889999E+00   0.0000000E+00   0.0000000E+00   0.5400002E-02   0.2800000E-02
   0.1000000E+00   0.9899999E+00   0.0000000E+00   0.0000000E+00   0.4400001E-02   0.1800000E-02
   0.1000000E+00   0.9909999E+00   0.0000000E+00   0.0000000E+00   0.2400000E-02   0.1800000E-02
   0.1000000E+00   0.9919999E+00   0.0000000E+00   0.0000000E+00   0.1000000E-02   0.2000000E-03
   0.1000000E+00   0.9929999E+00   0.0000000E+00   0.0000000E+00   0.2000000E-02   0.1000000E-02
   0.1000000E+00   0.9940000E+00   0.0000000E+00   0.0000000E+00   0.6000000E-03   0.6000000E-03
   0.1000000E+00   0.9949999E+00   0.0000000E+00   0.0000000E+00   0.4000000E-03   0.4000000E-03
   0.1000000E+00   0.9959999E+00   0.0000000E+00   0.0000000E+00   0.0000000E+00   0.0000000E+00
   0.1000000E+00   0.9969999E+00   0.0000000E+00   0.0000000E+00   0.0000000E+00   0.0000000E+00
   0.1000000E+00   0.9979999E+00   0.0000000E+00   0.0000000E+00   0.0000000E+00   0.0000000E+00
   0.1000000E+00   0.9990000E+00   0.0000000E+00   0.0000000E+00   0.0000000E+00   0.0000000E+00
   0.1000000E+00   0.9999999E+00   0.0000000E+00   0.0000000E+00   0.0000000E+00   0.0000000E+00

