   0.2000000E+00  -0.5820766E-10   0.5346646E+02   0.1814884E+03   0.3583170E+01   0.6063118E+02
   0.2000000E+00   0.9999999E-03   0.1459999E-01   0.4200001E-02   0.8000000E-03   0.4600001E-02
   0.2000000E+00   0.2000000E-02   0.1419999E-01   0.7600003E-02   0.1200000E-02   0.5800002E-02
   0.2000000E+00   0.3000000E-02   0.2559997E-01   0.1299999E-01   0.1000000E-02   0.1180000E-01
   0.2000000E+00   0.4000000E-02   0.3119996E-01   0.2419998E-01   0.2600000E-02   0.1359999E-01
   0.2000000E+00   0.4999999E-02   0.4079995E-01   0.2639997E-01   0.3200001E-02   0.2019998E-01
   0.2000000E+00   0.6000000E-02   0.6159991E-01   0.3519996E-01   0.5600002E-02   0.2439998E-01
   0.2000000E+00   0.6999999E-02   0.9420045E-01   0.5259993E-01   0.5800002E-02   0.4139995E-01
   0.2000000E+00   0.7999999E-02   0.7380010E-01   0.4579994E-01   0.6600003E-02   0.3279996E-01
   0.2000000E+00   0.9000000E-02   0.5019993E-01   0.3019997E-01   0.3600001E-02   0.2319998E-01
   0.2000000E+00   0.9999999E-02   0.6579997E-01   0.4119995E-01   0.5800002E-02   0.2919997E-01
   0.2000000E+00   0.1100000E-01   0.8280025E-01   0.5199993E-01   0.6200003E-02   0.4079995E-01
   0.2000000E+00   0.1200000E-01   0.9840052E-01   0.5679992E-01   0.7200003E-02   0.4139995E-01
   0.2000000E+00   0.1300000E-01   0.1124008E+00   0.6039992E-01   0.9800000E-02   0.4739994E-01
   0.2000000E+00   0.1400000E-01   0.9540047E-01   0.5879992E-01   0.8400002E-02   0.4199995E-01
   0.2000000E+00   0.1500000E-01   0.1002005E+00   0.6359993E-01   0.8200003E-02   0.4779994E-01
   0.2000000E+00   0.1600000E-01   0.1170008E+00   0.6980003E-01   0.9800000E-02   0.5279993E-01
   0.2000000E+00   0.1700000E-01   0.1326011E+00   0.7600014E-01   0.1040000E-01   0.5479993E-01
   0.2000000E+00   0.1800000E-01   0.1394012E+00   0.7820018E-01   0.1220000E-01   0.5779992E-01
   0.2000000E+00   0.1900000E-01   0.1270010E+00   0.8340026E-01   0.9200001E-02   0.5779992E-01
   0.2000000E+00   0.2000000E-01   0.1556015E+00   0.8840035E-01   0.1539999E-01   0.6739999E-01
   0.2000000E+00   0.2100000E-01   0.1590015E+00   0.1034006E+00   0.1639999E-01   0.7640015E-01
   0.2000000E+00   0.2200000E-01   0.1720018E+00   0.1074007E+00   0.1200000E-01   0.8040021E-01
   0.2000000E+00   0.2300000E-01   0.1810019E+00   0.1066007E+00   0.1619999E-01   0.7740016E-01
   0.2000000E+00   0.2400000E-01   0.1932021E+00   0.1152008E+00   0.1579999E-01   0.8620031E-01
   0.2000000E+00   0.2500000E-01   0.2302027E+00   0.1252010E+00   0.1739999E-01   0.1076007E+00
   0.2000000E+00   0.2600000E-01   0.2298027E+00   0.1384012E+00   0.1859999E-01   0.1070007E+00
   0.2000000E+00   0.2700000E-01   0.2392029E+00   0.1460013E+00   0.1659999E-01   0.9960054E-01
   0.2000000E+00   0.2800000E-01   0.2620033E+00   0.1508014E+00   0.2379998E-01   0.1112007E+00
   0.2000000E+00   0.2900000E-01   0.2746035E+00   0.1552015E+00   0.1839999E-01   0.1182009E+00
   0.2000000E+00   0.3000000E-01   0.2912038E+00   0.1682017E+00   0.2959997E-01   0.1322011E+00
   0.2000000E+00   0.3100000E-01   0.3094041E+00   0.1822019E+00   0.2799997E-01   0.1360012E+00
   0.2000000E+00   0.3200000E-01   0.3448047E+00   0.1990022E+00   0.2739997E-01   0.1524014E+00
   0.2000000E+00   0.3300000E-01   0.3510048E+00   0.2174025E+00   0.3399996E-01   0.1694017E+00
   0.2000000E+00   0.3400000E-01   0.4024056E+00   0.2344028E+00   0.3259996E-01   0.1712018E+00
   0.2000000E+00   0.3500000E-01   0.4022056E+00   0.2484031E+00   0.3619996E-01   0.1812019E+00
   0.2000000E+00   0.3600000E-01   0.4664067E+00   0.2696034E+00   0.4099995E-01   0.1994022E+00
   0.2000000E+00   0.3700000E-01   0.5348027E+00   0.3080041E+00   0.4279995E-01   0.2306028E+00
   0.2000000E+00   0.3800000E-01   0.5444014E+00   0.3178042E+00   0.4739994E-01   0.2384029E+00
   0.2000000E+00   0.3900000E-01   0.5771971E+00   0.3318045E+00   0.4639994E-01   0.2540031E+00
   0.2000000E+00   0.4000000E-01   0.3076040E+00   0.1882020E+00   0.2719997E-01   0.1316011E+00
   0.2000000E+00   0.4100000E-01   0.2112024E+00   0.1186009E+00   0.1819999E-01   0.9340043E-01
   0.2000000E+00   0.4200000E-01   0.1958022E+00   0.1262010E+00   0.1439999E-01   0.8280025E-01
   0.2000000E+00   0.4300000E-01   0.2384029E+00   0.1370012E+00   0.1459999E-01   0.1012006E+00
   0.2000000E+00   0.4400000E-01   0.2626033E+00   0.1608016E+00   0.2159998E-01   0.1164008E+00
   0.2000000E+00   0.4500000E-01   0.2666034E+00   0.1686017E+00   0.1939998E-01   0.1300011E+00
   0.2000000E+00   0.4600000E-01   0.2612033E+00   0.1592015E+00   0.2299998E-01   0.1176008E+00
   0.2000000E+00   0.4700000E-01   0.2778035E+00   0.1804019E+00   0.1819999E-01   0.1292010E+00
   0.2000000E+00   0.4800000E-01   0.3132041E+00   0.1786019E+00   0.2419998E-01   0.1328011E+00
   0.2000000E+00   0.4899999E-01   0.3138041E+00   0.1954022E+00   0.2539997E-01   0.1486014E+00
   0.2000000E+00   0.5000000E-01   0.3222043E+00   0.1958022E+00   0.2799997E-01   0.1484014E+00
   0.2000000E+00   0.5100000E-01   0.3560049E+00   0.1978022E+00   0.3119996E-01   0.1512014E+00
   0.2000000E+00   0.5200000E-01   0.3646050E+00   0.2094024E+00   0.2879997E-01   0.1626016E+00
   0.2000000E+00   0.5300000E-01   0.3726051E+00   0.2186026E+00   0.2959997E-01   0.1702017E+00
   0.2000000E+00   0.5400000E-01   0.3842053E+00   0.2242026E+00   0.2919997E-01   0.1652016E+00
   0.2000000E+00   0.5500000E-01   0.4242060E+00   0.2352028E+00   0.3279996E-01   0.1786019E+00
   0.2000000E+00   0.5599999E-01   0.4198059E+00   0.2428030E+00   0.3599996E-01   0.1866020E+00
   0.2000000E+00   0.5700000E-01   0.4404063E+00   0.2648033E+00   0.3459996E-01   0.1906021E+00
   0.2000000E+00   0.5799999E-01   0.4508065E+00   0.2552032E+00   0.3999995E-01   0.2042023E+00
   0.2000000E+00   0.5900000E-01   0.4700068E+00   0.2920038E+00   0.4019995E-01   0.2070024E+00
   0.2000000E+00   0.5999999E-01   0.4832070E+00   0.2794036E+00   0.3679996E-01   0.2106024E+00
   0.2000000E+00   0.6100000E-01   0.5058065E+00   0.2980039E+00   0.4059995E-01   0.2230026E+00
   0.2000000E+00   0.6200000E-01   0.5124056E+00   0.2950038E+00   0.4339994E-01   0.2270027E+00
   0.2000000E+00   0.6299999E-01   0.5354026E+00   0.3048040E+00   0.4079995E-01   0.2328028E+00
   0.2000000E+00   0.6400000E-01   0.5320030E+00   0.3110041E+00   0.4619994E-01   0.2396029E+00
   0.2000000E+00   0.6500000E-01   0.5460012E+00   0.3296044E+00   0.4319995E-01   0.2444030E+00
   0.2000000E+00   0.6599999E-01   0.5262038E+00   0.3158042E+00   0.4999993E-01   0.2378029E+00
   0.2000000E+00   0.6699999E-01   0.5302033E+00   0.3282044E+00   0.4439994E-01   0.2402029E+00
   0.2000000E+00   0.6800000E-01   0.5593994E+00   0.3096041E+00   0.4339994E-01   0.2292027E+00
   0.2000000E+00   0.6900000E-01   0.5268037E+00   0.3042040E+00   0.4199995E-01   0.2310028E+00
   0.2000000E+00   0.6999999E-01   0.4818070E+00   0.3120041E+00   0.3979995E-01   0.2226026E+00
   0.2000000E+00   0.7099999E-01   0.4624067E+00   0.2814036E+00   0.3959995E-01   0.2154025E+00
   0.2000000E+00   0.7200000E-01   0.4740069E+00   0.2612033E+00   0.3899995E-01   0.1982022E+00
   0.2000000E+00   0.7299999E-01   0.4624067E+00   0.2722034E+00   0.3939995E-01   0.2000022E+00
   0.2000000E+00   0.7399999E-01   0.5008072E+00   0.2986039E+00   0.4479994E-01   0.2152025E+00
   0.2000000E+00   0.7500000E-01   0.4860071E+00   0.3096041E+00   0.4259995E-01   0.2242026E+00
   0.2000000E+00   0.7600000E-01   0.5164051E+00   0.3012039E+00   0.4819994E-01   0.2152025E+00
   0.2000000E+00   0.7699999E-01   0.5284035E+00   0.3242043E+00   0.4599994E-01   0.2344028E+00
   0.2000000E+00   0.7799999E-01   0.5356026E+00   0.3330045E+00   0.4299995E-01   0.2450030E+00
   0.2000000E+00   0.7900000E-01   0.5791968E+00   0.3314044E+00   0.4259995E-01   0.2458030E+00
   0.2000000E+00   0.7999999E-01   0.5665985E+00   0.3292044E+00   0.4519994E-01   0.2512031E+00
   0.2000000E+00   0.8099999E-01   0.5979943E+00   0.3510048E+00   0.4819994E-01   0.2652033E+00
   0.2000000E+00   0.8199999E-01   0.6307900E+00   0.3768052E+00   0.5579992E-01   0.2770035E+00
   0.2000000E+00   0.8300000E-01   0.6155920E+00   0.3722051E+00   0.4999993E-01   0.2716034E+00
   0.2000000E+00   0.8399999E-01   0.6303900E+00   0.3736052E+00   0.4739994E-01   0.2736035E+00
   0.2000000E+00   0.8499999E-01   0.6613860E+00   0.3882054E+00   0.5859992E-01   0.2972039E+00
   0.2000000E+00   0.8600000E-01   0.6723845E+00   0.3754052E+00   0.5379993E-01   0.2948038E+00
   0.2000000E+00   0.8700000E-01   0.6563866E+00   0.3980056E+00   0.5219993E-01   0.2834036E+00
   0.2000000E+00   0.8799999E-01   0.6679851E+00   0.3980056E+00   0.5459993E-01   0.2840036E+00
   0.2000000E+00   0.8899999E-01   0.6701848E+00   0.3958055E+00   0.5339993E-01   0.2930038E+00
   0.2000000E+00   0.9000000E-01   0.6753841E+00   0.4040057E+00   0.5719992E-01   0.3024040E+00
   0.2000000E+00   0.9099999E-01   0.6849828E+00   0.4092058E+00   0.5579992E-01   0.3086041E+00
   0.2000000E+00   0.9199999E-01   0.6841829E+00   0.3868054E+00   0.5559992E-01   0.2814036E+00
   0.2000000E+00   0.9299999E-01   0.6609860E+00   0.3780052E+00   0.5019993E-01   0.2826036E+00
   0.2000000E+00   0.9400000E-01   0.6905821E+00   0.4000056E+00   0.5299993E-01   0.3002039E+00
   0.2000000E+00   0.9499999E-01   0.6807834E+00   0.4204060E+00   0.5759992E-01   0.3014039E+00
   0.2000000E+00   0.9599999E-01   0.6771839E+00   0.3944055E+00   0.5419993E-01   0.2846037E+00
   0.2000000E+00   0.9700000E-01   0.6909820E+00   0.3966056E+00   0.5979992E-01   0.3062040E+00
   0.2000000E+00   0.9799999E-01   0.7103795E+00   0.4246060E+00   0.6259991E-01   0.3116041E+00
   0.2000000E+00   0.9899999E-01   0.7317767E+00   0.4194059E+00   0.6179991E-01   0.3162042E+00
   0.2000000E+00   0.9999999E-01   0.7585731E+00   0.4342062E+00   0.5899992E-01   0.3192042E+00
   0.2000000E+00   0.1010000E+00   0.7615727E+00   0.4406063E+00   0.6659998E-01   0.3272044E+00
   0.2000000E+00   0.1020000E+00   0.7805702E+00   0.4496064E+00   0.5779992E-01   0.3410046E+00
   0.2000000E+00   0.1030000E+00   0.8135659E+00   0.4400063E+00   0.7240008E-01   0.3558049E+00
   0.2000000E+00   0.1040000E+00   0.8135659E+00   0.4470064E+00   0.7200007E-01   0.3452047E+00
   0.2000000E+00   0.1050000E+00   0.8201650E+00   0.4784069E+00   0.6780000E-01   0.3620050E+00
   0.2000000E+00   0.1060000E+00   0.8291638E+00   0.4698068E+00   0.6820001E-01   0.3548048E+00
   0.2000000E+00   0.1070000E+00   0.8303636E+00   0.4696068E+00   0.6479995E-01   0.3698051E+00
   0.2000000E+00   0.1080000E+00   0.8129659E+00   0.4708068E+00   0.6699999E-01   0.3570049E+00
   0.2000000E+00   0.1090000E+00   0.8669588E+00   0.4856071E+00   0.7040004E-01   0.3732052E+00
   0.2000000E+00   0.1100000E+00   0.8695585E+00   0.4920072E+00   0.6900002E-01   0.3736052E+00
   0.2000000E+00   0.1110000E+00   0.8833566E+00   0.4776069E+00   0.7560013E-01   0.3738052E+00
   0.2000000E+00   0.1120000E+00   0.8585599E+00   0.5106059E+00   0.6780000E-01   0.3648050E+00
   0.2000000E+00   0.1130000E+00   0.8585599E+00   0.4974073E+00   0.7700016E-01   0.3732052E+00
   0.2000000E+00   0.1140000E+00   0.8967549E+00   0.5144054E+00   0.7380010E-01   0.3792053E+00
   0.2000000E+00   0.1150000E+00   0.9259510E+00   0.5376023E+00   0.7560013E-01   0.4034057E+00
   0.2000000E+00   0.1160000E+00   0.9405491E+00   0.5314031E+00   0.7540013E-01   0.4048057E+00
   0.2000000E+00   0.1170000E+00   0.9289506E+00   0.5276036E+00   0.8300026E-01   0.3890054E+00
   0.2000000E+00   0.1180000E+00   0.9691453E+00   0.5502006E+00   0.8460028E-01   0.4182059E+00
   0.2000000E+00   0.1190000E+00   0.9391493E+00   0.5354026E+00   0.7880019E-01   0.4038057E+00
   0.2000000E+00   0.1200000E+00   0.9971416E+00   0.5787969E+00   0.8840035E-01   0.4466064E+00
   0.2000000E+00   0.1210000E+00   0.9723449E+00   0.5691981E+00   0.7900019E-01   0.4212060E+00
   0.2000000E+00   0.1220000E+00   0.1038348E+01   0.5745974E+00   0.8880036E-01   0.4458064E+00
   0.2000000E+00   0.1230000E+00   0.1000741E+01   0.5593994E+00   0.8580031E-01   0.4320062E+00
   0.2000000E+00   0.1240000E+00   0.1028146E+01   0.6009939E+00   0.8760034E-01   0.4502065E+00
   0.2000000E+00   0.1250000E+00   0.1060751E+01   0.6005940E+00   0.8280025E-01   0.4534065E+00
   0.2000000E+00   0.1260000E+00   0.1055150E+01   0.5827963E+00   0.9680049E-01   0.4546065E+00
   0.2000000E+00   0.1270000E+00   0.1034947E+01   0.5899954E+00   0.8180024E-01   0.4424063E+00
   0.2000000E+00   0.1280000E+00   0.1060951E+01   0.6081930E+00   0.9280042E-01   0.4666067E+00
   0.2000000E+00   0.1290000E+00   0.1092557E+01   0.6093928E+00   0.1018006E+00   0.4650067E+00
   0.2000000E+00   0.1300000E+00   0.1099558E+01   0.6235909E+00   0.9400044E-01   0.4750069E+00
   0.2000000E+00   0.1310000E+00   0.1146966E+01   0.6451881E+00   0.9000038E-01   0.5040067E+00
   0.2000000E+00   0.1320000E+00   0.1146766E+01   0.6495875E+00   0.1070007E+00   0.5082062E+00
   0.2000000E+00   0.1330000E+00   0.1155567E+01   0.6355894E+00   0.9660049E-01   0.4848070E+00
   0.2000000E+00   0.1340000E+00   0.1141365E+01   0.6551868E+00   0.1096007E+00   0.5020070E+00
   0.2000000E+00   0.1350000E+00   0.1208976E+01   0.6869826E+00   0.1034006E+00   0.5306032E+00
   0.2000000E+00   0.1360000E+00   0.1240981E+01   0.6711847E+00   0.1086007E+00   0.5296034E+00
   0.2000000E+00   0.1370000E+00   0.1231380E+01   0.6995809E+00   0.1054006E+00   0.5306032E+00
   0.2000000E+00   0.1380000E+00   0.1273987E+01   0.7179785E+00   0.1040006E+00   0.5476010E+00
   0.2000000E+00   0.1390000E+00   0.1255384E+01   0.7021806E+00   0.1178008E+00   0.5464011E+00
   0.2000000E+00   0.1400000E+00   0.1257584E+01   0.7165787E+00   0.1142008E+00   0.5569997E+00
   0.2000000E+00   0.1410000E+00   0.1320794E+01   0.7147789E+00   0.1090007E+00   0.5609992E+00
   0.2000000E+00   0.1420000E+00   0.1324795E+01   0.7159787E+00   0.1236009E+00   0.5609992E+00
   0.2000000E+00   0.1430000E+00   0.1318994E+01   0.7445750E+00   0.1158008E+00   0.5813965E+00
   0.2000000E+00   0.1440000E+00   0.1382605E+01   0.7553735E+00   0.1154008E+00   0.5965945E+00
   0.2000000E+00   0.1450000E+00   0.1384405E+01   0.7635725E+00   0.1152008E+00   0.6039935E+00
   0.2000000E+00   0.1460000E+00   0.1347599E+01   0.7699716E+00   0.1218009E+00   0.5659986E+00
   0.2000000E+00   0.1470000E+00   0.1403008E+01   0.7753709E+00   0.1244010E+00   0.6019938E+00
   0.2000000E+00   0.1480000E+00   0.1439814E+01   0.7941684E+00   0.1298010E+00   0.6071931E+00
   0.2000000E+00   0.1490000E+00   0.1424012E+01   0.7873693E+00   0.1258010E+00   0.6073931E+00
   0.2000000E+00   0.1500000E+00   0.1457017E+01   0.7887691E+00   0.1224009E+00   0.6119925E+00
   0.2000000E+00   0.1510000E+00   0.1461218E+01   0.8177653E+00   0.1364012E+00   0.6461880E+00
   0.2000000E+00   0.1520000E+00   0.1501424E+01   0.8327633E+00   0.1228009E+00   0.6505874E+00
   0.2000000E+00   0.1530000E+00   0.1574837E+01   0.8493611E+00   0.1326011E+00   0.6749842E+00
   0.2000000E+00   0.1540000E+00   0.1575837E+01   0.8457616E+00   0.1440013E+00   0.6853828E+00
   0.2000000E+00   0.1550000E+00   0.1606042E+01   0.8797571E+00   0.1414012E+00   0.7053801E+00
   0.2000000E+00   0.1560000E+00   0.1554633E+01   0.8705583E+00   0.1380012E+00   0.6919819E+00
   0.2000000E+00   0.1570000E+00   0.1649049E+01   0.9217516E+00   0.1458013E+00   0.7045802E+00
   0.2000000E+00   0.1580000E+00   0.1664051E+01   0.9083533E+00   0.1376012E+00   0.7309768E+00
   0.2000000E+00   0.1590000E+00   0.1689856E+01   0.9097531E+00   0.1450013E+00   0.7133791E+00
   0.2000000E+00   0.1600000E+00   0.1716060E+01   0.9489480E+00   0.1402012E+00   0.7309768E+00
   0.2000000E+00   0.1610000E+00   0.1753666E+01   0.9467483E+00   0.1636016E+00   0.7589731E+00
   0.2000000E+00   0.1620000E+00   0.1703658E+01   0.9533474E+00   0.1494014E+00   0.7399756E+00
   0.2000000E+00   0.1630000E+00   0.1814076E+01   0.9761444E+00   0.1516014E+00   0.7719713E+00
   0.2000000E+00   0.1640000E+00   0.1831479E+01   0.9891427E+00   0.1576015E+00   0.7817701E+00
   0.2000000E+00   0.1650000E+00   0.1808875E+01   0.9961417E+00   0.1658017E+00   0.7967681E+00
   0.2000000E+00   0.1660000E+00   0.1840081E+01   0.1043548E+01   0.1670017E+00   0.8181652E+00
   0.2000000E+00   0.1670000E+00   0.1916093E+01   0.1036347E+01   0.1732018E+00   0.8239645E+00
   0.2000000E+00   0.1680000E+00   0.1949899E+01   0.1060551E+01   0.1646016E+00   0.8257642E+00
   0.2000000E+00   0.1690000E+00   0.1963501E+01   0.1073553E+01   0.1768018E+00   0.8375627E+00
   0.2000000E+00   0.1700000E+00   0.1992506E+01   0.1082555E+01   0.1700017E+00   0.8613595E+00
   0.2000000E+00   0.1710000E+00   0.2053916E+01   0.1134364E+01   0.1768018E+00   0.9145525E+00
   0.2000000E+00   0.1720000E+00   0.2101524E+01   0.1110360E+01   0.1860020E+00   0.9165522E+00
   0.2000000E+00   0.1730000E+00   0.2070519E+01   0.1158768E+01   0.1868020E+00   0.9077534E+00
   0.2000000E+00   0.1740000E+00   0.2178337E+01   0.1175970E+01   0.1952022E+00   0.9297505E+00
   0.2000000E+00   0.1750000E+00   0.2132329E+01   0.1168369E+01   0.1834020E+00   0.9079534E+00
   0.2000000E+00   0.1760000E+00   0.2192139E+01   0.1202975E+01   0.1988022E+00   0.9485480E+00
   0.2000000E+00   0.1770000E+00   0.2259750E+01   0.1237981E+01   0.1968022E+00   0.9877428E+00
   0.2000000E+00   0.1780000E+00   0.2270752E+01   0.1282388E+01   0.2028023E+00   0.9863430E+00
   0.2000000E+00   0.1790000E+00   0.2331562E+01   0.1246782E+01   0.1950022E+00   0.9987414E+00
   0.2000000E+00   0.1800000E+00   0.2358366E+01   0.1277987E+01   0.2012023E+00   0.1033947E+01
   0.2000000E+00   0.1810000E+00   0.2345164E+01   0.1293790E+01   0.2066023E+00   0.1028746E+01
   0.2000000E+00   0.1820000E+00   0.2434579E+01   0.1336797E+01   0.2064023E+00   0.1048749E+01
   0.2000000E+00   0.1830000E+00   0.2495189E+01   0.1362401E+01   0.2186026E+00   0.1076754E+01
   0.2000000E+00   0.1840000E+00   0.2507791E+01   0.1410809E+01   0.2238026E+00   0.1101958E+01
   0.2000000E+00   0.1850000E+00   0.2499590E+01   0.1408609E+01   0.2174025E+00   0.1074154E+01
   0.2000000E+00   0.1860000E+00   0.2622010E+01   0.1450216E+01   0.2264027E+00   0.1132763E+01
   0.2000000E+00   0.1870000E+00   0.2571602E+01   0.1424812E+01   0.2232026E+00   0.1102958E+01
   0.2000000E+00   0.1880000E+00   0.2636613E+01   0.1471019E+01   0.2398029E+00   0.1145565E+01
   0.2000000E+00   0.1890000E+00   0.2661417E+01   0.1514227E+01   0.2422030E+00   0.1184172E+01
   0.2000000E+00   0.1900000E+00   0.2749831E+01   0.1512426E+01   0.2436030E+00   0.1197974E+01
   0.2000000E+00   0.1910000E+00   0.2736229E+01   0.1557834E+01   0.2440030E+00   0.1205775E+01
   0.2000000E+00   0.1920000E+00   0.2770435E+01   0.1559434E+01   0.2476030E+00   0.1217377E+01
   0.2000000E+00   0.1930000E+00   0.2840046E+01   0.1620844E+01   0.2526031E+00   0.1254784E+01
   0.2000000E+00   0.1940000E+00   0.2802040E+01   0.1587639E+01   0.2562032E+00   0.1241381E+01
   0.2000000E+00   0.1950000E+00   0.2825844E+01   0.1599841E+01   0.2678034E+00   0.1244782E+01
   0.2000000E+00   0.1960000E+00   0.2733029E+01   0.1565635E+01   0.2614033E+00   0.1211176E+01
   0.2000000E+00   0.1970000E+00   0.2676219E+01   0.1518827E+01   0.2340028E+00   0.1161168E+01
   0.2000000E+00   0.1980000E+00   0.2545598E+01   0.1430213E+01   0.2302027E+00   0.1099958E+01
   0.2000000E+00   0.1990000E+00   0.2148132E+01   0.1235980E+01   0.2020023E+00   0.9519476E+00
   0.2000000E+00   0.2000000E+00   0.1261985E+01   0.6451881E+00   0.1250010E+00   0.5388021E+00
   0.2000000E+00   0.2010000E+00   0.9547472E+00   0.4612066E+00   0.1020006E+00   0.4030057E+00
   0.2000000E+00   0.2020000E+00   0.9975415E+00   0.4720068E+00   0.1132008E+00   0.4248060E+00
   0.2000000E+00   0.2030000E+00   0.9769443E+00   0.4776069E+00   0.1034006E+00   0.4144059E+00
   0.2000000E+00   0.2040000E+00   0.1020145E+01   0.4976073E+00   0.1038006E+00   0.4288061E+00
   0.2000000E+00   0.2050000E+00   0.1044349E+01   0.4878071E+00   0.1140008E+00   0.4350062E+00
   0.2000000E+00   0.2060000E+00   0.1078954E+01   0.5178049E+00   0.1162008E+00   0.4558066E+00
   0.2000000E+00   0.2070000E+00   0.1093557E+01   0.5010071E+00   0.1108007E+00   0.4426063E+00
   0.2000000E+00   0.2080000E+00   0.1085155E+01   0.5378023E+00   0.1126008E+00   0.4654067E+00
   0.2000000E+00   0.2090000E+00   0.1108159E+01   0.5374023E+00   0.1212009E+00   0.4654067E+00
   0.2000000E+00   0.2100000E+00   0.1108959E+01   0.5554000E+00   0.1198009E+00   0.4788069E+00
   0.2000000E+00   0.2110000E+00   0.1112160E+01   0.5703980E+00   0.1326011E+00   0.4826070E+00
   0.2000000E+00   0.2120000E+00   0.1177171E+01   0.5621991E+00   0.1216009E+00   0.5020070E+00
   0.2000000E+00   0.2130000E+00   0.1154367E+01   0.5414018E+00   0.1338011E+00   0.4960072E+00
   0.2000000E+00   0.2140000E+00   0.1196174E+01   0.5753973E+00   0.1330011E+00   0.5208045E+00
   0.2000000E+00   0.2150000E+00   0.1199974E+01   0.5963945E+00   0.1348011E+00   0.5336028E+00
   0.2000000E+00   0.2160000E+00   0.1260785E+01   0.6097928E+00   0.1312011E+00   0.5544001E+00
   0.2000000E+00   0.2170000E+00   0.1240381E+01   0.6017938E+00   0.1380012E+00   0.5192047E+00
   0.2000000E+00   0.2180000E+00   0.1263585E+01   0.6101927E+00   0.1330011E+00   0.5272037E+00
   0.2000000E+00   0.2190000E+00   0.1303192E+01   0.6127924E+00   0.1488014E+00   0.5390021E+00
   0.2000000E+00   0.2200000E+00   0.1274387E+01   0.6295902E+00   0.1454013E+00   0.5462012E+00
   0.2000000E+00   0.2210000E+00   0.1322995E+01   0.6283903E+00   0.1464013E+00   0.5546001E+00
   0.2000000E+00   0.2220000E+00   0.1295990E+01   0.6323898E+00   0.1398012E+00   0.5565998E+00
   0.2000000E+00   0.2230000E+00   0.1346199E+01   0.6161919E+00   0.1410012E+00   0.5524004E+00
   0.2000000E+00   0.2240000E+00   0.1346599E+01   0.6467879E+00   0.1508014E+00   0.5641988E+00
   0.2000000E+00   0.2250000E+00   0.1373603E+01   0.6669852E+00   0.1478014E+00   0.5741975E+00
   0.2000000E+00   0.2260000E+00   0.1379804E+01   0.6585863E+00   0.1556015E+00   0.5899954E+00
   0.2000000E+00   0.2270000E+00   0.1389806E+01   0.6669852E+00   0.1548015E+00   0.5987942E+00
   0.2000000E+00   0.2280000E+00   0.1390206E+01   0.6375891E+00   0.1410012E+00   0.5859959E+00
   0.2000000E+00   0.2290000E+00   0.1430213E+01   0.7063800E+00   0.1552015E+00   0.6187916E+00
   0.2000000E+00   0.2300000E+00   0.1390206E+01   0.6899822E+00   0.1580015E+00   0.6081930E+00
   0.2000000E+00   0.2310000E+00   0.1416810E+01   0.6807834E+00   0.1564015E+00   0.6007940E+00
   0.2000000E+00   0.2320000E+00   0.1415610E+01   0.6865826E+00   0.1544015E+00   0.6065932E+00
   0.2000000E+00   0.2330000E+00   0.1416210E+01   0.6943816E+00   0.1466013E+00   0.5921951E+00
   0.2000000E+00   0.2340000E+00   0.1470019E+01   0.7175785E+00   0.1666017E+00   0.6289902E+00
   0.2000000E+00   0.2350000E+00   0.1498624E+01   0.7203782E+00   0.1658017E+00   0.6421885E+00
   0.2000000E+00   0.2360000E+00   0.1471419E+01   0.7281771E+00   0.1662017E+00   0.6459880E+00
   0.2000000E+00   0.2370000E+00   0.1525428E+01   0.7303768E+00   0.1678017E+00   0.6589863E+00
   0.2000000E+00   0.2380000E+00   0.1499624E+01   0.7223779E+00   0.1778019E+00   0.6305900E+00
   0.2000000E+00   0.2390000E+00   0.1544632E+01   0.7481745E+00   0.1680017E+00   0.6459880E+00
   0.2000000E+00   0.2400000E+00   0.1578637E+01   0.7525739E+00   0.1642016E+00   0.6613860E+00
   0.2000000E+00   0.2410000E+00   0.1552233E+01   0.7613727E+00   0.1662017E+00   0.6645855E+00
   0.2000000E+00   0.2420000E+00   0.1588639E+01   0.7707715E+00   0.1710017E+00   0.6695849E+00
   0.2000000E+00   0.2430000E+00   0.1556634E+01   0.7561734E+00   0.1678017E+00   0.6725845E+00
   0.2000000E+00   0.2440000E+00   0.1574237E+01   0.7771707E+00   0.1798019E+00   0.6817833E+00
   0.2000000E+00   0.2450000E+00   0.1636247E+01   0.7807702E+00   0.1884020E+00   0.6833830E+00
   0.2000000E+00   0.2460000E+00   0.1663051E+01   0.7987678E+00   0.1852020E+00   0.7021806E+00
   0.2000000E+00   0.2470000E+00   0.1698657E+01   0.7697716E+00   0.1874020E+00   0.7265773E+00
   0.2000000E+00   0.2480000E+00   0.1642648E+01   0.7969680E+00   0.1742018E+00   0.7101795E+00
   0.2000000E+00   0.2490000E+00   0.1636647E+01   0.7871693E+00   0.1852020E+00   0.7007807E+00
   0.2000000E+00   0.2500000E+00   0.1674653E+01   0.8265641E+00   0.1840020E+00   0.7183784E+00
   0.2000000E+00   0.2510000E+00   0.1691856E+01   0.8039671E+00   0.1928021E+00   0.7209781E+00
   0.2000000E+00   0.2520000E+00   0.1730662E+01   0.8317634E+00   0.1926021E+00   0.7253775E+00
   0.2000000E+00   0.2530000E+00   0.1680654E+01   0.8553603E+00   0.2124024E+00   0.7289770E+00
   0.2000000E+00   0.2540000E+00   0.1682454E+01   0.8121660E+00   0.1866020E+00   0.7283771E+00
   0.2000000E+00   0.2550000E+00   0.1777070E+01   0.8195651E+00   0.2040023E+00   0.7481745E+00
   0.2000000E+00   0.2560000E+00   0.1768269E+01   0.8451617E+00   0.2010023E+00   0.7405755E+00
   0.2000000E+00   0.2570000E+00   0.1795873E+01   0.8599597E+00   0.1930021E+00   0.7477745E+00
   0.2000000E+00   0.2580000E+00   0.1826278E+01   0.8581600E+00   0.2074024E+00   0.7691717E+00
   0.2000000E+00   0.2590000E+00   0.1805475E+01   0.8773574E+00   0.2068024E+00   0.8059669E+00
   0.2000000E+00   0.2600000E+00   0.1837880E+01   0.8609596E+00   0.2010023E+00   0.7869694E+00
   0.2000000E+00   0.2610000E+00   0.1826878E+01   0.8851564E+00   0.2076024E+00   0.7855695E+00
   0.2000000E+00   0.2620000E+00   0.1862684E+01   0.8675587E+00   0.2094024E+00   0.7867694E+00
   0.2000000E+00   0.2630000E+00   0.1860684E+01   0.9105530E+00   0.2040023E+00   0.7735711E+00
   0.2000000E+00   0.2640000E+00   0.1867485E+01   0.9093532E+00   0.2140025E+00   0.8055669E+00
   0.2000000E+00   0.2650000E+00   0.1926495E+01   0.8893558E+00   0.2062023E+00   0.7959682E+00
   0.2000000E+00   0.2660000E+00   0.1878287E+01   0.9231514E+00   0.2148025E+00   0.8103663E+00
   0.2000000E+00   0.2670000E+00   0.1939697E+01   0.9279507E+00   0.2220026E+00   0.8415622E+00
   0.2000000E+00   0.2680000E+00   0.1929095E+01   0.9099531E+00   0.2290027E+00   0.8439618E+00
   0.2000000E+00   0.2690000E+00   0.1964701E+01   0.9199518E+00   0.2236026E+00   0.8403623E+00
   0.2000000E+00   0.2700000E+00   0.1933296E+01   0.9357497E+00   0.2280027E+00   0.8257642E+00
   0.2000000E+00   0.2710000E+00   0.1953900E+01   0.9281507E+00   0.2246027E+00   0.8241645E+00
   0.2000000E+00   0.2720000E+00   0.1984905E+01   0.9525475E+00   0.2308028E+00   0.8595598E+00
   0.2000000E+00   0.2730000E+00   0.1957100E+01   0.9655458E+00   0.2364029E+00   0.8737579E+00
   0.2000000E+00   0.2740000E+00   0.2008108E+01   0.9495479E+00   0.2306028E+00   0.8605596E+00
   0.2000000E+00   0.2750000E+00   0.2015710E+01   0.9813437E+00   0.2384029E+00   0.8685586E+00
   0.2000000E+00   0.2760000E+00   0.2013909E+01   0.9661457E+00   0.2370029E+00   0.8525607E+00
   0.2000000E+00   0.2770000E+00   0.2026911E+01   0.9929422E+00   0.2372029E+00   0.8595598E+00
   0.2000000E+00   0.2780000E+00   0.2007708E+01   0.1025145E+01   0.2358028E+00   0.8741578E+00
   0.2000000E+00   0.2790000E+00   0.2077920E+01   0.9939420E+00   0.2454030E+00   0.8793572E+00
   0.2000000E+00   0.2800000E+00   0.2137730E+01   0.1010543E+01   0.2474030E+00   0.9085533E+00
   0.2000000E+00   0.2810000E+00   0.2132929E+01   0.1000341E+01   0.2536031E+00   0.9015542E+00
   0.2000000E+00   0.2820000E+00   0.2114926E+01   0.1000141E+01   0.2572032E+00   0.8995545E+00
   0.2000000E+00   0.2830000E+00   0.2167935E+01   0.1030346E+01   0.2570032E+00   0.9263510E+00
   0.2000000E+00   0.2840000E+00   0.2151332E+01   0.1018744E+01   0.2498031E+00   0.9293506E+00
   0.2000000E+00   0.2850000E+00   0.2181937E+01   0.1044149E+01   0.2598032E+00   0.9365496E+00
   0.2000000E+00   0.2860000E+00   0.2175936E+01   0.1047749E+01   0.2490031E+00   0.9333500E+00
   0.2000000E+00   0.2870000E+00   0.2123528E+01   0.1045949E+01   0.2790036E+00   0.9237513E+00
   0.2000000E+00   0.2880000E+00   0.2198340E+01   0.1069353E+01   0.2652033E+00   0.9459484E+00
   0.2000000E+00   0.2890000E+00   0.2228145E+01   0.1042548E+01   0.2658033E+00   0.9603465E+00
   0.2000000E+00   0.2900000E+00   0.2232746E+01   0.1063952E+01   0.2816036E+00   0.9667456E+00
   0.2000000E+00   0.2910000E+00   0.2253349E+01   0.1066752E+01   0.2798036E+00   0.9805438E+00
   0.2000000E+00   0.2920000E+00   0.2197740E+01   0.1081555E+01   0.2472030E+00   0.9635460E+00
   0.2000000E+00   0.2930000E+00   0.2281554E+01   0.1077954E+01   0.2730035E+00   0.9877428E+00
   0.2000000E+00   0.2940000E+00   0.2279953E+01   0.1106559E+01   0.2818036E+00   0.9825435E+00
   0.2000000E+00   0.2950000E+00   0.2272952E+01   0.1089956E+01   0.2774035E+00   0.9787440E+00
   0.2000000E+00   0.2960000E+00   0.2305758E+01   0.1116961E+01   0.2946038E+00   0.1004542E+01
   0.2000000E+00   0.2970000E+00   0.2284954E+01   0.1120361E+01   0.2890037E+00   0.1005342E+01
   0.2000000E+00   0.2980000E+00   0.2359567E+01   0.1114760E+01   0.2940038E+00   0.1029146E+01
   0.2000000E+00   0.2990000E+00   0.2267551E+01   0.1113160E+01   0.2882037E+00   0.1005542E+01
   0.2000000E+00   0.3000000E+00   0.2296556E+01   0.1154767E+01   0.2990039E+00   0.1013944E+01
   0.2000000E+00   0.3010000E+00   0.2332562E+01   0.1116361E+01   0.2786036E+00   0.9977415E+00
   0.2000000E+00   0.3020000E+00   0.2352966E+01   0.1108759E+01   0.2990039E+00   0.1010143E+01
   0.2000000E+00   0.3030000E+00   0.2366568E+01   0.1143365E+01   0.2998039E+00   0.1048349E+01
   0.2000000E+00   0.3040000E+00   0.2386971E+01   0.1130363E+01   0.3008039E+00   0.1026346E+01
   0.2000000E+00   0.3050000E+00   0.2360967E+01   0.1139364E+01   0.2844037E+00   0.1012743E+01
   0.2000000E+00   0.3060000E+00   0.2369968E+01   0.1160168E+01   0.3006039E+00   0.1021545E+01
   0.2000000E+00   0.3070000E+00   0.2455383E+01   0.1152967E+01   0.2996039E+00   0.1069953E+01
   0.2000000E+00   0.3080000E+00   0.2339563E+01   0.1181971E+01   0.2876037E+00   0.1021545E+01
   0.2000000E+00   0.3090000E+00   0.2435579E+01   0.1142365E+01   0.2860037E+00   0.1036347E+01
   0.2000000E+00   0.3100000E+00   0.2453582E+01   0.1199574E+01   0.3126041E+00   0.1071953E+01
   0.2000000E+00   0.3110000E+00   0.2468985E+01   0.1196774E+01   0.3094041E+00   0.1068553E+01
   0.2000000E+00   0.3120000E+00   0.2473386E+01   0.1200975E+01   0.3050040E+00   0.1067352E+01
   0.2000000E+00   0.3130000E+00   0.2464784E+01   0.1161168E+01   0.3072040E+00   0.1051550E+01
   0.2000000E+00   0.3140000E+00   0.2469585E+01   0.1203575E+01   0.3100041E+00   0.1077154E+01
   0.2000000E+00   0.3150000E+00   0.2464584E+01   0.1194774E+01   0.3226043E+00   0.1080955E+01
   0.2000000E+00   0.3160000E+00   0.2485388E+01   0.1206175E+01   0.3264044E+00   0.1085355E+01
   0.2000000E+00   0.3170000E+00   0.2447181E+01   0.1196574E+01   0.3252043E+00   0.1051150E+01
   0.2000000E+00   0.3180000E+00   0.2511792E+01   0.1203775E+01   0.3346045E+00   0.1077954E+01
   0.2000000E+00   0.3190000E+00   0.2568001E+01   0.1252183E+01   0.3364045E+00   0.1111160E+01
   0.2000000E+00   0.3200000E+00   0.2583404E+01   0.1200174E+01   0.3216043E+00   0.1119961E+01
   0.2000000E+00   0.3210000E+00   0.2486988E+01   0.1208376E+01   0.3330045E+00   0.1097757E+01
   0.2000000E+00   0.3220000E+00   0.2500190E+01   0.1218778E+01   0.3368045E+00   0.1085155E+01
   0.2000000E+00   0.3230000E+00   0.2519593E+01   0.1230179E+01   0.3286044E+00   0.1089956E+01
   0.2000000E+00   0.3240000E+00   0.2575202E+01   0.1226579E+01   0.3330045E+00   0.1113960E+01
   0.2000000E+00   0.3250000E+00   0.2543397E+01   0.1219978E+01   0.3332045E+00   0.1110960E+01
   0.2000000E+00   0.3260000E+00   0.2501390E+01   0.1202575E+01   0.3382046E+00   0.1096757E+01
   0.2000000E+00   0.3270000E+00   0.2503591E+01   0.1226579E+01   0.3376046E+00   0.1077354E+01
   0.2000000E+00   0.3280000E+00   0.2472385E+01   0.1211976E+01   0.3366045E+00   0.1101558E+01
   0.2000000E+00   0.3290000E+00   0.2532595E+01   0.1242581E+01   0.3446047E+00   0.1133163E+01
   0.2000000E+00   0.3300000E+00   0.2471185E+01   0.1215177E+01   0.3314044E+00   0.1098558E+01
   0.2000000E+00   0.3310000E+00   0.2488988E+01   0.1217577E+01   0.3506048E+00   0.1099158E+01
   0.2000000E+00   0.3320000E+00   0.2462184E+01   0.1224378E+01   0.3420046E+00   0.1102358E+01
   0.2000000E+00   0.3330000E+00   0.2451982E+01   0.1217377E+01   0.3516048E+00   0.1106559E+01
   0.2000000E+00   0.3340000E+00   0.2450182E+01   0.1235980E+01   0.3428046E+00   0.1061751E+01
   0.2000000E+00   0.3350000E+00   0.2519793E+01   0.1194373E+01   0.3426046E+00   0.1076154E+01
   0.2000000E+00   0.3360000E+00   0.2409375E+01   0.1219778E+01   0.3562049E+00   0.1078554E+01
   0.2000000E+00   0.3370000E+00   0.2509592E+01   0.1220378E+01   0.3396046E+00   0.1123162E+01
   0.2000000E+00   0.3380000E+00   0.2398373E+01   0.1192173E+01   0.3468047E+00   0.1048549E+01
   0.2000000E+00   0.3390000E+00   0.2394372E+01   0.1200174E+01   0.3446047E+00   0.1072953E+01
   0.2000000E+00   0.3400000E+00   0.2458783E+01   0.1199174E+01   0.3440047E+00   0.1065952E+01
   0.2000000E+00   0.3410000E+00   0.2372569E+01   0.1169769E+01   0.3392046E+00   0.1072153E+01
   0.2000000E+00   0.3420000E+00   0.2354166E+01   0.1175570E+01   0.3316045E+00   0.1060351E+01
   0.2000000E+00   0.3430000E+00   0.2313159E+01   0.1165169E+01   0.3398046E+00   0.1015344E+01
   0.2000000E+00   0.3440000E+00   0.2270952E+01   0.1146766E+01   0.3374045E+00   0.1039548E+01
   0.2000000E+00   0.3450000E+00   0.2239747E+01   0.1132163E+01   0.3400046E+00   0.1000941E+01
   0.2000000E+00   0.3460000E+00   0.2257750E+01   0.1137764E+01   0.3232043E+00   0.1018344E+01
   0.2000000E+00   0.3470000E+00   0.2188538E+01   0.1100758E+01   0.3314044E+00   0.9669456E+00
   0.2000000E+00   0.3480000E+00   0.2165735E+01   0.1107959E+01   0.3294044E+00   0.9919423E+00
   0.2000000E+00   0.3490000E+00   0.2139730E+01   0.1068353E+01   0.3340045E+00   0.9537473E+00
   0.2000000E+00   0.3500000E+00   0.2075720E+01   0.1053550E+01   0.3244043E+00   0.9357497E+00
   0.2000000E+00   0.3510000E+00   0.2066718E+01   0.1057151E+01   0.3242043E+00   0.9465483E+00
   0.2000000E+00   0.3520000E+00   0.2027112E+01   0.1036747E+01   0.3162042E+00   0.9265509E+00
   0.2000000E+00   0.3530000E+00   0.1966102E+01   0.1023745E+01   0.3126041E+00   0.8989546E+00
   0.2000000E+00   0.3540000E+00   0.1925095E+01   0.1000541E+01   0.3148042E+00   0.9087533E+00
   0.2000000E+00   0.3550000E+00   0.1899090E+01   0.9935421E+00   0.3044040E+00   0.8565602E+00
   0.2000000E+00   0.3560000E+00   0.1855083E+01   0.9491479E+00   0.3090041E+00   0.8659589E+00
   0.2000000E+00   0.3570000E+00   0.1833680E+01   0.9285507E+00   0.3038040E+00   0.8391625E+00
   0.2000000E+00   0.3580000E+00   0.1822478E+01   0.9205517E+00   0.3138041E+00   0.8431619E+00
   0.2000000E+00   0.3590000E+00   0.1764068E+01   0.9335500E+00   0.2930038E+00   0.8095664E+00
   0.2000000E+00   0.3600000E+00   0.1786672E+01   0.9313503E+00   0.2982039E+00   0.8379626E+00
   0.2000000E+00   0.3610000E+00   0.1811476E+01   0.9283507E+00   0.3080041E+00   0.8271641E+00
   0.2000000E+00   0.3620000E+00   0.1820077E+01   0.9407490E+00   0.3166042E+00   0.8317634E+00
   0.2000000E+00   0.3630000E+00   0.1799474E+01   0.9331501E+00   0.3166042E+00   0.8497611E+00
   0.2000000E+00   0.3640000E+00   0.1793673E+01   0.9499478E+00   0.3204043E+00   0.8355629E+00
   0.2000000E+00   0.3650000E+00   0.1828679E+01   0.9533474E+00   0.3180042E+00   0.8527607E+00
   0.2000000E+00   0.3660000E+00   0.1836080E+01   0.9327501E+00   0.3330045E+00   0.8765575E+00
   0.2000000E+00   0.3670000E+00   0.1869686E+01   0.9809437E+00   0.3284044E+00   0.8725581E+00
   0.2000000E+00   0.3680000E+00   0.1871486E+01   0.9999412E+00   0.3240043E+00   0.8653590E+00
   0.2000000E+00   0.3690000E+00   0.1896690E+01   0.9757444E+00   0.3352045E+00   0.8861563E+00
   0.2000000E+00   0.3700000E+00   0.1968702E+01   0.9883428E+00   0.3390046E+00   0.9237513E+00
   0.2000000E+00   0.3710000E+00   0.1862484E+01   0.1002542E+01   0.3418046E+00   0.8977547E+00
   0.2000000E+00   0.3720000E+00   0.1907692E+01   0.1013143E+01   0.3412046E+00   0.9077534E+00
   0.2000000E+00   0.3730000E+00   0.1883088E+01   0.1018944E+01   0.3456047E+00   0.8989546E+00
   0.2000000E+00   0.3740000E+00   0.1901291E+01   0.1006942E+01   0.3434047E+00   0.8779573E+00
   0.2000000E+00   0.3750000E+00   0.1921294E+01   0.1015744E+01   0.3512048E+00   0.8963549E+00
   0.2000000E+00   0.3760000E+00   0.1993706E+01   0.1039548E+01   0.3392046E+00   0.9473482E+00
   0.2000000E+00   0.3770000E+00   0.1904091E+01   0.1038548E+01   0.3498048E+00   0.9163523E+00
   0.2000000E+00   0.3780000E+00   0.2016910E+01   0.1040348E+01   0.3644050E+00   0.9343499E+00
   0.2000000E+00   0.3790000E+00   0.1982304E+01   0.1054750E+01   0.3696051E+00   0.9333500E+00
   0.2000000E+00   0.3800000E+00   0.1965301E+01   0.1062352E+01   0.3614050E+00   0.9191519E+00
   0.2000000E+00   0.3810000E+00   0.1933896E+01   0.1062352E+01   0.3708051E+00   0.9561470E+00
   0.2000000E+00   0.3820000E+00   0.1991506E+01   0.1061151E+01   0.3586049E+00   0.9183520E+00
   0.2000000E+00   0.3830000E+00   0.1966302E+01   0.1034747E+01   0.3646050E+00   0.9467483E+00
   0.2000000E+00   0.3840000E+00   0.2068118E+01   0.1070553E+01   0.3632050E+00   0.9725448E+00
   0.2000000E+00   0.3850000E+00   0.2013309E+01   0.1092157E+01   0.3798053E+00   0.9483480E+00
   0.2000000E+00   0.3860000E+00   0.2007908E+01   0.1086356E+01   0.3688051E+00   0.9489480E+00
   0.2000000E+00   0.3870000E+00   0.2018710E+01   0.1079955E+01   0.3810053E+00   0.9719449E+00
   0.2000000E+00   0.3880000E+00   0.2033713E+01   0.1100958E+01   0.3794053E+00   0.9887427E+00
   0.2000000E+00   0.3890000E+00   0.2060117E+01   0.1090156E+01   0.3770052E+00   0.9481481E+00
   0.2000000E+00   0.3900000E+00   0.2051716E+01   0.1116361E+01   0.3792053E+00   0.9659457E+00
   0.2000000E+00   0.3910000E+00   0.2029112E+01   0.1126562E+01   0.3876054E+00   0.9871429E+00
   0.2000000E+00   0.3920000E+00   0.2055716E+01   0.1112960E+01   0.3796053E+00   0.9907424E+00
   0.2000000E+00   0.3930000E+00   0.2064718E+01   0.1099558E+01   0.3962055E+00   0.1010143E+01
   0.2000000E+00   0.3940000E+00   0.2101124E+01   0.1089556E+01   0.3804053E+00   0.1004542E+01
   0.2000000E+00   0.3950000E+00   0.2139330E+01   0.1149766E+01   0.3958055E+00   0.1028346E+01
   0.2000000E+00   0.3960000E+00   0.2119127E+01   0.1141365E+01   0.4096058E+00   0.1001341E+01
   0.2000000E+00   0.3970000E+00   0.2119927E+01   0.1143565E+01   0.4154059E+00   0.1021345E+01
   0.2000000E+00   0.3980000E+00   0.2135730E+01   0.1113360E+01   0.3986056E+00   0.1016544E+01
   0.2000000E+00   0.3990000E+00   0.2065318E+01   0.1149366E+01   0.4148059E+00   0.9901425E+00
   0.2000000E+00   0.4000000E+00   0.2115126E+01   0.1135364E+01   0.4068057E+00   0.1012343E+01
   0.2000000E+00   0.4010000E+00   0.2112126E+01   0.1161968E+01   0.4006056E+00   0.9991413E+00
   0.2000000E+00   0.4020000E+00   0.2114726E+01   0.1157967E+01   0.4218060E+00   0.1008343E+01
   0.2000000E+00   0.4030000E+00   0.2139730E+01   0.1159568E+01   0.4292061E+00   0.1040348E+01
   0.2000000E+00   0.4040000E+00   0.2153733E+01   0.1142565E+01   0.4182059E+00   0.1030946E+01
   0.2000000E+00   0.4050000E+00   0.2110325E+01   0.1162368E+01   0.4338062E+00   0.1016544E+01
   0.2000000E+00   0.4060000E+00   0.2090722E+01   0.1170570E+01   0.4400063E+00   0.1043148E+01
   0.2000000E+00   0.4070000E+00   0.2131329E+01   0.1171170E+01   0.4312061E+00   0.1027946E+01
   0.2000000E+00   0.4080000E+00   0.2133729E+01   0.1169369E+01   0.4250060E+00   0.1063552E+01
   0.2000000E+00   0.4090000E+00   0.2104724E+01   0.1151766E+01   0.4518065E+00   0.1029546E+01
   0.2000000E+00   0.4100000E+00   0.2131529E+01   0.1195574E+01   0.4326062E+00   0.1043748E+01
   0.2000000E+00   0.4110000E+00   0.2153933E+01   0.1187772E+01   0.4366062E+00   0.1043748E+01
   0.2000000E+00   0.4120000E+00   0.2157733E+01   0.1157167E+01   0.4460064E+00   0.1042948E+01
   0.2000000E+00   0.4130000E+00   0.2167335E+01   0.1200775E+01   0.4376062E+00   0.1072953E+01
   0.2000000E+00   0.4140000E+00   0.2166135E+01   0.1188573E+01   0.4414063E+00   0.1050350E+01
   0.2000000E+00   0.4150000E+00   0.2137930E+01   0.1164969E+01   0.4470064E+00   0.1046149E+01
   0.2000000E+00   0.4160000E+00   0.2108925E+01   0.1192173E+01   0.4342062E+00   0.1031546E+01
   0.2000000E+00   0.4170000E+00   0.2167535E+01   0.1203775E+01   0.4518065E+00   0.1047949E+01
   0.2000000E+00   0.4180000E+00   0.2142331E+01   0.1185372E+01   0.4532065E+00   0.1054150E+01
   0.2000000E+00   0.4190000E+00   0.2115926E+01   0.1209776E+01   0.4388063E+00   0.1019344E+01
   0.2000000E+00   0.4200000E+00   0.2147732E+01   0.1201975E+01   0.4594066E+00   0.1070953E+01
   0.2000000E+00   0.4210000E+00   0.2150532E+01   0.1255784E+01   0.4692068E+00   0.1078754E+01
   0.2000000E+00   0.4220000E+00   0.2117126E+01   0.1222378E+01   0.4680068E+00   0.1064152E+01
   0.2000000E+00   0.4230000E+00   0.2195339E+01   0.1230780E+01   0.4610066E+00   0.1093557E+01
   0.2000000E+00   0.4240000E+00   0.2152532E+01   0.1199774E+01   0.4550065E+00   0.1056351E+01
   0.2000000E+00   0.4250000E+00   0.2169335E+01   0.1196974E+01   0.4810070E+00   0.1076954E+01
   0.2000000E+00   0.4260000E+00   0.2118327E+01   0.1214977E+01   0.4638067E+00   0.1063552E+01
   0.2000000E+00   0.4270000E+00   0.2131129E+01   0.1257584E+01   0.4688068E+00   0.1073553E+01
   0.2000000E+00   0.4280000E+00   0.2121327E+01   0.1204575E+01   0.4700068E+00   0.1070953E+01
   0.2000000E+00   0.4290000E+00   0.2148732E+01   0.1261385E+01   0.4644067E+00   0.1083355E+01
   0.2000000E+00   0.4300000E+00   0.2105525E+01   0.1263585E+01   0.4712068E+00   0.1077154E+01
   0.2000000E+00   0.4310000E+00   0.2152332E+01   0.1239981E+01   0.4786069E+00   0.1064752E+01
   0.2000000E+00   0.4320000E+00   0.2167935E+01   0.1240381E+01   0.4836070E+00   0.1095157E+01
   0.2000000E+00   0.4330000E+00   0.2058517E+01   0.1251983E+01   0.4586066E+00   0.1064352E+01
   0.2000000E+00   0.4340000E+00   0.2082721E+01   0.1236180E+01   0.4948072E+00   0.1090356E+01
   0.2000000E+00   0.4350000E+00   0.2095323E+01   0.1228779E+01   0.4782069E+00   0.1058551E+01
   0.2000000E+00   0.4360000E+00   0.2124928E+01   0.1219578E+01   0.4884071E+00   0.1083555E+01
   0.2000000E+00   0.4370000E+00   0.2119727E+01   0.1220378E+01   0.4932072E+00   0.1077754E+01
   0.2000000E+00   0.4380000E+00   0.2061317E+01   0.1238381E+01   0.5012071E+00   0.1089556E+01
   0.2000000E+00   0.4390000E+00   0.2065118E+01   0.1261585E+01   0.4930072E+00   0.1077754E+01
   0.2000000E+00   0.4400000E+00   0.2106525E+01   0.1243182E+01   0.4964072E+00   0.1096557E+01
   0.2000000E+00   0.4410000E+00   0.2052516E+01   0.1230980E+01   0.5102059E+00   0.1070553E+01
   0.2000000E+00   0.4420000E+00   0.2050115E+01   0.1224779E+01   0.4994073E+00   0.1108159E+01
   0.2000000E+00   0.4430000E+00   0.1993906E+01   0.1217377E+01   0.4708068E+00   0.1030346E+01
   0.2000000E+00   0.4440000E+00   0.2042314E+01   0.1225579E+01   0.4958072E+00   0.1057151E+01
   0.2000000E+00   0.4450000E+00   0.2021511E+01   0.1212577E+01   0.4922072E+00   0.1042348E+01
   0.2000000E+00   0.4460000E+00   0.1964501E+01   0.1241781E+01   0.4984073E+00   0.1046149E+01
   0.2000000E+00   0.4470000E+00   0.2002908E+01   0.1222178E+01   0.4934072E+00   0.1061351E+01
   0.2000000E+00   0.4480000E+00   0.1979304E+01   0.1208976E+01   0.5036068E+00   0.1046349E+01
   0.2000000E+00   0.4490000E+00   0.1986705E+01   0.1237181E+01   0.5154052E+00   0.1062152E+01
   0.2000000E+00   0.4500000E+00   0.1932096E+01   0.1217777E+01   0.5190048E+00   0.1046749E+01
   0.2000000E+00   0.4510000E+00   0.1957300E+01   0.1207376E+01   0.5110058E+00   0.1031346E+01
   0.2000000E+00   0.4520000E+00   0.1910892E+01   0.1228179E+01   0.5028069E+00   0.1023345E+01
   0.2000000E+00   0.4530000E+00   0.1900891E+01   0.1197374E+01   0.5094060E+00   0.1048949E+01
   0.2000000E+00   0.4540000E+00   0.1933296E+01   0.1208776E+01   0.4992073E+00   0.1049549E+01
   0.2000000E+00   0.4550000E+00   0.1848882E+01   0.1228179E+01   0.5004072E+00   0.1016144E+01
   0.2000000E+00   0.4560000E+00   0.1923294E+01   0.1221978E+01   0.5064064E+00   0.1051350E+01
   0.2000000E+00   0.4570000E+00   0.1903291E+01   0.1212376E+01   0.5160052E+00   0.1053550E+01
   0.2000000E+00   0.4580000E+00   0.1885888E+01   0.1178971E+01   0.5128056E+00   0.1022945E+01
   0.2000000E+00   0.4590000E+00   0.1855483E+01   0.1200775E+01   0.5156052E+00   0.1034947E+01
   0.2000000E+00   0.4600000E+00   0.1815277E+01   0.1214977E+01   0.5222043E+00   0.1035747E+01
   0.2000000E+00   0.4610000E+00   0.1790272E+01   0.1190173E+01   0.5096060E+00   0.1003942E+01
   0.2000000E+00   0.4620000E+00   0.1781071E+01   0.1199974E+01   0.5050066E+00   0.9765443E+00
   0.2000000E+00   0.4630000E+00   0.1789272E+01   0.1190373E+01   0.5202046E+00   0.9965417E+00
   0.2000000E+00   0.4640000E+00   0.1751266E+01   0.1166369E+01   0.5306032E+00   0.9973416E+00
   0.2000000E+00   0.4650000E+00   0.1784871E+01   0.1174170E+01   0.5066064E+00   0.9819436E+00
   0.2000000E+00   0.4660000E+00   0.1748865E+01   0.1168969E+01   0.5196047E+00   0.9783441E+00
   0.2000000E+00   0.4670000E+00   0.1685855E+01   0.1151566E+01   0.5206046E+00   0.9631461E+00
   0.2000000E+00   0.4680000E+00   0.1684255E+01   0.1156167E+01   0.5030069E+00   0.9619462E+00
   0.2000000E+00   0.4690000E+00   0.1680654E+01   0.1163168E+01   0.5222043E+00   0.9797439E+00
   0.2000000E+00   0.4700000E+00   0.1657250E+01   0.1158768E+01   0.5122057E+00   0.9639460E+00
   0.2000000E+00   0.4710000E+00   0.1642448E+01   0.1134964E+01   0.5258039E+00   0.9545472E+00
   0.2000000E+00   0.4720000E+00   0.1663851E+01   0.1162168E+01   0.5134055E+00   0.9721449E+00
   0.2000000E+00   0.4730000E+00   0.1612843E+01   0.1141965E+01   0.5246040E+00   0.9481481E+00
   0.2000000E+00   0.4740000E+00   0.1609042E+01   0.1138964E+01   0.5332029E+00   0.9511477E+00
   0.2000000E+00   0.4750000E+00   0.1641448E+01   0.1110160E+01   0.5256039E+00   0.9363496E+00
   0.2000000E+00   0.4760000E+00   0.1558034E+01   0.1117161E+01   0.5142054E+00   0.9489480E+00
   0.2000000E+00   0.4770000E+00   0.1618444E+01   0.1138164E+01   0.5318031E+00   0.9377494E+00
   0.2000000E+00   0.4780000E+00   0.1588839E+01   0.1159368E+01   0.5382022E+00   0.9479481E+00
   0.2000000E+00   0.4790000E+00   0.1517427E+01   0.1111960E+01   0.5300033E+00   0.9163523E+00
   0.2000000E+00   0.4800000E+00   0.1527629E+01   0.1130563E+01   0.5392021E+00   0.9407490E+00
   0.2000000E+00   0.4810000E+00   0.1522428E+01   0.1142165E+01   0.5434015E+00   0.9373495E+00
   0.2000000E+00   0.4820000E+00   0.1567035E+01   0.1148566E+01   0.5214044E+00   0.9539473E+00
   0.2000000E+00   0.4830000E+00   0.1539631E+01   0.1144765E+01   0.5512005E+00   0.9589466E+00
   0.2000000E+00   0.4840000E+00   0.1543831E+01   0.1118361E+01   0.5146053E+00   0.9395492E+00
   0.2000000E+00   0.4850000E+00   0.1523428E+01   0.1140365E+01   0.5466011E+00   0.9275508E+00
   0.2000000E+00   0.4860000E+00   0.1565035E+01   0.1161968E+01   0.5659986E+00   0.9675455E+00
   0.2000000E+00   0.4870000E+00   0.1546832E+01   0.1141365E+01   0.5625990E+00   0.9525475E+00
   0.2000000E+00   0.4880000E+00   0.1589639E+01   0.1176771E+01   0.5514005E+00   0.9763443E+00
   0.2000000E+00   0.4890000E+00   0.1556434E+01   0.1159568E+01   0.5478010E+00   0.9501478E+00
   0.2000000E+00   0.4900000E+00   0.1529029E+01   0.1154167E+01   0.5781969E+00   0.9735447E+00
   0.2000000E+00   0.4910000E+00   0.1555233E+01   0.1169369E+01   0.5647987E+00   0.9531474E+00
   0.2000000E+00   0.4920000E+00   0.1516827E+01   0.1164369E+01   0.5486009E+00   0.9273508E+00
   0.2000000E+00   0.4930000E+00   0.1558234E+01   0.1167169E+01   0.5550000E+00   0.9623462E+00
   0.2000000E+00   0.4940000E+00   0.1544832E+01   0.1206776E+01   0.5542001E+00   0.9795439E+00
   0.2000000E+00   0.4950000E+00   0.1549632E+01   0.1193773E+01   0.5909953E+00   0.9759444E+00
   0.2000000E+00   0.4960000E+00   0.1549632E+01   0.1185372E+01   0.5681983E+00   0.9711450E+00
   0.2000000E+00   0.4970000E+00   0.1523828E+01   0.1166569E+01   0.5787969E+00   0.9545472E+00
   0.2000000E+00   0.4980000E+00   0.1553233E+01   0.1207176E+01   0.5729976E+00   0.9759444E+00
   0.2000000E+00   0.4990000E+00   0.1517027E+01   0.1194574E+01   0.5903953E+00   0.9595466E+00
   0.2000000E+00   0.5000000E+00   0.1500624E+01   0.1183972E+01   0.6035936E+00   0.9837434E+00
   0.2000000E+00   0.5010000E+00   0.1493223E+01   0.1169169E+01   0.6019938E+00   0.9821436E+00
   0.2000000E+00   0.5020000E+00   0.1543831E+01   0.1189773E+01   0.5825964E+00   0.9723449E+00
   0.2000000E+00   0.5030000E+00   0.1546232E+01   0.1214377E+01   0.5955946E+00   0.9713450E+00
   0.2000000E+00   0.5039999E+00   0.1520028E+01   0.1187572E+01   0.5973944E+00   0.9607464E+00
   0.2000000E+00   0.5049999E+00   0.1538031E+01   0.1223378E+01   0.6011939E+00   0.1000741E+01
   0.2000000E+00   0.5060000E+00   0.1536430E+01   0.1214577E+01   0.6055933E+00   0.9981415E+00
   0.2000000E+00   0.5070000E+00   0.1467019E+01   0.1194774E+01   0.6033936E+00   0.9399492E+00
   0.2000000E+00   0.5080000E+00   0.1493623E+01   0.1202175E+01   0.6123924E+00   0.9725448E+00
   0.2000000E+00   0.5089999E+00   0.1520428E+01   0.1192373E+01   0.6233910E+00   0.1004342E+01
   0.2000000E+00   0.5100000E+00   0.1496824E+01   0.1217977E+01   0.6129923E+00   0.9685454E+00
   0.2000000E+00   0.5110000E+00   0.1500224E+01   0.1187972E+01   0.6243908E+00   0.9731448E+00
   0.2000000E+00   0.5120000E+00   0.1495623E+01   0.1224378E+01   0.6229910E+00   0.9915423E+00
   0.2000000E+00   0.5130000E+00   0.1508026E+01   0.1194173E+01   0.6253907E+00   0.9603465E+00
   0.2000000E+00   0.5139999E+00   0.1448616E+01   0.1189373E+01   0.6489876E+00   0.9947419E+00
   0.2000000E+00   0.5150000E+00   0.1430213E+01   0.1240781E+01   0.6277904E+00   0.9947419E+00
   0.2000000E+00   0.5160000E+00   0.1459217E+01   0.1213577E+01   0.6245908E+00   0.9809437E+00
   0.2000000E+00   0.5170000E+00   0.1494023E+01   0.1205775E+01   0.6297901E+00   0.9999412E+00
   0.2000000E+00   0.5179999E+00   0.1490823E+01   0.1249783E+01   0.6363893E+00   0.1000541E+01
   0.2000000E+00   0.5190000E+00   0.1455417E+01   0.1223778E+01   0.6475878E+00   0.9811437E+00
   0.2000000E+00   0.5200000E+00   0.1428412E+01   0.1205175E+01   0.6463879E+00   0.9745446E+00
   0.2000000E+00   0.5210000E+00   0.1443415E+01   0.1211776E+01   0.6379890E+00   0.9651458E+00
   0.2000000E+00   0.5220000E+00   0.1484222E+01   0.1221578E+01   0.6731844E+00   0.1020145E+01
   0.2000000E+00   0.5229999E+00   0.1469819E+01   0.1223378E+01   0.6811833E+00   0.1012343E+01
   0.2000000E+00   0.5240000E+00   0.1424412E+01   0.1203775E+01   0.6643856E+00   0.9733447E+00
   0.2000000E+00   0.5250000E+00   0.1452616E+01   0.1218978E+01   0.6703848E+00   0.1004742E+01
   0.2000000E+00   0.5260000E+00   0.1433213E+01   0.1212777E+01   0.6703848E+00   0.9917423E+00
   0.2000000E+00   0.5270000E+00   0.1402608E+01   0.1225779E+01   0.6823832E+00   0.1007342E+01
   0.2000000E+00   0.5279999E+00   0.1372403E+01   0.1237781E+01   0.6683850E+00   0.9759444E+00
   0.2000000E+00   0.5290000E+00   0.1369002E+01   0.1243982E+01   0.6761840E+00   0.9797439E+00
   0.2000000E+00   0.5300000E+00   0.1347199E+01   0.1213177E+01   0.6563866E+00   0.9767443E+00
   0.2000000E+00   0.5310000E+00   0.1361201E+01   0.1212376E+01   0.6507874E+00   0.9653458E+00
   0.2000000E+00   0.5319999E+00   0.1375203E+01   0.1216177E+01   0.6821832E+00   0.9781441E+00
   0.2000000E+00   0.5330000E+00   0.1329596E+01   0.1223578E+01   0.6373891E+00   0.9367496E+00
   0.2000000E+00   0.5340000E+00   0.1368202E+01   0.1214377E+01   0.6793836E+00   0.9915423E+00
   0.2000000E+00   0.5350000E+00   0.1346399E+01   0.1201775E+01   0.6767839E+00   0.9835434E+00
   0.2000000E+00   0.5360000E+00   0.1316794E+01   0.1222978E+01   0.6897822E+00   0.9603465E+00
   0.2000000E+00   0.5369999E+00   0.1240781E+01   0.1237381E+01   0.6809834E+00   0.9527475E+00
   0.2000000E+00   0.5380000E+00   0.1290589E+01   0.1232380E+01   0.6985810E+00   0.9843433E+00
   0.2000000E+00   0.5390000E+00   0.1255384E+01   0.1214977E+01   0.6953815E+00   0.9695452E+00
   0.2000000E+00   0.5400000E+00   0.1249783E+01   0.1211576E+01   0.7227778E+00   0.9837434E+00
   0.2000000E+00   0.5409999E+00   0.1234580E+01   0.1191373E+01   0.6929818E+00   0.9391493E+00
   0.2000000E+00   0.5419999E+00   0.1256384E+01   0.1226379E+01   0.6919819E+00   0.9647459E+00
   0.2000000E+00   0.5430000E+00   0.1266385E+01   0.1215777E+01   0.6975812E+00   0.9785441E+00
   0.2000000E+00   0.5440000E+00   0.1258184E+01   0.1205175E+01   0.7049802E+00   0.9845433E+00
   0.2000000E+00   0.5450000E+00   0.1213377E+01   0.1204975E+01   0.7027805E+00   0.9509477E+00
   0.2000000E+00   0.5459999E+00   0.1197174E+01   0.1216977E+01   0.6871825E+00   0.9577468E+00
   0.2000000E+00   0.5470000E+00   0.1202775E+01   0.1228779E+01   0.7103795E+00   0.9879428E+00
   0.2000000E+00   0.5480000E+00   0.1142365E+01   0.1207376E+01   0.6877825E+00   0.9339499E+00
   0.2000000E+00   0.5490000E+00   0.1176170E+01   0.1218778E+01   0.7087797E+00   0.9471482E+00
   0.2000000E+00   0.5500000E+00   0.1173970E+01   0.1186572E+01   0.7109794E+00   0.9561470E+00
   0.2000000E+00   0.5509999E+00   0.1134564E+01   0.1216977E+01   0.6991810E+00   0.9535474E+00
   0.2000000E+00   0.5520000E+00   0.1160568E+01   0.1212176E+01   0.7289770E+00   0.9635460E+00
   0.2000000E+00   0.5530000E+00   0.1123762E+01   0.1182572E+01   0.7373759E+00   0.9569469E+00
   0.2000000E+00   0.5540000E+00   0.1130763E+01   0.1199574E+01   0.7261774E+00   0.9595466E+00
   0.2000000E+00   0.5549999E+00   0.1133963E+01   0.1177971E+01   0.7153788E+00   0.9355497E+00
   0.2000000E+00   0.5559999E+00   0.1084955E+01   0.1169169E+01   0.7035804E+00   0.9071535E+00
   0.2000000E+00   0.5570000E+00   0.1056351E+01   0.1183572E+01   0.7173786E+00   0.9311503E+00
   0.2000000E+00   0.5580000E+00   0.1066752E+01   0.1168969E+01   0.7359761E+00   0.9011543E+00
   0.2000000E+00   0.5590000E+00   0.1077354E+01   0.1152367E+01   0.7217780E+00   0.9317502E+00
   0.2000000E+00   0.5599999E+00   0.1061351E+01   0.1171570E+01   0.7297769E+00   0.9263510E+00
   0.2000000E+00   0.5610000E+00   0.1016744E+01   0.1164969E+01   0.7121792E+00   0.9071535E+00
   0.2000000E+00   0.5620000E+00   0.1023945E+01   0.1209576E+01   0.7515740E+00   0.9383494E+00
   0.2000000E+00   0.5630000E+00   0.1013543E+01   0.1181371E+01   0.7247776E+00   0.9221515E+00
   0.2000000E+00   0.5640000E+00   0.1007743E+01   0.1194373E+01   0.7689717E+00   0.9271508E+00
   0.2000000E+00   0.5649999E+00   0.9857431E+00   0.1177971E+01   0.7295769E+00   0.8999544E+00
   0.2000000E+00   0.5660000E+00   0.9997413E+00   0.1155567E+01   0.7509741E+00   0.9205517E+00
   0.2000000E+00   0.5670000E+00   0.9677455E+00   0.1181771E+01   0.7229778E+00   0.9189519E+00
   0.2000000E+00   0.5680000E+00   0.9731448E+00   0.1169169E+01   0.7407755E+00   0.9081534E+00
   0.2000000E+00   0.5689999E+00   0.9853432E+00   0.1185972E+01   0.7657722E+00   0.9255511E+00
   0.2000000E+00   0.5699999E+00   0.9763443E+00   0.1199374E+01   0.7597730E+00   0.9311503E+00
   0.2000000E+00   0.5710000E+00   0.9821436E+00   0.1156767E+01   0.7551736E+00   0.9113529E+00
   0.2000000E+00   0.5720000E+00   0.9121528E+00   0.1161368E+01   0.7633725E+00   0.9027541E+00
   0.2000000E+00   0.5730000E+00   0.9803438E+00   0.1176571E+01   0.7547736E+00   0.9159523E+00
   0.2000000E+00   0.5739999E+00   0.9561470E+00   0.1176170E+01   0.7469746E+00   0.9155524E+00
   0.2000000E+00   0.5750000E+00   0.8957550E+00   0.1145965E+01   0.7735711E+00   0.9173521E+00
   0.2000000E+00   0.5760000E+00   0.9587467E+00   0.1173170E+01   0.7733712E+00   0.9157524E+00
   0.2000000E+00   0.5770000E+00   0.9289506E+00   0.1163168E+01   0.7837698E+00   0.9171522E+00
   0.2000000E+00   0.5779999E+00   0.8693585E+00   0.1158368E+01   0.7799703E+00   0.9003544E+00
   0.2000000E+00   0.5789999E+00   0.9111530E+00   0.1194373E+01   0.7961681E+00   0.8889559E+00
   0.2000000E+00   0.5800000E+00   0.8681586E+00   0.1183772E+01   0.7897690E+00   0.8985546E+00
   0.2000000E+00   0.5810000E+00   0.8881560E+00   0.1177971E+01   0.7883692E+00   0.8891559E+00
   0.2000000E+00   0.5820000E+00   0.8881560E+00   0.1160968E+01   0.7981679E+00   0.9107530E+00
   0.2000000E+00   0.5829999E+00   0.8897558E+00   0.1151166E+01   0.8185652E+00   0.9229514E+00
   0.2000000E+00   0.5839999E+00   0.8955550E+00   0.1172770E+01   0.7869694E+00   0.9009543E+00
   0.2000000E+00   0.5850000E+00   0.9057537E+00   0.1178971E+01   0.7989678E+00   0.9463483E+00
   0.2000000E+00   0.5860000E+00   0.8473614E+00   0.1175770E+01   0.7939684E+00   0.9099531E+00
   0.2000000E+00   0.5870000E+00   0.8515608E+00   0.1169569E+01   0.8191651E+00   0.9051538E+00
   0.2000000E+00   0.5879999E+00   0.8433619E+00   0.1165369E+01   0.8129659E+00   0.8933553E+00
   0.2000000E+00   0.5890000E+00   0.8375627E+00   0.1173970E+01   0.8155656E+00   0.9097531E+00
   0.2000000E+00   0.5900000E+00   0.8221647E+00   0.1181171E+01   0.8191651E+00   0.9253511E+00
   0.2000000E+00   0.5910000E+00   0.8237645E+00   0.1186172E+01   0.8061668E+00   0.8983546E+00
   0.2000000E+00   0.5919999E+00   0.8407623E+00   0.1152567E+01   0.8147657E+00   0.9189519E+00
   0.2000000E+00   0.5929999E+00   0.8205649E+00   0.1192573E+01   0.8195651E+00   0.9155524E+00
   0.2000000E+00   0.5940000E+00   0.7963681E+00   0.1173370E+01   0.8363628E+00   0.8939552E+00
   0.2000000E+00   0.5950000E+00   0.7861695E+00   0.1151766E+01   0.8223647E+00   0.8933553E+00
   0.2000000E+00   0.5960000E+00   0.8117661E+00   0.1199574E+01   0.8621594E+00   0.9529474E+00
   0.2000000E+00   0.5969999E+00   0.7959682E+00   0.1200775E+01   0.8285639E+00   0.9133527E+00
   0.2000000E+00   0.5979999E+00   0.8045670E+00   0.1174770E+01   0.8295637E+00   0.9237513E+00
   0.2000000E+00   0.5990000E+00   0.8127660E+00   0.1190373E+01   0.8365628E+00   0.9133527E+00
   0.2000000E+00   0.6000000E+00   0.7783705E+00   0.1166969E+01   0.8455616E+00   0.9087533E+00
   0.2000000E+00   0.6010000E+00   0.7675719E+00   0.1178971E+01   0.8619595E+00   0.9135526E+00
   0.2000000E+00   0.6019999E+00   0.7911688E+00   0.1156567E+01   0.8713582E+00   0.9331501E+00
   0.2000000E+00   0.6030000E+00   0.7827699E+00   0.1173770E+01   0.8545604E+00   0.9169522E+00
   0.2000000E+00   0.6040000E+00   0.7443750E+00   0.1184372E+01   0.8669588E+00   0.8997545E+00
   0.2000000E+00   0.6050000E+00   0.7317767E+00   0.1207576E+01   0.8333632E+00   0.9039539E+00
   0.2000000E+00   0.6059999E+00   0.7369760E+00   0.1164369E+01   0.8639592E+00   0.9159523E+00
   0.2000000E+00   0.6069999E+00   0.7241777E+00   0.1146165E+01   0.8629593E+00   0.8947551E+00
   0.2000000E+00   0.6080000E+00   0.7111794E+00   0.1169169E+01   0.8737579E+00   0.9063536E+00
   0.2000000E+00   0.6090000E+00   0.7265773E+00   0.1199774E+01   0.8743578E+00   0.9293506E+00
   0.2000000E+00   0.6100000E+00   0.7073799E+00   0.1181571E+01   0.8755577E+00   0.9181520E+00
   0.2000000E+00   0.6109999E+00   0.7355762E+00   0.1182171E+01   0.8865562E+00   0.9207517E+00
   0.2000000E+00   0.6119999E+00   0.7117793E+00   0.1182171E+01   0.8699584E+00   0.9101531E+00
   0.2000000E+00   0.6130000E+00   0.7061800E+00   0.1172770E+01   0.9033540E+00   0.9401491E+00
   0.2000000E+00   0.6140000E+00   0.6695849E+00   0.1161968E+01   0.9005544E+00   0.9089532E+00
   0.2000000E+00   0.6149999E+00   0.6415886E+00   0.1165969E+01   0.9031540E+00   0.8923554E+00
   0.2000000E+00   0.6159999E+00   0.6599861E+00   0.1154967E+01   0.9001544E+00   0.9051538E+00
   0.2000000E+00   0.6170000E+00   0.6939816E+00   0.1146366E+01   0.8979547E+00   0.9173521E+00
   0.2000000E+00   0.6180000E+00   0.6619859E+00   0.1171170E+01   0.9021541E+00   0.9211516E+00
   0.2000000E+00   0.6190000E+00   0.6829831E+00   0.1150566E+01   0.9247512E+00   0.9271508E+00
   0.2000000E+00   0.6199999E+00   0.6385890E+00   0.1151366E+01   0.9061536E+00   0.9033540E+00
   0.2000000E+00   0.6209999E+00   0.6539869E+00   0.1164168E+01   0.8901557E+00   0.9105530E+00
   0.2000000E+00   0.6220000E+00   0.6097928E+00   0.1151766E+01   0.9413490E+00   0.9387493E+00
   0.2000000E+00   0.6230000E+00   0.6183916E+00   0.1150366E+01   0.9001544E+00   0.9001544E+00
   0.2000000E+00   0.6240000E+00   0.6175917E+00   0.1152166E+01   0.9321502E+00   0.9273508E+00
   0.2000000E+00   0.6249999E+00   0.6075931E+00   0.1119561E+01   0.9429488E+00   0.9171522E+00
   0.2000000E+00   0.6259999E+00   0.5923951E+00   0.1149566E+01   0.9315503E+00   0.8975548E+00
   0.2000000E+00   0.6270000E+00   0.6015939E+00   0.1144765E+01   0.9479481E+00   0.8899558E+00
   0.2000000E+00   0.6280000E+00   0.5739975E+00   0.1129963E+01   0.9211516E+00   0.8767575E+00
   0.2000000E+00   0.6289999E+00   0.6053934E+00   0.1128163E+01   0.9199518E+00   0.8859563E+00
   0.2000000E+00   0.6299999E+00   0.5544001E+00   0.1141765E+01   0.9531474E+00   0.8717582E+00
   0.2000000E+00   0.6310000E+00   0.5526003E+00   0.1139564E+01   0.9743446E+00   0.9129527E+00
   0.2000000E+00   0.6320000E+00   0.5368024E+00   0.1126162E+01   0.9511477E+00   0.9067535E+00
   0.2000000E+00   0.6330000E+00   0.5452013E+00   0.1129763E+01   0.9377494E+00   0.8815569E+00
   0.2000000E+00   0.6339999E+00   0.5468011E+00   0.1128963E+01   0.9715450E+00   0.9163523E+00
   0.2000000E+00   0.6349999E+00   0.5436015E+00   0.1153567E+01   0.9639460E+00   0.9335500E+00
   0.2000000E+00   0.6360000E+00   0.5290034E+00   0.1127162E+01   0.9607464E+00   0.8931553E+00
   0.2000000E+00   0.6370000E+00   0.5130056E+00   0.1127762E+01   0.9647459E+00   0.8945552E+00
   0.2000000E+00   0.6380000E+00   0.5198047E+00   0.1110560E+01   0.9565470E+00   0.8997545E+00
   0.2000000E+00   0.6389999E+00   0.5244040E+00   0.1142165E+01   0.9689453E+00   0.8971548E+00
   0.2000000E+00   0.6399999E+00   0.4858071E+00   0.1126962E+01   0.9779441E+00   0.8995545E+00
   0.2000000E+00   0.6410000E+00   0.4634067E+00   0.1110960E+01   0.9561470E+00   0.8687586E+00
   0.2000000E+00   0.6420000E+00   0.4672067E+00   0.1120961E+01   0.1013944E+01   0.9119529E+00
   0.2000000E+00   0.6429999E+00   0.4674067E+00   0.1130763E+01   0.9935421E+00   0.8975548E+00
   0.2000000E+00   0.6439999E+00   0.4726068E+00   0.1098558E+01   0.1003142E+01   0.8949551E+00
   0.2000000E+00   0.6450000E+00   0.4552065E+00   0.1115360E+01   0.9897426E+00   0.8613595E+00
   0.2000000E+00   0.6460000E+00   0.4776069E+00   0.1121961E+01   0.1003742E+01   0.9097531E+00
   0.2000000E+00   0.6470000E+00   0.4538065E+00   0.1123762E+01   0.1025545E+01   0.9045538E+00
   0.2000000E+00   0.6479999E+00   0.4310061E+00   0.1110160E+01   0.1007342E+01   0.8901557E+00
   0.2000000E+00   0.6489999E+00   0.4154059E+00   0.1091156E+01   0.9873429E+00   0.8845565E+00
   0.2000000E+00   0.6500000E+00   0.4232060E+00   0.1102158E+01   0.9915423E+00   0.8817568E+00
   0.2000000E+00   0.6510000E+00   0.4260060E+00   0.1096557E+01   0.9973416E+00   0.8907557E+00
   0.2000000E+00   0.6520000E+00   0.4360062E+00   0.1101758E+01   0.1017344E+01   0.8953550E+00
   0.2000000E+00   0.6529999E+00   0.4340062E+00   0.1103758E+01   0.1033147E+01   0.9063536E+00
   0.2000000E+00   0.6540000E+00   0.3992056E+00   0.1115560E+01   0.1014344E+01   0.8975548E+00
   0.2000000E+00   0.6550000E+00   0.4000056E+00   0.1074954E+01   0.1048749E+01   0.8883560E+00
   0.2000000E+00   0.6560000E+00   0.3940055E+00   0.1116761E+01   0.1053350E+01   0.9119529E+00
   0.2000000E+00   0.6569999E+00   0.3984056E+00   0.1112560E+01   0.1063152E+01   0.9025541E+00
   0.2000000E+00   0.6579999E+00   0.4062057E+00   0.1110160E+01   0.1040148E+01   0.8845565E+00
   0.2000000E+00   0.6590000E+00   0.3834053E+00   0.1123762E+01   0.1054350E+01   0.9041539E+00
   0.2000000E+00   0.6600000E+00   0.3796053E+00   0.1104559E+01   0.1039148E+01   0.9099531E+00
   0.2000000E+00   0.6610000E+00   0.3758052E+00   0.1090756E+01   0.1063152E+01   0.8909556E+00
   0.2000000E+00   0.6619999E+00   0.3588049E+00   0.1118761E+01   0.1077354E+01   0.8911556E+00
   0.2000000E+00   0.6629999E+00   0.3558049E+00   0.1092757E+01   0.1073954E+01   0.9027541E+00
   0.2000000E+00   0.6640000E+00   0.3796053E+00   0.1102758E+01   0.1080555E+01   0.9017542E+00
   0.2000000E+00   0.6650000E+00   0.3634050E+00   0.1129563E+01   0.1080555E+01   0.9183520E+00
   0.2000000E+00   0.6659999E+00   0.3748052E+00   0.1077954E+01   0.1071353E+01   0.9045538E+00
   0.2000000E+00   0.6669999E+00   0.3180042E+00   0.1078354E+01   0.1080155E+01   0.8967549E+00
   0.2000000E+00   0.6680000E+00   0.3576049E+00   0.1105359E+01   0.1080555E+01   0.9039539E+00
   0.2000000E+00   0.6690000E+00   0.3432046E+00   0.1091756E+01   0.1078554E+01   0.9003544E+00
   0.2000000E+00   0.6700000E+00   0.3336045E+00   0.1088756E+01   0.1104759E+01   0.9037539E+00
   0.2000000E+00   0.6709999E+00   0.3236043E+00   0.1115960E+01   0.1096357E+01   0.9235513E+00
   0.2000000E+00   0.6719999E+00   0.3268044E+00   0.1066752E+01   0.1106959E+01   0.8993545E+00
   0.2000000E+00   0.6730000E+00   0.3150042E+00   0.1082955E+01   0.1090956E+01   0.8895558E+00
   0.2000000E+00   0.6740000E+00   0.3292044E+00   0.1095557E+01   0.1099158E+01   0.9101531E+00
   0.2000000E+00   0.6750000E+00   0.3150042E+00   0.1069153E+01   0.1128763E+01   0.9107530E+00
   0.2000000E+00   0.6759999E+00   0.3250043E+00   0.1106959E+01   0.1116361E+01   0.9209517E+00
   0.2000000E+00   0.6769999E+00   0.2976039E+00   0.1074954E+01   0.1135564E+01   0.9107530E+00
   0.2000000E+00   0.6780000E+00   0.2948038E+00   0.1068153E+01   0.1144765E+01   0.9151524E+00
   0.2000000E+00   0.6790000E+00   0.3010039E+00   0.1070153E+01   0.1141765E+01   0.9217516E+00
   0.2000000E+00   0.6799999E+00   0.2984039E+00   0.1054750E+01   0.1155967E+01   0.9147525E+00
   0.2000000E+00   0.6809999E+00   0.2836036E+00   0.1074954E+01   0.1134163E+01   0.8833566E+00
   0.2000000E+00   0.6820000E+00   0.2776035E+00   0.1057951E+01   0.1168169E+01   0.9235513E+00
   0.2000000E+00   0.6830000E+00   0.2776035E+00   0.1057351E+01   0.1188773E+01   0.9321502E+00
   0.2000000E+00   0.6840000E+00   0.2546031E+00   0.1051150E+01   0.1142965E+01   0.9021541E+00
   0.2000000E+00   0.6849999E+00   0.2550032E+00   0.1064952E+01   0.1181571E+01   0.9387493E+00
   0.2000000E+00   0.6859999E+00   0.2600032E+00   0.1062552E+01   0.1188573E+01   0.9211516E+00
   0.2000000E+00   0.6870000E+00   0.2510031E+00   0.1055750E+01   0.1191373E+01   0.9257510E+00
   0.2000000E+00   0.6880000E+00   0.2556032E+00   0.1068353E+01   0.1161768E+01   0.8917555E+00
   0.2000000E+00   0.6890000E+00   0.2538031E+00   0.1035347E+01   0.1180371E+01   0.9145525E+00
   0.2000000E+00   0.6899999E+00   0.2398029E+00   0.1074354E+01   0.1184572E+01   0.9275508E+00
   0.2000000E+00   0.6909999E+00   0.2246027E+00   0.1033947E+01   0.1165769E+01   0.8733580E+00
   0.2000000E+00   0.6920000E+00   0.2540031E+00   0.1066752E+01   0.1170970E+01   0.9057537E+00
   0.2000000E+00   0.6930000E+00   0.2260027E+00   0.1067352E+01   0.1191573E+01   0.9187520E+00
   0.2000000E+00   0.6939999E+00   0.2070024E+00   0.1048749E+01   0.1191973E+01   0.8975548E+00
   0.2000000E+00   0.6949999E+00   0.2380029E+00   0.1059351E+01   0.1203975E+01   0.9245512E+00
   0.2000000E+00   0.6960000E+00   0.2256027E+00   0.1049349E+01   0.1218778E+01   0.9187520E+00
   0.2000000E+00   0.6970000E+00   0.2170025E+00   0.1035347E+01   0.1218578E+01   0.9201518E+00
   0.2000000E+00   0.6980000E+00   0.2132025E+00   0.1037147E+01   0.1224578E+01   0.9025541E+00
   0.2000000E+00   0.6989999E+00   0.2048023E+00   0.1038548E+01   0.1236180E+01   0.9327501E+00
   0.2000000E+00   0.6999999E+00   0.2018023E+00   0.1059351E+01   0.1219178E+01   0.9187520E+00
   0.2000000E+00   0.7010000E+00   0.2056023E+00   0.1025545E+01   0.1232580E+01   0.9307504E+00
   0.2000000E+00   0.7020000E+00   0.2058023E+00   0.1053550E+01   0.1234980E+01   0.9335500E+00
   0.2000000E+00   0.7029999E+00   0.1904021E+00   0.1013744E+01   0.1237181E+01   0.9123528E+00
   0.2000000E+00   0.7039999E+00   0.1792019E+00   0.1019745E+01   0.1258784E+01   0.9441486E+00
   0.2000000E+00   0.7049999E+00   0.1788019E+00   0.1011343E+01   0.1231780E+01   0.9081534E+00
   0.2000000E+00   0.7060000E+00   0.1746018E+00   0.1011143E+01   0.1263585E+01   0.9325501E+00
   0.2000000E+00   0.7070000E+00   0.1844020E+00   0.1028546E+01   0.1253783E+01   0.9235513E+00
   0.2000000E+00   0.7079999E+00   0.1686017E+00   0.1005742E+01   0.1270186E+01   0.9295505E+00
   0.2000000E+00   0.7089999E+00   0.1616016E+00   0.1011143E+01   0.1266585E+01   0.9109530E+00
   0.2000000E+00   0.7100000E+00   0.1668017E+00   0.1023345E+01   0.1307392E+01   0.9437487E+00
   0.2000000E+00   0.7110000E+00   0.1700017E+00   0.1027546E+01   0.1301391E+01   0.9723449E+00
   0.2000000E+00   0.7120000E+00   0.1682017E+00   0.1010343E+01   0.1286389E+01   0.9285507E+00
   0.2000000E+00   0.7129999E+00   0.1620016E+00   0.9947419E+00   0.1328796E+01   0.9647459E+00
   0.2000000E+00   0.7139999E+00   0.1562015E+00   0.1003942E+01   0.1287789E+01   0.9195518E+00
   0.2000000E+00   0.7150000E+00   0.1550015E+00   0.1006942E+01   0.1307992E+01   0.9485480E+00
   0.2000000E+00   0.7160000E+00   0.1474013E+00   0.1005542E+01   0.1289789E+01   0.9489480E+00
   0.2000000E+00   0.7169999E+00   0.1358012E+00   0.1002342E+01   0.1320794E+01   0.9553471E+00
   0.2000000E+00   0.7179999E+00   0.1462013E+00   0.1003942E+01   0.1298391E+01   0.9369496E+00
   0.2000000E+00   0.7189999E+00   0.1430013E+00   0.1015344E+01   0.1324195E+01   0.9579468E+00
   0.2000000E+00   0.7200000E+00   0.1592015E+00   0.1011743E+01   0.1332796E+01   0.9629461E+00
   0.2000000E+00   0.7210000E+00   0.1334011E+00   0.9905425E+00   0.1369803E+01   0.9651458E+00
   0.2000000E+00   0.7219999E+00   0.1462013E+00   0.9817436E+00   0.1349599E+01   0.9599465E+00
   0.2000000E+00   0.7229999E+00   0.1354011E+00   0.9871429E+00   0.1359401E+01   0.9565470E+00
   0.2000000E+00   0.7240000E+00   0.1376012E+00   0.9957418E+00   0.1324995E+01   0.9513476E+00
   0.2000000E+00   0.7250000E+00   0.1322011E+00   0.9815437E+00   0.1348199E+01   0.9581468E+00
   0.2000000E+00   0.7260000E+00   0.1214009E+00   0.9771442E+00   0.1335997E+01   0.9591466E+00
   0.2000000E+00   0.7269999E+00   0.1242010E+00   0.9679455E+00   0.1369002E+01   0.9657457E+00
   0.2000000E+00   0.7279999E+00   0.1296010E+00   0.9621462E+00   0.1374003E+01   0.9601465E+00
   0.2000000E+00   0.7290000E+00   0.1214009E+00   0.9711450E+00   0.1398607E+01   0.9691453E+00
   0.2000000E+00   0.7300000E+00   0.1118007E+00   0.9797439E+00   0.1380404E+01   0.9515476E+00
   0.2000000E+00   0.7309999E+00   0.1096007E+00   0.9699452E+00   0.1377404E+01   0.9659457E+00
   0.2000000E+00   0.7319999E+00   0.1034006E+00   0.9843433E+00   0.1403208E+01   0.9503478E+00
   0.2000000E+00   0.7329999E+00   0.1042006E+00   0.9859431E+00   0.1437814E+01   0.9979415E+00
   0.2000000E+00   0.7340000E+00   0.1070007E+00   0.9569469E+00   0.1410809E+01   0.9699452E+00
   0.2000000E+00   0.7350000E+00   0.1086007E+00   0.9965417E+00   0.1398007E+01   0.9795439E+00
   0.2000000E+00   0.7359999E+00   0.9780051E-01   0.9443486E+00   0.1421611E+01   0.9777442E+00
   0.2000000E+00   0.7369999E+00   0.9500046E-01   0.9517476E+00   0.1466619E+01   0.9953418E+00
   0.2000000E+00   0.7380000E+00   0.1028006E+00   0.9613463E+00   0.1481821E+01   0.1013143E+01
   0.2000000E+00   0.7390000E+00   0.9800051E-01   0.9507477E+00   0.1453016E+01   0.9895426E+00
   0.2000000E+00   0.7399999E+00   0.9620048E-01   0.9467483E+00   0.1435213E+01   0.9547472E+00
   0.2000000E+00   0.7409999E+00   0.9120040E-01   0.9609464E+00   0.1456217E+01   0.9773442E+00
   0.2000000E+00   0.7419999E+00   0.9400044E-01   0.9423488E+00   0.1447415E+01   0.9921423E+00
   0.2000000E+00   0.7430000E+00   0.7720016E-01   0.9355497E+00   0.1448216E+01   0.9863430E+00
   0.2000000E+00   0.7440000E+00   0.9840052E-01   0.9379494E+00   0.1467819E+01   0.1003142E+01
   0.2000000E+00   0.7449999E+00   0.8540030E-01   0.9441486E+00   0.1472620E+01   0.9813437E+00
   0.2000000E+00   0.7459999E+00   0.8400027E-01   0.9345499E+00   0.1465218E+01   0.9687454E+00
   0.2000000E+00   0.7469999E+00   0.9520046E-01   0.9123528E+00   0.1497224E+01   0.9915423E+00
   0.2000000E+00   0.7480000E+00   0.7080005E-01   0.9321502E+00   0.1481821E+01   0.9897426E+00
   0.2000000E+00   0.7490000E+00   0.7140006E-01   0.9215516E+00   0.1515027E+01   0.1011943E+01
   0.2000000E+00   0.7499999E+00   0.7420011E-01   0.9131527E+00   0.1506025E+01   0.9635460E+00
   0.2000000E+00   0.7509999E+00   0.7440011E-01   0.9023541E+00   0.1508026E+01   0.9961417E+00
   0.2000000E+00   0.7520000E+00   0.6479995E-01   0.8885559E+00   0.1542831E+01   0.1018744E+01
   0.2000000E+00   0.7530000E+00   0.6479995E-01   0.9355497E+00   0.1540231E+01   0.1026346E+01
   0.2000000E+00   0.7539999E+00   0.6559996E-01   0.9217516E+00   0.1476820E+01   0.9885427E+00
   0.2000000E+00   0.7549999E+00   0.6739999E-01   0.9177521E+00   0.1531829E+01   0.1011143E+01
   0.2000000E+00   0.7559999E+00   0.6619997E-01   0.9255511E+00   0.1542431E+01   0.1027346E+01
   0.2000000E+00   0.7570000E+00   0.7460012E-01   0.8915555E+00   0.1547232E+01   0.1010343E+01
   0.2000000E+00   0.7580000E+00   0.6439994E-01   0.8919555E+00   0.1583438E+01   0.1030746E+01
   0.2000000E+00   0.7589999E+00   0.5999992E-01   0.8903557E+00   0.1599841E+01   0.1019945E+01
   0.2000000E+00   0.7599999E+00   0.5859992E-01   0.8969548E+00   0.1554433E+01   0.1022745E+01
   0.2000000E+00   0.7609999E+00   0.6059992E-01   0.9063536E+00   0.1533030E+01   0.1000141E+01
   0.2000000E+00   0.7620000E+00   0.5779992E-01   0.8905557E+00   0.1578837E+01   0.1014944E+01
   0.2000000E+00   0.7630000E+00   0.5319993E-01   0.8763576E+00   0.1591039E+01   0.1031947E+01
   0.2000000E+00   0.7639999E+00   0.5599992E-01   0.8881560E+00   0.1587239E+01   0.1020945E+01
   0.2000000E+00   0.7649999E+00   0.5239993E-01   0.9037539E+00   0.1583638E+01   0.1012143E+01
   0.2000000E+00   0.7660000E+00   0.4419994E-01   0.8471614E+00   0.1612443E+01   0.1037147E+01
   0.2000000E+00   0.7670000E+00   0.5299993E-01   0.8743578E+00   0.1605442E+01   0.1025345E+01
   0.2000000E+00   0.7679999E+00   0.5339993E-01   0.8609596E+00   0.1604041E+01   0.1025345E+01
   0.2000000E+00   0.7689999E+00   0.5379993E-01   0.8697584E+00   0.1612643E+01   0.1024945E+01
   0.2000000E+00   0.7699999E+00   0.4779994E-01   0.8573601E+00   0.1635847E+01   0.1071353E+01
   0.2000000E+00   0.7710000E+00   0.4299995E-01   0.8537605E+00   0.1644448E+01   0.1053550E+01
   0.2000000E+00   0.7720000E+00   0.3659996E-01   0.8707583E+00   0.1666452E+01   0.1065352E+01
   0.2000000E+00   0.7729999E+00   0.3719996E-01   0.8683586E+00   0.1626645E+01   0.1031146E+01
   0.2000000E+00   0.7739999E+00   0.3999995E-01   0.8557603E+00   0.1645048E+01   0.1022945E+01
   0.2000000E+00   0.7750000E+00   0.3559996E-01   0.8489612E+00   0.1635847E+01   0.1018144E+01
   0.2000000E+00   0.7760000E+00   0.3379996E-01   0.8611596E+00   0.1686055E+01   0.1056151E+01
   0.2000000E+00   0.7770000E+00   0.3739996E-01   0.8425620E+00   0.1691456E+01   0.1076954E+01
   0.2000000E+00   0.7779999E+00   0.3699996E-01   0.8343631E+00   0.1692056E+01   0.1072953E+01
   0.2000000E+00   0.7789999E+00   0.3659996E-01   0.8441618E+00   0.1686655E+01   0.1069953E+01
   0.2000000E+00   0.7800000E+00   0.3339996E-01   0.8367628E+00   0.1691856E+01   0.1076154E+01
   0.2000000E+00   0.7810000E+00   0.2579997E-01   0.8441618E+00   0.1694456E+01   0.1064152E+01
   0.2000000E+00   0.7819999E+00   0.3659996E-01   0.8269641E+00   0.1718060E+01   0.1083555E+01
   0.2000000E+00   0.7829999E+00   0.2959997E-01   0.8197650E+00   0.1727462E+01   0.1084355E+01
   0.2000000E+00   0.7839999E+00   0.2819997E-01   0.8201650E+00   0.1724461E+01   0.1073954E+01
   0.2000000E+00   0.7850000E+00   0.2659997E-01   0.8215648E+00   0.1717460E+01   0.1085355E+01
   0.2000000E+00   0.7860000E+00   0.2959997E-01   0.8225647E+00   0.1746265E+01   0.1101758E+01
   0.2000000E+00   0.7869999E+00   0.3359996E-01   0.7983679E+00   0.1760867E+01   0.1095757E+01
   0.2000000E+00   0.7879999E+00   0.2999997E-01   0.8149657E+00   0.1742864E+01   0.1091156E+01
   0.2000000E+00   0.7890000E+00   0.2639997E-01   0.7993677E+00   0.1719861E+01   0.1054350E+01
   0.2000000E+00   0.7900000E+00   0.2759997E-01   0.7985678E+00   0.1733263E+01   0.1081955E+01
   0.2000000E+00   0.7909999E+00   0.2259998E-01   0.8059669E+00   0.1778670E+01   0.1096157E+01
   0.2000000E+00   0.7919999E+00   0.2179998E-01   0.8119661E+00   0.1800274E+01   0.1106559E+01
   0.2000000E+00   0.7929999E+00   0.1979998E-01   0.7903689E+00   0.1798874E+01   0.1105159E+01
   0.2000000E+00   0.7940000E+00   0.2439998E-01   0.7885692E+00   0.1774470E+01   0.1094757E+01
   0.2000000E+00   0.7950000E+00   0.2319998E-01   0.7799703E+00   0.1796673E+01   0.1108559E+01
   0.2000000E+00   0.7959999E+00   0.1859999E-01   0.7773706E+00   0.1819277E+01   0.1112760E+01
   0.2000000E+00   0.7969999E+00   0.1939998E-01   0.7687718E+00   0.1812476E+01   0.1113360E+01
   0.2000000E+00   0.7979999E+00   0.2119998E-01   0.7907689E+00   0.1843081E+01   0.1117161E+01
   0.2000000E+00   0.7990000E+00   0.1819999E-01   0.7483745E+00   0.1829679E+01   0.1109359E+01
   0.2000000E+00   0.8000000E+00   0.1559999E-01   0.7619727E+00   0.1853083E+01   0.1109759E+01
   0.2000000E+00   0.8009999E+00   0.1699999E-01   0.7779706E+00   0.1865285E+01   0.1134564E+01
   0.2000000E+00   0.8019999E+00   0.1919998E-01   0.7665721E+00   0.1847082E+01   0.1135764E+01
   0.2000000E+00   0.8030000E+00   0.1679999E-01   0.7445750E+00   0.1880287E+01   0.1130163E+01
   0.2000000E+00   0.8040000E+00   0.1299999E-01   0.7803702E+00   0.1876287E+01   0.1124962E+01
   0.2000000E+00   0.8049999E+00   0.1479999E-01   0.7341763E+00   0.1867085E+01   0.1109759E+01
   0.2000000E+00   0.8059999E+00   0.1200000E-01   0.7471746E+00   0.1888089E+01   0.1130963E+01
   0.2000000E+00   0.8069999E+00   0.1459999E-01   0.7463747E+00   0.1899691E+01   0.1152367E+01
   0.2000000E+00   0.8080000E+00   0.1399999E-01   0.7239777E+00   0.1923494E+01   0.1160968E+01
   0.2000000E+00   0.8090000E+00   0.1359999E-01   0.7397756E+00   0.1910092E+01   0.1148566E+01
   0.2000000E+00   0.8099999E+00   0.1000000E-01   0.7661721E+00   0.1936897E+01   0.1152767E+01
   0.2000000E+00   0.8109999E+00   0.1080000E-01   0.7569733E+00   0.1923694E+01   0.1135764E+01
   0.2000000E+00   0.8119999E+00   0.1140000E-01   0.7281771E+00   0.1940497E+01   0.1158568E+01
   0.2000000E+00   0.8130000E+00   0.9200001E-02   0.7199782E+00   0.1925495E+01   0.1147566E+01
   0.2000000E+00   0.8140000E+00   0.1519999E-01   0.7461748E+00   0.1963101E+01   0.1174370E+01
   0.2000000E+00   0.8149999E+00   0.1280000E-01   0.7235777E+00   0.1956900E+01   0.1173770E+01
   0.2000000E+00   0.8159999E+00   0.7800004E-02   0.7221779E+00   0.1960701E+01   0.1144365E+01
   0.2000000E+00   0.8170000E+00   0.7800004E-02   0.7017806E+00   0.1987705E+01   0.1144565E+01
   0.2000000E+00   0.8180000E+00   0.6800003E-02   0.6963813E+00   0.1970102E+01   0.1148166E+01
   0.2000000E+00   0.8189999E+00   0.9600000E-02   0.6999809E+00   0.2021911E+01   0.1174570E+01
   0.2000000E+00   0.8199999E+00   0.1100000E-01   0.7071799E+00   0.1996707E+01   0.1178371E+01
   0.2000000E+00   0.8209999E+00   0.7400003E-02   0.7211781E+00   0.2017510E+01   0.1199374E+01
   0.2000000E+00   0.8220000E+00   0.6800003E-02   0.6831831E+00   0.2034713E+01   0.1191973E+01
   0.2000000E+00   0.8230000E+00   0.9200001E-02   0.6907821E+00   0.2026311E+01   0.1187772E+01
   0.2000000E+00   0.8239999E+00   0.6200003E-02   0.6935817E+00   0.2035513E+01   0.1182572E+01
   0.2000000E+00   0.8249999E+00   0.8200003E-02   0.6843829E+00   0.2052716E+01   0.1201775E+01
   0.2000000E+00   0.8259999E+00   0.5200002E-02   0.6757841E+00   0.2012909E+01   0.1174570E+01
   0.2000000E+00   0.8270000E+00   0.8000003E-02   0.6833830E+00   0.2037113E+01   0.1180571E+01
   0.2000000E+00   0.8279999E+00   0.5800002E-02   0.6977811E+00   0.2083321E+01   0.1220778E+01
   0.2000000E+00   0.8289999E+00   0.3600001E-02   0.6407887E+00   0.2114726E+01   0.1224779E+01
   0.2000000E+00   0.8299999E+00   0.5200002E-02   0.6543869E+00   0.2110325E+01   0.1236781E+01
   0.2000000E+00   0.8310000E+00   0.8200003E-02   0.6499875E+00   0.2076320E+01   0.1194173E+01
   0.2000000E+00   0.8320000E+00   0.7600003E-02   0.6455880E+00   0.2098323E+01   0.1213977E+01
   0.2000000E+00   0.8329999E+00   0.4200001E-02   0.6519872E+00   0.2123528E+01   0.1217777E+01
   0.2000000E+00   0.8339999E+00   0.8800002E-02   0.6381890E+00   0.2127928E+01   0.1211776E+01
   0.2000000E+00   0.8349999E+00   0.5600002E-02   0.6389889E+00   0.2176936E+01   0.1245382E+01
   0.2000000E+00   0.8360000E+00   0.5600002E-02   0.6473878E+00   0.2140730E+01   0.1236981E+01
   0.2000000E+00   0.8370000E+00   0.3200001E-02   0.6119925E+00   0.2153933E+01   0.1226179E+01
   0.2000000E+00   0.8379999E+00   0.4800002E-02   0.6343895E+00   0.2131929E+01   0.1232180E+01
   0.2000000E+00   0.8389999E+00   0.4400001E-02   0.6101927E+00   0.2204741E+01   0.1262585E+01
   0.2000000E+00   0.8399999E+00   0.5000002E-02   0.6211913E+00   0.2195940E+01   0.1265585E+01
   0.2000000E+00   0.8410000E+00   0.2400000E-02   0.6051934E+00   0.2188538E+01   0.1233380E+01
   0.2000000E+00   0.8419999E+00   0.2600000E-02   0.6113926E+00   0.2166935E+01   0.1241181E+01
   0.2000000E+00   0.8429999E+00   0.1200000E-02   0.6117925E+00   0.2191339E+01   0.1242181E+01
   0.2000000E+00   0.8439999E+00   0.2800000E-02   0.6111926E+00   0.2199740E+01   0.1238981E+01
   0.2000000E+00   0.8450000E+00   0.4200001E-02   0.6141922E+00   0.2209542E+01   0.1246582E+01
   0.2000000E+00   0.8460000E+00   0.3600001E-02   0.5801967E+00   0.2222144E+01   0.1233980E+01
   0.2000000E+00   0.8469999E+00   0.2200000E-02   0.6129923E+00   0.2248148E+01   0.1284588E+01
   0.2000000E+00   0.8479999E+00   0.2000000E-02   0.5971944E+00   0.2279953E+01   0.1297991E+01
   0.2000000E+00   0.8489999E+00   0.8000000E-03   0.5967945E+00   0.2279953E+01   0.1279188E+01
   0.2000000E+00   0.8500000E+00   0.2800000E-02   0.5793968E+00   0.2290155E+01   0.1299391E+01
   0.2000000E+00   0.8510000E+00   0.2400000E-02   0.5745974E+00   0.2271352E+01   0.1289389E+01
   0.2000000E+00   0.8519999E+00   0.3200001E-02   0.5773970E+00   0.2306158E+01   0.1308792E+01
   0.2000000E+00   0.8529999E+00   0.1800000E-02   0.5757973E+00   0.2305358E+01   0.1295390E+01
   0.2000000E+00   0.8539999E+00   0.1800000E-02   0.5500007E+00   0.2339563E+01   0.1303192E+01
   0.2000000E+00   0.8550000E+00   0.1400000E-02   0.5685982E+00   0.2316760E+01   0.1300391E+01
   0.2000000E+00   0.8559999E+00   0.1200000E-02   0.5745974E+00   0.2296356E+01   0.1302591E+01
   0.2000000E+00   0.8569999E+00   0.2400000E-02   0.5442014E+00   0.2321960E+01   0.1284989E+01
   0.2000000E+00   0.8579999E+00   0.1200000E-02   0.5382022E+00   0.2347365E+01   0.1303792E+01
   0.2000000E+00   0.8590000E+00   0.4000000E-03   0.5228043E+00   0.2382971E+01   0.1320394E+01
   0.2000000E+00   0.8600000E+00   0.1000000E-02   0.5448014E+00   0.2332362E+01   0.1294390E+01
   0.2000000E+00   0.8609999E+00   0.2000000E-03   0.5204046E+00   0.2426178E+01   0.1347199E+01
   0.2000000E+00   0.8619999E+00   0.4000000E-03   0.5128056E+00   0.2369168E+01   0.1292790E+01
   0.2000000E+00   0.8629999E+00   0.1000000E-02   0.5268037E+00   0.2420177E+01   0.1337797E+01
   0.2000000E+00   0.8640000E+00   0.1000000E-02   0.5102059E+00   0.2398773E+01   0.1335197E+01
   0.2000000E+00   0.8649999E+00   0.8000000E-03   0.5146053E+00   0.2443381E+01   0.1363001E+01
   0.2000000E+00   0.8659999E+00   0.6000000E-03   0.5236042E+00   0.2441180E+01   0.1357801E+01
   0.2000000E+00   0.8669999E+00   0.2000000E-03   0.5164051E+00   0.2476586E+01   0.1365402E+01
   0.2000000E+00   0.8679999E+00   0.1000000E-02   0.5000073E+00   0.2450582E+01   0.1348999E+01
   0.2000000E+00   0.8690000E+00   0.6000000E-03   0.4838070E+00   0.2462984E+01   0.1338797E+01
   0.2000000E+00   0.8699999E+00   0.1400000E-02   0.4894071E+00   0.2473386E+01   0.1389006E+01
   0.2000000E+00   0.8709999E+00   0.1400000E-02   0.4546065E+00   0.2495389E+01   0.1349999E+01
   0.2000000E+00   0.8719999E+00   0.1200000E-02   0.4730068E+00   0.2499790E+01   0.1371403E+01
   0.2000000E+00   0.8730000E+00   0.2000000E-03   0.4898071E+00   0.2505191E+01   0.1377404E+01
   0.2000000E+00   0.8740000E+00   0.2000000E-03   0.4566066E+00   0.2539797E+01   0.1400008E+01
   0.2000000E+00   0.8749999E+00   0.8000000E-03   0.4560066E+00   0.2562000E+01   0.1385805E+01
   0.2000000E+00   0.8759999E+00   0.2000000E-03   0.4536065E+00   0.2575603E+01   0.1418211E+01
   0.2000000E+00   0.8769999E+00   0.0000000E+00   0.4630067E+00   0.2554999E+01   0.1384205E+01
   0.2000000E+00   0.8780000E+00   0.4000000E-03   0.4600066E+00   0.2566401E+01   0.1372203E+01
   0.2000000E+00   0.8789999E+00   0.2000000E-03   0.4500065E+00   0.2579203E+01   0.1381405E+01
   0.2000000E+00   0.8799999E+00   0.2000000E-03   0.4412063E+00   0.2597206E+01   0.1405008E+01
   0.2000000E+00   0.8809999E+00   0.2000000E-03   0.4454064E+00   0.2567401E+01   0.1391006E+01
   0.2000000E+00   0.8819999E+00   0.4000000E-03   0.4466064E+00   0.2608608E+01   0.1386005E+01
   0.2000000E+00   0.8830000E+00   0.0000000E+00   0.4450064E+00   0.2636013E+01   0.1442415E+01
   0.2000000E+00   0.8839999E+00   0.0000000E+00   0.4320062E+00   0.2667418E+01   0.1438014E+01
   0.2000000E+00   0.8849999E+00   0.0000000E+00   0.4104058E+00   0.2671018E+01   0.1458417E+01
   0.2000000E+00   0.8859999E+00   0.0000000E+00   0.4262061E+00   0.2671418E+01   0.1436414E+01
   0.2000000E+00   0.8870000E+00   0.8000000E-03   0.4142058E+00   0.2676819E+01   0.1420611E+01
   0.2000000E+00   0.8880000E+00   0.0000000E+00   0.4256060E+00   0.2661617E+01   0.1451016E+01
   0.2000000E+00   0.8889999E+00   0.2000000E-03   0.4172059E+00   0.2678020E+01   0.1463818E+01
   0.2000000E+00   0.8899999E+00   0.0000000E+00   0.4124058E+00   0.2653015E+01   0.1437614E+01
   0.2000000E+00   0.8909999E+00   0.0000000E+00   0.4096058E+00   0.2723827E+01   0.1462618E+01
   0.2000000E+00   0.8920000E+00   0.0000000E+00   0.3918055E+00   0.2719226E+01   0.1462218E+01
   0.2000000E+00   0.8929999E+00   0.0000000E+00   0.3910055E+00   0.2751232E+01   0.1487822E+01
   0.2000000E+00   0.8939999E+00   0.0000000E+00   0.3788052E+00   0.2704624E+01   0.1451016E+01
   0.2000000E+00   0.8949999E+00   0.4000000E-03   0.3622050E+00   0.2806241E+01   0.1502225E+01
   0.2000000E+00   0.8959999E+00   0.4000000E-03   0.3830053E+00   0.2761033E+01   0.1483421E+01
   0.2000000E+00   0.8970000E+00   0.0000000E+00   0.3748052E+00   0.2827244E+01   0.1518027E+01
   0.2000000E+00   0.8979999E+00   0.2000000E-03   0.3700051E+00   0.2814242E+01   0.1482221E+01
   0.2000000E+00   0.8989999E+00   0.4000000E-03   0.3606049E+00   0.2837446E+01   0.1512026E+01
   0.2000000E+00   0.8999999E+00   0.0000000E+00   0.3834053E+00   0.2803240E+01   0.1485822E+01
   0.2000000E+00   0.9010000E+00   0.4000000E-03   0.3620050E+00   0.2841647E+01   0.1522028E+01
   0.2000000E+00   0.9020000E+00   0.0000000E+00   0.3488047E+00   0.2862850E+01   0.1526229E+01
   0.2000000E+00   0.9029999E+00   0.2000000E-03   0.3394046E+00   0.2865851E+01   0.1507225E+01
   0.2000000E+00   0.9039999E+00   0.0000000E+00   0.3480047E+00   0.2916659E+01   0.1537030E+01
   0.2000000E+00   0.9049999E+00   0.2000000E-03   0.3368045E+00   0.2876052E+01   0.1532630E+01
   0.2000000E+00   0.9060000E+00   0.2000000E-03   0.3310044E+00   0.2890655E+01   0.1523628E+01
   0.2000000E+00   0.9069999E+00   0.0000000E+00   0.3138041E+00   0.2883654E+01   0.1523828E+01
   0.2000000E+00   0.9079999E+00   0.0000000E+00   0.3204043E+00   0.2885254E+01   0.1515227E+01
   0.2000000E+00   0.9089999E+00   0.0000000E+00   0.3158042E+00   0.2942863E+01   0.1546632E+01
   0.2000000E+00   0.9100000E+00   0.0000000E+00   0.3148042E+00   0.2991071E+01   0.1564435E+01
   0.2000000E+00   0.9110000E+00   0.0000000E+00   0.3000039E+00   0.2976669E+01   0.1545632E+01
   0.2000000E+00   0.9119999E+00   0.0000000E+00   0.3110041E+00   0.3000473E+01   0.1592840E+01
   0.2000000E+00   0.9129999E+00   0.0000000E+00   0.3000039E+00   0.2957266E+01   0.1544032E+01
   0.2000000E+00   0.9139999E+00   0.0000000E+00   0.3016039E+00   0.3000073E+01   0.1578637E+01
   0.2000000E+00   0.9150000E+00   0.0000000E+00   0.2794036E+00   0.2997673E+01   0.1565235E+01
   0.2000000E+00   0.9159999E+00   0.0000000E+00   0.2816036E+00   0.3059083E+01   0.1618844E+01
   0.2000000E+00   0.9169999E+00   0.0000000E+00   0.2832036E+00   0.3051281E+01   0.1597440E+01
   0.2000000E+00   0.9179999E+00   0.0000000E+00   0.2682034E+00   0.3048281E+01   0.1600241E+01
   0.2000000E+00   0.9189999E+00   0.0000000E+00   0.2852037E+00   0.3052482E+01   0.1565035E+01
   0.2000000E+00   0.9200000E+00   0.0000000E+00   0.2640033E+00   0.3070085E+01   0.1582238E+01
   0.2000000E+00   0.9209999E+00   0.0000000E+00   0.2562032E+00   0.3112692E+01   0.1610443E+01
   0.2000000E+00   0.9219999E+00   0.0000000E+00   0.2536031E+00   0.3068684E+01   0.1602241E+01
   0.2000000E+00   0.9229999E+00   0.0000000E+00   0.2456030E+00   0.3141896E+01   0.1649649E+01
   0.2000000E+00   0.9240000E+00   0.0000000E+00   0.2460030E+00   0.3176102E+01   0.1655250E+01
   0.2000000E+00   0.9250000E+00   0.0000000E+00   0.2436030E+00   0.3135695E+01   0.1626045E+01
   0.2000000E+00   0.9259999E+00   0.0000000E+00   0.2280027E+00   0.3122093E+01   0.1618644E+01
   0.2000000E+00   0.9269999E+00   0.0000000E+00   0.2326028E+00   0.3160500E+01   0.1647849E+01
   0.2000000E+00   0.9279999E+00   0.0000000E+00   0.2368029E+00   0.3197506E+01   0.1637847E+01
   0.2000000E+00   0.9290000E+00   0.0000000E+00   0.2234026E+00   0.3206907E+01   0.1664852E+01
   0.2000000E+00   0.9299999E+00   0.0000000E+00   0.2064023E+00   0.3215909E+01   0.1659651E+01
   0.2000000E+00   0.9309999E+00   0.0000000E+00   0.2154025E+00   0.3219709E+01   0.1674853E+01
   0.2000000E+00   0.9319999E+00   0.0000000E+00   0.2184025E+00   0.3209508E+01   0.1669252E+01
   0.2000000E+00   0.9329999E+00   0.0000000E+00   0.2056023E+00   0.3181903E+01   0.1659051E+01
   0.2000000E+00   0.9340000E+00   0.0000000E+00   0.2040023E+00   0.3283120E+01   0.1700457E+01
   0.2000000E+00   0.9349999E+00   0.0000000E+00   0.1994022E+00   0.3301323E+01   0.1722461E+01
   0.2000000E+00   0.9359999E+00   0.0000000E+00   0.1956022E+00   0.3286120E+01   0.1695857E+01
   0.2000000E+00   0.9369999E+00   0.0000000E+00   0.1968022E+00   0.3297322E+01   0.1697457E+01
   0.2000000E+00   0.9380000E+00   0.0000000E+00   0.1894021E+00   0.3301723E+01   0.1719461E+01
   0.2000000E+00   0.9390000E+00   0.0000000E+00   0.1822019E+00   0.3377936E+01   0.1731663E+01
   0.2000000E+00   0.9399999E+00   0.0000000E+00   0.1824019E+00   0.3327527E+01   0.1716460E+01
   0.2000000E+00   0.9409999E+00   0.0000000E+00   0.1700017E+00   0.3314725E+01   0.1696657E+01
   0.2000000E+00   0.9419999E+00   0.0000000E+00   0.1692017E+00   0.3396139E+01   0.1769269E+01
   0.2000000E+00   0.9430000E+00   0.0000000E+00   0.1668017E+00   0.3422343E+01   0.1747865E+01
   0.2000000E+00   0.9439999E+00   0.0000000E+00   0.1546015E+00   0.3383537E+01   0.1721861E+01
   0.2000000E+00   0.9449999E+00   0.0000000E+00   0.1624016E+00   0.3358932E+01   0.1727462E+01
   0.2000000E+00   0.9459999E+00   0.0000000E+00   0.1546015E+00   0.3424343E+01   0.1726862E+01
   0.2000000E+00   0.9469999E+00   0.0000000E+00   0.1408012E+00   0.3442746E+01   0.1743465E+01
   0.2000000E+00   0.9480000E+00   0.0000000E+00   0.1374012E+00   0.3433745E+01   0.1749266E+01
   0.2000000E+00   0.9489999E+00   0.0000000E+00   0.1452013E+00   0.3453148E+01   0.1727862E+01
   0.2000000E+00   0.9499999E+00   0.0000000E+00   0.1362012E+00   0.3457949E+01   0.1763868E+01
   0.2000000E+00   0.9509999E+00   0.0000000E+00   0.1234009E+00   0.3413141E+01   0.1747865E+01
   0.2000000E+00   0.9520000E+00   0.0000000E+00   0.1242010E+00   0.3480153E+01   0.1770869E+01
   0.2000000E+00   0.9529999E+00   0.0000000E+00   0.1232009E+00   0.3543763E+01   0.1811076E+01
   0.2000000E+00   0.9539999E+00   0.0000000E+00   0.1182009E+00   0.3528161E+01   0.1764068E+01
   0.2000000E+00   0.9549999E+00   0.0000000E+00   0.1106007E+00   0.3531561E+01   0.1808675E+01
   0.2000000E+00   0.9559999E+00   0.0000000E+00   0.1072007E+00   0.3492355E+01   0.1772469E+01
   0.2000000E+00   0.9570000E+00   0.0000000E+00   0.1072007E+00   0.3531561E+01   0.1780871E+01
   0.2000000E+00   0.9579999E+00   0.0000000E+00   0.9800051E-01   0.3531361E+01   0.1798674E+01
   0.2000000E+00   0.9589999E+00   0.0000000E+00   0.9200041E-01   0.3493555E+01   0.1748665E+01
   0.2000000E+00   0.9599999E+00   0.0000000E+00   0.9020038E-01   0.3675785E+01   0.1858284E+01
   0.2000000E+00   0.9609999E+00   0.0000000E+00   0.8620031E-01   0.3598372E+01   0.1816677E+01
   0.2000000E+00   0.9620000E+00   0.0000000E+00   0.8240025E-01   0.3574568E+01   0.1811876E+01
   0.2000000E+00   0.9629999E+00   0.0000000E+00   0.8060022E-01   0.3592571E+01   0.1804675E+01
   0.2000000E+00   0.9639999E+00   0.0000000E+00   0.8340026E-01   0.3619176E+01   0.1846882E+01
   0.2000000E+00   0.9649999E+00   0.0000000E+00   0.7020004E-01   0.3655582E+01   0.1860284E+01
   0.2000000E+00   0.9660000E+00   0.0000000E+00   0.6459995E-01   0.3609574E+01   0.1821277E+01
   0.2000000E+00   0.9669999E+00   0.0000000E+00   0.6619997E-01   0.3591571E+01   0.1800474E+01
   0.2000000E+00   0.9679999E+00   0.0000000E+00   0.5659992E-01   0.3618376E+01   0.1824478E+01
   0.2000000E+00   0.9689999E+00   0.0000000E+00   0.5359993E-01   0.3653181E+01   0.1823478E+01
   0.2000000E+00   0.9699999E+00   0.0000000E+00   0.5699992E-01   0.3618576E+01   0.1823678E+01
   0.2000000E+00   0.9710000E+00   0.0000000E+00   0.5039993E-01   0.3640379E+01   0.1834480E+01
   0.2000000E+00   0.9719999E+00   0.0000000E+00   0.4999993E-01   0.3615575E+01   0.1830279E+01
   0.2000000E+00   0.9729999E+00   0.0000000E+00   0.4899994E-01   0.3621976E+01   0.1824878E+01
   0.2000000E+00   0.9739999E+00   0.0000000E+00   0.4399994E-01   0.3588571E+01   0.1797874E+01
   0.2000000E+00   0.9749999E+00   0.0000000E+00   0.4079995E-01   0.3591171E+01   0.1829479E+01
   0.2000000E+00   0.9760000E+00   0.0000000E+00   0.3639996E-01   0.3597572E+01   0.1826478E+01
   0.2000000E+00   0.9769999E+00   0.0000000E+00   0.3359996E-01   0.3562566E+01   0.1780871E+01
   0.2000000E+00   0.9779999E+00   0.0000000E+00   0.2999997E-01   0.3605573E+01   0.1799074E+01
   0.2000000E+00   0.9789999E+00   0.0000000E+00   0.2899997E-01   0.3553165E+01   0.1788072E+01
   0.2000000E+00   0.9800000E+00   0.0000000E+00   0.2559997E-01   0.3565367E+01   0.1786472E+01
   0.2000000E+00   0.9809999E+00   0.0000000E+00   0.2259998E-01   0.3529161E+01   0.1767669E+01
   0.2000000E+00   0.9819999E+00   0.0000000E+00   0.2439998E-01   0.3494755E+01   0.1738664E+01
   0.2000000E+00   0.9829999E+00   0.0000000E+00   0.2039998E-01   0.3441346E+01   0.1747665E+01
   0.2000000E+00   0.9839999E+00   0.0000000E+00   0.1739999E-01   0.3471751E+01   0.1730462E+01
   0.2000000E+00   0.9850000E+00   0.0000000E+00   0.1459999E-01   0.3429744E+01   0.1707059E+01
   0.2000000E+00   0.9859999E+00   0.0000000E+00   0.1299999E-01   0.3363133E+01   0.1674653E+01
   0.2000000E+00   0.9869999E+00   0.0000000E+00   0.1439999E-01   0.3338929E+01   0.1679454E+01
   0.2000000E+00   0.9879999E+00   0.0000000E+00   0.1160000E-01   0.3286320E+01   0.1658250E+01
   0.2000000E+00   0.9889999E+00   0.0000000E+00   0.9600000E-02   0.3178503E+01   0.1592840E+01
   0.2000000E+00   0.9899999E+00   0.0000000E+00   0.7200003E-02   0.3127294E+01   0.1570036E+01
   0.2000000E+00   0.9909999E+00   0.0000000E+00   0.3400001E-02   0.3024477E+01   0.1516427E+01
   0.2000000E+00   0.9919999E+00   0.0000000E+00   0.4200001E-02   0.2993072E+01   0.1505825E+01
   0.2000000E+00   0.9929999E+00   0.0000000E+00   0.2200000E-02   0.2845047E+01   0.1432413E+01
   0.2000000E+00   0.9940000E+00   0.0000000E+00   0.2000000E-02   0.2722027E+01   0.1348399E+01
   0.2000000E+00   0.9949999E+00   0.0000000E+00   0.8000000E-03   0.2512392E+01   0.1270586E+01
   0.2000000E+00   0.9959999E+00   0.0000000E+00   0.4000000E-03   0.2299757E+01   0.1150966E+01
   0.2000000E+00   0.9969999E+00   0.0000000E+00   0.1000000E-02   0.2064118E+01   0.1015944E+01
   0.2000000E+00   0.9979999E+00   0.0000000E+00   0.4000000E-03   0.1652249E+01   0.8193651E+00
   0.2000000E+00   0.9990000E+00   0.0000000E+00   0.0000000E+00   0.1102558E+01   0.5563998E+00
   0.2000000E+00   0.9999999E+00   0.0000000E+00   0.0000000E+00   0.2044023E+00   0.9880053E-01

