   0.3000000E+00   -0.5820766E-10   0.5346527E+02   0.1814874E+03   0.3583170E+01   0.6063078E+02
   0.3000000E+00   0.9999999E-03   0.0000000E+00   0.2000000E-03   0.0000000E+00   0.0000000E+00
   0.3000000E+00   0.2000000E-02   0.0000000E+00   0.6000000E-03   0.0000000E+00   0.2000000E-03
   0.3000000E+00   0.3000000E-02   0.4000000E-03   0.2000000E-03   0.0000000E+00   0.2000000E-03
   0.3000000E+00   0.4000000E-02   0.1400000E-02   0.0000000E+00   0.0000000E+00   0.2000000E-03
   0.3000000E+00   0.4999999E-02   0.1000000E-02   0.2000000E-03   0.0000000E+00   0.0000000E+00
   0.3000000E+00   0.6000000E-02   0.1400000E-02   0.4000000E-03   0.2000000E-03   0.8000000E-03
   0.3000000E+00   0.6999999E-02   0.3800001E-02   0.2000000E-03   0.2000000E-03   0.6000000E-03
   0.3000000E+00   0.7999999E-02   0.8800002E-02   0.4000001E-02   0.4000000E-03   0.3200001E-02
   0.3000000E+00   0.9000000E-02   0.1000000E-02   0.2000000E-03   0.0000000E+00   0.4000000E-03
   0.3000000E+00   0.9999999E-02   0.1000000E-02   0.4000000E-03   0.0000000E+00   0.4000000E-03
   0.3000000E+00   0.1100000E-01   0.1000000E-02   0.6000000E-03   0.2000000E-03   0.6000000E-03
   0.3000000E+00   0.1200000E-01   0.3600001E-02   0.1200000E-02   0.4000000E-03   0.1200000E-02
   0.3000000E+00   0.1300000E-01   0.4800002E-02   0.3200001E-02   0.6000000E-03   0.1800000E-02
   0.3000000E+00   0.1400000E-01   0.6600003E-02   0.1400000E-02   0.0000000E+00   0.3200001E-02
   0.3000000E+00   0.1500000E-01   0.4000001E-02   0.2400000E-02   0.2000000E-03   0.1600000E-02
   0.3000000E+00   0.1600000E-01   0.6400003E-02   0.1600000E-02   0.0000000E+00   0.2000000E-02
   0.3000000E+00   0.1700000E-01   0.5000002E-02   0.5400002E-02   0.2000000E-03   0.2800000E-02
   0.3000000E+00   0.1800000E-01   0.6600003E-02   0.3400001E-02   0.4000000E-03   0.2600000E-02
   0.3000000E+00   0.1900000E-01   0.4400001E-02   0.6400003E-02   0.8000000E-03   0.2600000E-02
   0.3000000E+00   0.2000000E-01   0.1240000E-01   0.5200002E-02   0.4000000E-03   0.4800002E-02
   0.3000000E+00   0.2100000E-01   0.9000001E-02   0.8200003E-02   0.8000000E-03   0.4800002E-02
   0.3000000E+00   0.2200000E-01   0.9400001E-02   0.7800004E-02   0.1400000E-02   0.5200002E-02
   0.3000000E+00   0.2300000E-01   0.1319999E-01   0.1020000E-01   0.1600000E-02   0.7200003E-02
   0.3000000E+00   0.2400000E-01   0.2239998E-01   0.1359999E-01   0.6000000E-03   0.1100000E-01
   0.3000000E+00   0.2500000E-01   0.2819997E-01   0.1379999E-01   0.2800000E-02   0.1020000E-01
   0.3000000E+00   0.2600000E-01   0.4279995E-01   0.2719997E-01   0.5200002E-02   0.1999998E-01
   0.3000000E+00   0.2700000E-01   0.8420028E-01   0.4959993E-01   0.5600002E-02   0.3459996E-01
   0.3000000E+00   0.2800000E-01   0.4600001E-02   0.2000000E-02   0.4000000E-03   0.2200000E-02
   0.3000000E+00   0.2900000E-01   0.3400001E-02   0.2200000E-02   0.6000000E-03   0.1600000E-02
   0.3000000E+00   0.3000000E-01   0.5600002E-02   0.2600000E-02   0.2000000E-03   0.1800000E-02
   0.3000000E+00   0.3100000E-01   0.8800002E-02   0.4200001E-02   0.6000000E-03   0.3400001E-02
   0.3000000E+00   0.3200000E-01   0.1260000E-01   0.8200003E-02   0.8000000E-03   0.7200003E-02
   0.3000000E+00   0.3300000E-01   0.9800000E-02   0.5000002E-02   0.2000000E-03   0.2800000E-02
   0.3000000E+00   0.3400000E-01   0.1140000E-01   0.4400001E-02   0.4000000E-03   0.4800002E-02
   0.3000000E+00   0.3500000E-01   0.1200000E-01   0.6600003E-02   0.1200000E-02   0.5200002E-02
   0.3000000E+00   0.3600000E-01   0.1499999E-01   0.1040000E-01   0.8000000E-03   0.6600003E-02
   0.3000000E+00   0.3700000E-01   0.9400001E-02   0.8400002E-02   0.6000000E-03   0.5800002E-02
   0.3000000E+00   0.3800000E-01   0.1739999E-01   0.9400001E-02   0.1200000E-02   0.7000003E-02
   0.3000000E+00   0.3900000E-01   0.1899998E-01   0.1200000E-01   0.2200000E-02   0.8800002E-02
   0.3000000E+00   0.4000000E-01   0.1939998E-01   0.1479999E-01   0.1800000E-02   0.7600003E-02
   0.3000000E+00   0.4100000E-01   0.2739997E-01   0.1639999E-01   0.1200000E-02   0.1140000E-01
   0.3000000E+00   0.4200000E-01   0.2999997E-01   0.1899998E-01   0.2600000E-02   0.1439999E-01
   0.3000000E+00   0.4300000E-01   0.3779995E-01   0.2179998E-01   0.3200001E-02   0.1719999E-01
   0.3000000E+00   0.4400000E-01   0.4619994E-01   0.2499997E-01   0.3600001E-02   0.1959998E-01
   0.3000000E+00   0.4500000E-01   0.4759994E-01   0.3419996E-01   0.5200002E-02   0.2539997E-01
   0.3000000E+00   0.4600000E-01   0.3739996E-01   0.2159998E-01   0.3600001E-02   0.1959998E-01
   0.3000000E+00   0.4700000E-01   0.1719999E-01   0.8600002E-02   0.1200000E-02   0.8800002E-02
   0.3000000E+00   0.4800000E-01   0.1659999E-01   0.1020000E-01   0.1400000E-02   0.7000003E-02
   0.3000000E+00   0.4899999E-01   0.1999998E-01   0.1359999E-01   0.1600000E-02   0.8200003E-02
   0.3000000E+00   0.5000000E-01   0.2899997E-01   0.1479999E-01   0.2000000E-02   0.1140000E-01
   0.3000000E+00   0.5100000E-01   0.2859997E-01   0.1659999E-01   0.2200000E-02   0.1180000E-01
   0.3000000E+00   0.5200000E-01   0.3399996E-01   0.1599999E-01   0.2600000E-02   0.1200000E-01
   0.3000000E+00   0.5300000E-01   0.3139997E-01   0.1579999E-01   0.2600000E-02   0.1419999E-01
   0.3000000E+00   0.5400000E-01   0.4139995E-01   0.2599997E-01   0.2400000E-02   0.1699999E-01
   0.3000000E+00   0.5500000E-01   0.4419994E-01   0.2819997E-01   0.3200001E-02   0.1759999E-01
   0.3000000E+00   0.5599999E-01   0.4899994E-01   0.2659997E-01   0.6000002E-02   0.2619997E-01
   0.3000000E+00   0.5700000E-01   0.5379993E-01   0.3079996E-01   0.3800001E-02   0.2499997E-01
   0.3000000E+00   0.5799999E-01   0.6659998E-01   0.3939995E-01   0.7200003E-02   0.3099996E-01
   0.3000000E+00   0.5900000E-01   0.4579994E-01   0.2399998E-01   0.3000000E-02   0.1879998E-01
   0.3000000E+00   0.5999999E-01   0.3139997E-01   0.2059998E-01   0.2600000E-02   0.1339999E-01
   0.3000000E+00   0.6100000E-01   0.4259995E-01   0.2179998E-01   0.3200001E-02   0.1779999E-01
   0.3000000E+00   0.6200000E-01   0.3719996E-01   0.2539997E-01   0.3600001E-02   0.1379999E-01
   0.3000000E+00   0.6299999E-01   0.4539994E-01   0.3059996E-01   0.3600001E-02   0.2239998E-01
   0.3000000E+00   0.6400000E-01   0.5759992E-01   0.3279996E-01   0.5400002E-02   0.2219998E-01
   0.3000000E+00   0.6500000E-01   0.6719999E-01   0.3739996E-01   0.4800002E-02   0.2559997E-01
   0.3000000E+00   0.6599999E-01   0.6980003E-01   0.4439994E-01   0.6400003E-02   0.3199996E-01
   0.3000000E+00   0.6699999E-01   0.7420011E-01   0.5179993E-01   0.5600002E-02   0.3479996E-01
   0.3000000E+00   0.6800000E-01   0.6319992E-01   0.3819995E-01   0.5000002E-02   0.2699997E-01
   0.3000000E+00   0.6900000E-01   0.6199991E-01   0.3359996E-01   0.5600002E-02   0.2459997E-01
   0.3000000E+00   0.6999999E-01   0.6359993E-01   0.3859995E-01   0.4000001E-02   0.3179996E-01
   0.3000000E+00   0.7099999E-01   0.7240008E-01   0.4759994E-01   0.6600003E-02   0.3459996E-01
   0.3000000E+00   0.7200000E-01   0.8580031E-01   0.5699992E-01   0.9000001E-02   0.4259995E-01
   0.3000000E+00   0.7299999E-01   0.1006006E+00   0.6219991E-01   0.7400003E-02   0.4179995E-01
   0.3000000E+00   0.7399999E-01   0.9560047E-01   0.5899992E-01   0.8800002E-02   0.4579994E-01
   0.3000000E+00   0.7500000E-01   0.7880019E-01   0.4999993E-01   0.7000003E-02   0.3959995E-01
   0.3000000E+00   0.7600000E-01   0.9860052E-01   0.5719992E-01   0.7800004E-02   0.4459994E-01
   0.3000000E+00   0.7699999E-01   0.1320011E+00   0.6760000E-01   0.1020000E-01   0.5779992E-01
   0.3000000E+00   0.7799999E-01   0.1286010E+00   0.7240008E-01   0.1040000E-01   0.5619992E-01
   0.3000000E+00   0.7900000E-01   0.1230009E+00   0.7680015E-01   0.9600000E-02   0.5059993E-01
   0.3000000E+00   0.7999999E-01   0.1354011E+00   0.8140023E-01   0.1220000E-01   0.6259991E-01
   0.3000000E+00   0.8099999E-01   0.1600016E+00   0.8960037E-01   0.1100000E-01   0.6900002E-01
   0.3000000E+00   0.8199999E-01   0.1600016E+00   0.9660049E-01   0.1579999E-01   0.7620014E-01
   0.3000000E+00   0.8300000E-01   0.1930021E+00   0.9600048E-01   0.1559999E-01   0.7460012E-01
   0.3000000E+00   0.8399999E-01   0.2158025E+00   0.1206009E+00   0.1979998E-01   0.9740050E-01
   0.3000000E+00   0.8499999E-01   0.2356028E+00   0.1442013E+00   0.1759999E-01   0.1026006E+00
   0.3000000E+00   0.8600000E-01   0.2792036E+00   0.1624016E+00   0.2479997E-01   0.1294010E+00
   0.3000000E+00   0.8700000E-01   0.3564049E+00   0.2080024E+00   0.3059996E-01   0.1548015E+00
   0.3000000E+00   0.8799999E-01   0.4684068E+00   0.2810036E+00   0.4359994E-01   0.2062023E+00
   0.3000000E+00   0.8899999E-01   0.7785705E+00   0.4590066E+00   0.6419994E-01   0.3324045E+00
   0.3000000E+00   0.9000000E-01   0.1038348E+01   0.5993941E+00   0.8700033E-01   0.4542065E+00
   0.3000000E+00   0.9099999E-01   0.3199996E-01   0.1299999E-01   0.1800000E-02   0.1280000E-01
   0.3000000E+00   0.9199999E-01   0.2399998E-01   0.1499999E-01   0.1600000E-02   0.1040000E-01
   0.3000000E+00   0.9299999E-01   0.2959997E-01   0.1859999E-01   0.2000000E-02   0.1120000E-01
   0.3000000E+00   0.9400000E-01   0.2859997E-01   0.1939998E-01   0.1200000E-02   0.1519999E-01
   0.3000000E+00   0.9499999E-01   0.3279996E-01   0.1959998E-01   0.1800000E-02   0.1519999E-01
   0.3000000E+00   0.9599999E-01   0.2599997E-01   0.2379998E-01   0.2600000E-02   0.1240000E-01
   0.3000000E+00   0.9700000E-01   0.2899997E-01   0.1779999E-01   0.3400001E-02   0.1439999E-01
   0.3000000E+00   0.9799999E-01   0.3859995E-01   0.2159998E-01   0.3400001E-02   0.1719999E-01
   0.3000000E+00   0.9899999E-01   0.3919995E-01   0.2359998E-01   0.3800001E-02   0.1999998E-01
   0.3000000E+00   0.9999999E-01   0.4419994E-01   0.2519997E-01   0.3400001E-02   0.2119998E-01
   0.3000000E+00   0.1010000E+00   0.4479994E-01   0.3179996E-01   0.3600001E-02   0.1999998E-01
   0.3000000E+00   0.1020000E+00   0.5799992E-01   0.3079996E-01   0.5000002E-02   0.2359998E-01
   0.3000000E+00   0.1030000E+00   0.5299993E-01   0.3559996E-01   0.4600001E-02   0.2579997E-01
   0.3000000E+00   0.1040000E+00   0.5619992E-01   0.3679996E-01   0.3600001E-02   0.2599997E-01
   0.3000000E+00   0.1050000E+00   0.6639998E-01   0.3519996E-01   0.5400002E-02   0.2739997E-01
   0.3000000E+00   0.1060000E+00   0.7320009E-01   0.3959995E-01   0.6200003E-02   0.3319996E-01
   0.3000000E+00   0.1070000E+00   0.8340026E-01   0.5179993E-01   0.8000003E-02   0.4079995E-01
   0.3000000E+00   0.1080000E+00   0.9600048E-01   0.5919992E-01   0.7200003E-02   0.4519994E-01
   0.3000000E+00   0.1090000E+00   0.7300009E-01   0.4419994E-01   0.6600003E-02   0.3119996E-01
   0.3000000E+00   0.1100000E+00   0.5059993E-01   0.3179996E-01   0.5200002E-02   0.2459997E-01
   0.3000000E+00   0.1110000E+00   0.6619997E-01   0.2939997E-01   0.7200003E-02   0.2699997E-01
   0.3000000E+00   0.1120000E+00   0.6359993E-01   0.3379996E-01   0.5000002E-02   0.2519997E-01
   0.3000000E+00   0.1130000E+00   0.6279992E-01   0.3499996E-01   0.5600002E-02   0.2639997E-01
   0.3000000E+00   0.1140000E+00   0.8000021E-01   0.4619994E-01   0.6400003E-02   0.3779995E-01
   0.3000000E+00   0.1150000E+00   0.7260008E-01   0.4839994E-01   0.7400003E-02   0.3559996E-01
   0.3000000E+00   0.1160000E+00   0.7840018E-01   0.5259993E-01   0.6200003E-02   0.3399996E-01
   0.3000000E+00   0.1170000E+00   0.9360044E-01   0.5339993E-01   0.8200003E-02   0.3679996E-01
   0.3000000E+00   0.1180000E+00   0.8440028E-01   0.5859992E-01   0.8000003E-02   0.3779995E-01
   0.3000000E+00   0.1190000E+00   0.1256010E+00   0.6259991E-01   0.8400002E-02   0.5199993E-01
   0.3000000E+00   0.1200000E+00   0.1236009E+00   0.6579997E-01   0.6000002E-02   0.5139993E-01
   0.3000000E+00   0.1210000E+00   0.1120007E+00   0.7820018E-01   0.9200001E-02   0.4919994E-01
   0.3000000E+00   0.1220000E+00   0.1122008E+00   0.6199991E-01   0.6800003E-02   0.4599994E-01
   0.3000000E+00   0.1230000E+00   0.8540030E-01   0.5699992E-01   0.5200002E-02   0.3799995E-01
   0.3000000E+00   0.1240000E+00   0.9980054E-01   0.5999992E-01   0.9000001E-02   0.4519994E-01
   0.3000000E+00   0.1250000E+00   0.1114007E+00   0.7280008E-01   0.9200001E-02   0.4799994E-01
   0.3000000E+00   0.1260000E+00   0.1268010E+00   0.7540013E-01   0.1140000E-01   0.5459993E-01
   0.3000000E+00   0.1270000E+00   0.1346011E+00   0.8360027E-01   0.9800000E-02   0.6099992E-01
   0.3000000E+00   0.1280000E+00   0.1374012E+00   0.9400044E-01   0.1120000E-01   0.6719999E-01
   0.3000000E+00   0.1290000E+00   0.1444013E+00   0.9360044E-01   0.1399999E-01   0.7040004E-01
   0.3000000E+00   0.1300000E+00   0.1586015E+00   0.9200041E-01   0.1000000E-01   0.6820001E-01
   0.3000000E+00   0.1310000E+00   0.1328011E+00   0.8920036E-01   0.1080000E-01   0.6079992E-01
   0.3000000E+00   0.1320000E+00   0.1526014E+00   0.8200024E-01   0.1100000E-01   0.6419994E-01
   0.3000000E+00   0.1330000E+00   0.1542015E+00   0.1018006E+00   0.1020000E-01   0.7400011E-01
   0.3000000E+00   0.1340000E+00   0.1858020E+00   0.9740050E-01   0.1399999E-01   0.8060022E-01
   0.3000000E+00   0.1350000E+00   0.1802019E+00   0.1102007E+00   0.1260000E-01   0.8180024E-01
   0.3000000E+00   0.1360000E+00   0.1892021E+00   0.1134008E+00   0.1499999E-01   0.8840035E-01
   0.3000000E+00   0.1370000E+00   0.2060023E+00   0.1118007E+00   0.1939998E-01   0.9040038E-01
   0.3000000E+00   0.1380000E+00   0.1812019E+00   0.1154008E+00   0.1539999E-01   0.8360027E-01
   0.3000000E+00   0.1390000E+00   0.2158025E+00   0.1228009E+00   0.1539999E-01   0.9020038E-01
   0.3000000E+00   0.1400000E+00   0.2396029E+00   0.1326011E+00   0.1819999E-01   0.1070007E+00
   0.3000000E+00   0.1410000E+00   0.2426030E+00   0.1448013E+00   0.1839999E-01   0.1052006E+00
   0.3000000E+00   0.1420000E+00   0.2560032E+00   0.1438013E+00   0.1819999E-01   0.1136008E+00
   0.3000000E+00   0.1430000E+00   0.2630033E+00   0.1498014E+00   0.1999998E-01   0.1124008E+00
   0.3000000E+00   0.1440000E+00   0.2852037E+00   0.1676017E+00   0.2299998E-01   0.1312011E+00
   0.3000000E+00   0.1450000E+00   0.3010039E+00   0.1664017E+00   0.2559997E-01   0.1316011E+00
   0.3000000E+00   0.1460000E+00   0.3114041E+00   0.1932021E+00   0.2539997E-01   0.1446013E+00
   0.3000000E+00   0.1470000E+00   0.3494048E+00   0.1956022E+00   0.2799997E-01   0.1430013E+00
   0.3000000E+00   0.1480000E+00   0.3670051E+00   0.2118024E+00   0.2939997E-01   0.1584015E+00
   0.3000000E+00   0.1490000E+00   0.4302061E+00   0.2234026E+00   0.3139997E-01   0.1842020E+00
   0.3000000E+00   0.1500000E+00   0.4490064E+00   0.2556032E+00   0.3579996E-01   0.1970022E+00
   0.3000000E+00   0.1510000E+00   0.5000073E+00   0.3064040E+00   0.4279995E-01   0.2302027E+00
   0.3000000E+00   0.1520000E+00   0.5398020E+00   0.3126041E+00   0.4559994E-01   0.2420029E+00
   0.3000000E+00   0.1530000E+00   0.3302044E+00   0.1900021E+00   0.2599997E-01   0.1398012E+00
   0.3000000E+00   0.1540000E+00   0.8880036E-01   0.6039992E-01   0.8400002E-02   0.4339994E-01
   0.3000000E+00   0.1550000E+00   0.1062007E+00   0.5399993E-01   0.8600002E-02   0.4119995E-01
   0.3000000E+00   0.1560000E+00   0.1066007E+00   0.6059992E-01   0.7600003E-02   0.4079995E-01
   0.3000000E+00   0.1570000E+00   0.1224009E+00   0.6780000E-01   0.8600002E-02   0.5279993E-01
   0.3000000E+00   0.1580000E+00   0.1064007E+00   0.7720016E-01   0.1240000E-01   0.4979993E-01
   0.3000000E+00   0.1590000E+00   0.1200009E+00   0.7600014E-01   0.9800000E-02   0.5719992E-01
   0.3000000E+00   0.1600000E+00   0.1316011E+00   0.8620031E-01   0.1000000E-01   0.6219991E-01
   0.3000000E+00   0.1610000E+00   0.1562015E+00   0.8400027E-01   0.1459999E-01   0.6539996E-01
   0.3000000E+00   0.1620000E+00   0.1464013E+00   0.9020038E-01   0.1220000E-01   0.6900002E-01
   0.3000000E+00   0.1630000E+00   0.1522014E+00   0.9100039E-01   0.1280000E-01   0.6699999E-01
   0.3000000E+00   0.1640000E+00   0.1772019E+00   0.1024006E+00   0.1519999E-01   0.8060022E-01
   0.3000000E+00   0.1650000E+00   0.1766018E+00   0.1052006E+00   0.1659999E-01   0.8120023E-01
   0.3000000E+00   0.1660000E+00   0.1610016E+00   0.1018006E+00   0.1599999E-01   0.7220007E-01
   0.3000000E+00   0.1670000E+00   0.1614016E+00   0.9400044E-01   0.1539999E-01   0.7160006E-01
   0.3000000E+00   0.1680000E+00   0.1756018E+00   0.1040006E+00   0.1559999E-01   0.8200024E-01
   0.3000000E+00   0.1690000E+00   0.1994022E+00   0.1122008E+00   0.1679999E-01   0.8400027E-01
   0.3000000E+00   0.1700000E+00   0.2028023E+00   0.1318011E+00   0.1539999E-01   0.9200041E-01
   0.3000000E+00   0.1710000E+00   0.2056023E+00   0.1220009E+00   0.1999998E-01   0.8560030E-01
   0.3000000E+00   0.1720000E+00   0.2178025E+00   0.1338011E+00   0.2059998E-01   0.9720050E-01
   0.3000000E+00   0.1730000E+00   0.2286027E+00   0.1348011E+00   0.1759999E-01   0.9740050E-01
   0.3000000E+00   0.1740000E+00   0.2186026E+00   0.1434013E+00   0.2059998E-01   0.9900053E-01
   0.3000000E+00   0.1750000E+00   0.2226026E+00   0.1404012E+00   0.1839999E-01   0.9580047E-01
   0.3000000E+00   0.1760000E+00   0.2182025E+00   0.1410012E+00   0.1599999E-01   0.1044006E+00
   0.3000000E+00   0.1770000E+00   0.2468030E+00   0.1436013E+00   0.2239998E-01   0.1042006E+00
   0.3000000E+00   0.1780000E+00   0.2742035E+00   0.1600016E+00   0.2299998E-01   0.1228009E+00
   0.3000000E+00   0.1790000E+00   0.2662033E+00   0.1618016E+00   0.2439998E-01   0.1254010E+00
   0.3000000E+00   0.1800000E+00   0.2828036E+00   0.1734018E+00   0.1939998E-01   0.1268010E+00
   0.3000000E+00   0.1810000E+00   0.2986039E+00   0.1754018E+00   0.2639997E-01   0.1284010E+00
   0.3000000E+00   0.1820000E+00   0.3110041E+00   0.1760018E+00   0.2539997E-01   0.1340011E+00
   0.3000000E+00   0.1830000E+00   0.3066040E+00   0.1882020E+00   0.2419998E-01   0.1332011E+00
   0.3000000E+00   0.1840000E+00   0.3394046E+00   0.2048023E+00   0.3059996E-01   0.1522014E+00
   0.3000000E+00   0.1850000E+00   0.3400046E+00   0.2004022E+00   0.3159996E-01   0.1510014E+00
   0.3000000E+00   0.1860000E+00   0.3626050E+00   0.2116024E+00   0.2499997E-01   0.1520014E+00
   0.3000000E+00   0.1870000E+00   0.3564049E+00   0.2234026E+00   0.2959997E-01   0.1498014E+00
   0.3000000E+00   0.1880000E+00   0.3918055E+00   0.2268027E+00   0.2739997E-01   0.1698017E+00
   0.3000000E+00   0.1890000E+00   0.4010056E+00   0.2434030E+00   0.3479996E-01   0.1794019E+00
   0.3000000E+00   0.1900000E+00   0.4146059E+00   0.2490031E+00   0.3039997E-01   0.1802019E+00
   0.3000000E+00   0.1910000E+00   0.4462064E+00   0.2496031E+00   0.3239996E-01   0.1918021E+00
   0.3000000E+00   0.1920000E+00   0.4586066E+00   0.2682034E+00   0.3899995E-01   0.1990022E+00
   0.3000000E+00   0.1930000E+00   0.4590066E+00   0.2790036E+00   0.4199995E-01   0.2114024E+00
   0.3000000E+00   0.1940000E+00   0.4680068E+00   0.2786036E+00   0.3399996E-01   0.1954022E+00
   0.3000000E+00   0.1950000E+00   0.5068064E+00   0.2622033E+00   0.3399996E-01   0.2118024E+00
   0.3000000E+00   0.1960000E+00   0.4424063E+00   0.2554032E+00   0.3339996E-01   0.1878020E+00
   0.3000000E+00   0.1970000E+00   0.2738035E+00   0.1700017E+00   0.2279998E-01   0.1282010E+00
   0.3000000E+00   0.1980000E+00   0.2290027E+00   0.1312011E+00   0.1679999E-01   0.1012006E+00
   0.3000000E+00   0.1990000E+00   0.2132025E+00   0.1324011E+00   0.1959998E-01   0.9460045E-01
   0.3000000E+00   0.2000000E+00   0.2424030E+00   0.1430013E+00   0.1759999E-01   0.1074007E+00
   0.3000000E+00   0.2010000E+00   0.2564032E+00   0.1486014E+00   0.1979998E-01   0.1100007E+00
   0.3000000E+00   0.2020000E+00   0.2542031E+00   0.1602016E+00   0.2519997E-01   0.1156008E+00
   0.3000000E+00   0.2030000E+00   0.2632033E+00   0.1646016E+00   0.2519997E-01   0.1168008E+00
   0.3000000E+00   0.2040000E+00   0.2836036E+00   0.1722018E+00   0.1959998E-01   0.1256010E+00
   0.3000000E+00   0.2050000E+00   0.3158042E+00   0.1716018E+00   0.2459997E-01   0.1362012E+00
   0.3000000E+00   0.2060000E+00   0.3094041E+00   0.1842020E+00   0.2879997E-01   0.1420013E+00
   0.3000000E+00   0.2070000E+00   0.3220043E+00   0.1926021E+00   0.3279996E-01   0.1420013E+00
   0.3000000E+00   0.2080000E+00   0.3068040E+00   0.2090024E+00   0.2539997E-01   0.1370012E+00
   0.3000000E+00   0.2090000E+00   0.3328045E+00   0.2114024E+00   0.2639997E-01   0.1418013E+00
   0.3000000E+00   0.2100000E+00   0.3576049E+00   0.2242026E+00   0.3719996E-01   0.1588015E+00
   0.3000000E+00   0.2110000E+00   0.3920055E+00   0.2346028E+00   0.3519996E-01   0.1792019E+00
   0.3000000E+00   0.2120000E+00   0.4032057E+00   0.2328028E+00   0.3379996E-01   0.1782019E+00
   0.3000000E+00   0.2130000E+00   0.4242060E+00   0.2368029E+00   0.3159996E-01   0.1774019E+00
   0.3000000E+00   0.2140000E+00   0.4452064E+00   0.2624033E+00   0.3599996E-01   0.1962022E+00
   0.3000000E+00   0.2150000E+00   0.4708068E+00   0.2718034E+00   0.3239996E-01   0.1986022E+00
   0.3000000E+00   0.2160000E+00   0.4868071E+00   0.2562032E+00   0.3919995E-01   0.1974022E+00
   0.3000000E+00   0.2170000E+00   0.5158052E+00   0.2868037E+00   0.3939995E-01   0.2286027E+00
   0.3000000E+00   0.2180000E+00   0.5000073E+00   0.2822036E+00   0.4159995E-01   0.2268027E+00
   0.3000000E+00   0.2190000E+00   0.5070063E+00   0.3190042E+00   0.4219995E-01   0.2300027E+00
   0.3000000E+00   0.2200000E+00   0.5400020E+00   0.3282044E+00   0.3999995E-01   0.2432030E+00
   0.3000000E+00   0.2210000E+00   0.5516005E+00   0.3094041E+00   0.4079995E-01   0.2320028E+00
   0.3000000E+00   0.2220000E+00   0.5803967E+00   0.3206043E+00   0.4599994E-01   0.2478030E+00
   0.3000000E+00   0.2230000E+00   0.5913952E+00   0.3466047E+00   0.4939993E-01   0.2606032E+00
   0.3000000E+00   0.2240000E+00   0.5927950E+00   0.3164042E+00   0.4599994E-01   0.2444030E+00
   0.3000000E+00   0.2250000E+00   0.5779970E+00   0.3254043E+00   0.4719994E-01   0.2490031E+00
   0.3000000E+00   0.2260000E+00   0.5615991E+00   0.2990039E+00   0.4859994E-01   0.2468030E+00
   0.3000000E+00   0.2270000E+00   0.5048066E+00   0.2672034E+00   0.4559994E-01   0.2060023E+00
   0.3000000E+00   0.2280000E+00   0.3842053E+00   0.2308028E+00   0.3219996E-01   0.1646016E+00
   0.3000000E+00   0.2290000E+00   0.3914055E+00   0.2216026E+00   0.2839997E-01   0.1698017E+00
   0.3000000E+00   0.2300000E+00   0.3920055E+00   0.2294027E+00   0.2999997E-01   0.1686017E+00
   0.3000000E+00   0.2310000E+00   0.4036057E+00   0.2538031E+00   0.3539996E-01   0.1742018E+00
   0.3000000E+00   0.2320000E+00   0.4462064E+00   0.2746035E+00   0.3659996E-01   0.1962022E+00
   0.3000000E+00   0.2330000E+00   0.4904071E+00   0.2604032E+00   0.3759995E-01   0.2052023E+00
   0.3000000E+00   0.2340000E+00   0.5044067E+00   0.2796036E+00   0.3839995E-01   0.2268027E+00
   0.3000000E+00   0.2350000E+00   0.5094060E+00   0.2944038E+00   0.4159995E-01   0.2186026E+00
   0.3000000E+00   0.2360000E+00   0.5625990E+00   0.3228043E+00   0.4719994E-01   0.2340028E+00
   0.3000000E+00   0.2370000E+00   0.5504006E+00   0.3492047E+00   0.4699994E-01   0.2382029E+00
   0.3000000E+00   0.2380000E+00   0.5783969E+00   0.3674051E+00   0.4539994E-01   0.2562032E+00
   0.3000000E+00   0.2390000E+00   0.6181917E+00   0.3692051E+00   0.5039993E-01   0.2656033E+00
   0.3000000E+00   0.2400000E+00   0.6315899E+00   0.3822053E+00   0.5299993E-01   0.2680034E+00
   0.3000000E+00   0.2410000E+00   0.6651855E+00   0.3960055E+00   0.5499993E-01   0.3052040E+00
   0.3000000E+00   0.2420000E+00   0.6935817E+00   0.3998056E+00   0.5619992E-01   0.3026040E+00
   0.3000000E+00   0.2430000E+00   0.7265773E+00   0.4078057E+00   0.5799992E-01   0.2960038E+00
   0.3000000E+00   0.2440000E+00   0.7443750E+00   0.4072057E+00   0.6119991E-01   0.3104041E+00
   0.3000000E+00   0.2450000E+00   0.7149789E+00   0.4290061E+00   0.6399994E-01   0.3136041E+00
   0.3000000E+00   0.2460000E+00   0.7429752E+00   0.4374062E+00   0.5599992E-01   0.3142042E+00
   0.3000000E+00   0.2470000E+00   0.7411754E+00   0.4158059E+00   0.5299993E-01   0.3174042E+00
   0.3000000E+00   0.2480000E+00   0.6923819E+00   0.3778052E+00   0.4859994E-01   0.2908038E+00
   0.3000000E+00   0.2490000E+00   0.6477877E+00   0.3592049E+00   0.5499993E-01   0.2846037E+00
   0.3000000E+00   0.2500000E+00   0.5911952E+00   0.3684051E+00   0.4319995E-01   0.2598032E+00
   0.3000000E+00   0.2510000E+00   0.6591862E+00   0.3734052E+00   0.5919992E-01   0.2712034E+00
   0.3000000E+00   0.2520000E+00   0.6839830E+00   0.3968056E+00   0.5959992E-01   0.3102041E+00
   0.3000000E+00   0.2530000E+00   0.7059801E+00   0.4198059E+00   0.6379993E-01   0.3070040E+00
   0.3000000E+00   0.2540000E+00   0.7689717E+00   0.4406063E+00   0.5739992E-01   0.3254043E+00
   0.3000000E+00   0.2550000E+00   0.7963681E+00   0.4692068E+00   0.7040004E-01   0.3440047E+00
   0.3000000E+00   0.2560000E+00   0.8653590E+00   0.5028069E+00   0.6780000E-01   0.3748052E+00
   0.3000000E+00   0.2570000E+00   0.8953550E+00   0.5090061E+00   0.7500012E-01   0.4052057E+00
   0.3000000E+00   0.2580000E+00   0.8969548E+00   0.5164051E+00   0.7520013E-01   0.3798053E+00
   0.3000000E+00   0.2590000E+00   0.9459484E+00   0.5324030E+00   0.8020021E-01   0.3988056E+00
   0.3000000E+00   0.2600000E+00   0.9741446E+00   0.5326030E+00   0.7700016E-01   0.4122058E+00
   0.3000000E+00   0.2610000E+00   0.9751445E+00   0.5316031E+00   0.8940037E-01   0.4172059E+00
   0.3000000E+00   0.2620000E+00   0.9877428E+00   0.5561998E+00   0.8040021E-01   0.4208060E+00
   0.3000000E+00   0.2630000E+00   0.9207517E+00   0.5310032E+00   0.7520013E-01   0.4028057E+00
   0.3000000E+00   0.2640000E+00   0.8835566E+00   0.4982073E+00   0.7600014E-01   0.3882054E+00
   0.3000000E+00   0.2650000E+00   0.9533474E+00   0.5348027E+00   0.7600014E-01   0.4172059E+00
   0.3000000E+00   0.2660000E+00   0.9849432E+00   0.5546001E+00   0.8900036E-01   0.4280061E+00
   0.3000000E+00   0.2670000E+00   0.1010743E+01   0.5763972E+00   0.8980037E-01   0.4342062E+00
   0.3000000E+00   0.2680000E+00   0.1102158E+01   0.6451881E+00   0.1026006E+00   0.4744069E+00
   0.3000000E+00   0.2690000E+00   0.1160168E+01   0.6409886E+00   0.9700049E-01   0.4966072E+00
   0.3000000E+00   0.2700000E+00   0.1201975E+01   0.6669852E+00   0.1076007E+00   0.5030069E+00
   0.3000000E+00   0.2710000E+00   0.1284989E+01   0.6975812E+00   0.9600048E-01   0.5464011E+00
   0.3000000E+00   0.2720000E+00   0.1260985E+01   0.7057801E+00   0.9440045E-01   0.5308032E+00
   0.3000000E+00   0.2730000E+00   0.1280588E+01   0.6941816E+00   0.1086007E+00   0.5426016E+00
   0.3000000E+00   0.2740000E+00   0.1206175E+01   0.6781837E+00   0.9740050E-01   0.5162051E+00
   0.3000000E+00   0.2750000E+00   0.1240381E+01   0.6947815E+00   0.1102007E+00   0.5346027E+00
   0.3000000E+00   0.2760000E+00   0.1327396E+01   0.7577732E+00   0.1124008E+00   0.5761972E+00
   0.3000000E+00   0.2770000E+00   0.1462018E+01   0.8079666E+00   0.1146008E+00   0.6427884E+00
   0.3000000E+00   0.2780000E+00   0.1484022E+01   0.8481613E+00   0.1164008E+00   0.6285903E+00
   0.3000000E+00   0.2790000E+00   0.1585238E+01   0.8743578E+00   0.1268010E+00   0.6809834E+00
   0.3000000E+00   0.2800000E+00   0.1648249E+01   0.9169522E+00   0.1436013E+00   0.7107794E+00
   0.3000000E+00   0.2810000E+00   0.1577037E+01   0.9151524E+00   0.1270010E+00   0.6937817E+00
   0.3000000E+00   0.2820000E+00   0.1654850E+01   0.9121528E+00   0.1376012E+00   0.7435751E+00
   0.3000000E+00   0.2830000E+00   0.1717660E+01   0.9891427E+00   0.1504014E+00   0.7485744E+00
   0.3000000E+00   0.2840000E+00   0.1935496E+01   0.1073753E+01   0.1528014E+00   0.8369628E+00
   0.3000000E+00   0.2850000E+00   0.2018110E+01   0.1157367E+01   0.1666017E+00   0.8943552E+00
   0.3000000E+00   0.2860000E+00   0.2086521E+01   0.1158368E+01   0.1720018E+00   0.9117529E+00
   0.3000000E+00   0.2870000E+00   0.2096123E+01   0.1213577E+01   0.1794019E+00   0.9221515E+00
   0.3000000E+00   0.2880000E+00   0.2348565E+01   0.1289189E+01   0.1858020E+00   0.1007743E+01
   0.3000000E+00   0.2890000E+00   0.2540397E+01   0.1424212E+01   0.2002022E+00   0.1114360E+01
   0.3000000E+00   0.2900000E+00   0.2664217E+01   0.1470619E+01   0.2274027E+00   0.1145965E+01
   0.3000000E+00   0.2910000E+00   0.2796839E+01   0.1587039E+01   0.2226026E+00   0.1209376E+01
   0.3000000E+00   0.2920000E+00   0.3175302E+01   0.1830279E+01   0.2532031E+00   0.1356000E+01
   0.3000000E+00   0.2930000E+00   0.3387937E+01   0.1882488E+01   0.2750035E+00   0.1479221E+01
   0.3000000E+00   0.2940000E+00   0.3696388E+01   0.2125928E+01   0.3088041E+00   0.1628245E+01
   0.3000000E+00   0.2950000E+00   0.4196237E+01   0.2465984E+01   0.3646050E+00   0.1839881E+01
   0.3000000E+00   0.2960000E+00   0.4889525E+01   0.2748831E+01   0.3796053E+00   0.2115126E+01
   0.3000000E+00   0.2970000E+00   0.5864324E+01   0.3337929E+01   0.4720068E+00   0.2545998E+01
   0.3000000E+00   0.2980000E+00   0.7414531E+01   0.4295935E+01   0.5843961E+00   0.3223110E+01
   0.3000000E+00   0.2990000E+00   0.1100080E+02   0.6536833E+01   0.9085533E+00   0.4890124E+01
   0.3000000E+00   0.3000000E+00   0.1211231E+02   0.7448097E+01   0.1023145E+01   0.5424176E+01
   0.3000000E+00   0.3010000E+00   0.1602016E+00   0.8360027E-01   0.1659999E-01   0.7200007E-01
   0.3000000E+00   0.3020000E+00   0.1654017E+00   0.7740016E-01   0.1919998E-01   0.7060005E-01
   0.3000000E+00   0.3030000E+00   0.1710017E+00   0.8740033E-01   0.1839999E-01   0.7600014E-01
   0.3000000E+00   0.3040000E+00   0.1782019E+00   0.8720033E-01   0.1439999E-01   0.7440011E-01
   0.3000000E+00   0.3050000E+00   0.1634016E+00   0.8900036E-01   0.1639999E-01   0.6840001E-01
   0.3000000E+00   0.3060000E+00   0.1896021E+00   0.9120040E-01   0.2019998E-01   0.8180024E-01
   0.3000000E+00   0.3070000E+00   0.1746018E+00   0.9060039E-01   0.2099998E-01   0.7680015E-01
   0.3000000E+00   0.3080000E+00   0.1962022E+00   0.1034006E+00   0.1819999E-01   0.8360027E-01
   0.3000000E+00   0.3090000E+00   0.1950022E+00   0.1012006E+00   0.1659999E-01   0.8020021E-01
   0.3000000E+00   0.3100000E+00   0.1948022E+00   0.9720050E-01   0.2019998E-01   0.8720033E-01
   0.3000000E+00   0.3110000E+00   0.2262027E+00   0.1008006E+00   0.2019998E-01   0.9760050E-01
   0.3000000E+00   0.3120000E+00   0.2226026E+00   0.9920053E-01   0.2459997E-01   0.9640048E-01
   0.3000000E+00   0.3130000E+00   0.2100024E+00   0.1178008E+00   0.2039998E-01   0.8880036E-01
   0.3000000E+00   0.3140000E+00   0.2198026E+00   0.1140008E+00   0.2239998E-01   0.9660049E-01
   0.3000000E+00   0.3150000E+00   0.2284027E+00   0.1038006E+00   0.2339998E-01   0.9680049E-01
   0.3000000E+00   0.3160000E+00   0.2342028E+00   0.1224009E+00   0.2579997E-01   0.9880053E-01
   0.3000000E+00   0.3170000E+00   0.2502031E+00   0.1200009E+00   0.2099998E-01   0.1044006E+00
   0.3000000E+00   0.3180000E+00   0.2328028E+00   0.1276010E+00   0.2479997E-01   0.1078007E+00
   0.3000000E+00   0.3190000E+00   0.2276027E+00   0.1198009E+00   0.2539997E-01   0.9800051E-01
   0.3000000E+00   0.3200000E+00   0.2248027E+00   0.1166008E+00   0.2399998E-01   0.9760050E-01
   0.3000000E+00   0.3210000E+00   0.2436030E+00   0.1096007E+00   0.2759997E-01   0.1016006E+00
   0.3000000E+00   0.3220000E+00   0.2512031E+00   0.1162008E+00   0.2419998E-01   0.1084007E+00
   0.3000000E+00   0.3230000E+00   0.2594032E+00   0.1222009E+00   0.2819997E-01   0.1096007E+00
   0.3000000E+00   0.3240000E+00   0.2698034E+00   0.1306011E+00   0.2759997E-01   0.1188009E+00
   0.3000000E+00   0.3250000E+00   0.2778035E+00   0.1376012E+00   0.3119996E-01   0.1158008E+00
   0.3000000E+00   0.3260000E+00   0.2650033E+00   0.1458013E+00   0.3319996E-01   0.1274010E+00
   0.3000000E+00   0.3270000E+00   0.3176042E+00   0.1490014E+00   0.2619997E-01   0.1326011E+00
   0.3000000E+00   0.3280000E+00   0.2978039E+00   0.1538015E+00   0.2919997E-01   0.1222009E+00
   0.3000000E+00   0.3290000E+00   0.2952038E+00   0.1634016E+00   0.3219996E-01   0.1312011E+00
   0.3000000E+00   0.3300000E+00   0.3292044E+00   0.1542015E+00   0.3539996E-01   0.1464013E+00
   0.3000000E+00   0.3310000E+00   0.3446047E+00   0.1576015E+00   0.3659996E-01   0.1380012E+00
   0.3000000E+00   0.3320000E+00   0.3348045E+00   0.1612016E+00   0.3399996E-01   0.1370012E+00
   0.3000000E+00   0.3330000E+00   0.3232043E+00   0.1574015E+00   0.3779995E-01   0.1464013E+00
   0.3000000E+00   0.3340000E+00   0.3418046E+00   0.1662017E+00   0.3439996E-01   0.1498014E+00
   0.3000000E+00   0.3350000E+00   0.3532048E+00   0.1746018E+00   0.3499996E-01   0.1496014E+00
   0.3000000E+00   0.3360000E+00   0.3848054E+00   0.1810019E+00   0.3679996E-01   0.1484014E+00
   0.3000000E+00   0.3370000E+00   0.4026057E+00   0.1784019E+00   0.4299995E-01   0.1714018E+00
   0.3000000E+00   0.3380000E+00   0.3946055E+00   0.1926021E+00   0.3879995E-01   0.1656017E+00
   0.3000000E+00   0.3390000E+00   0.4054057E+00   0.1918021E+00   0.4959993E-01   0.1734018E+00
   0.3000000E+00   0.3400000E+00   0.4038057E+00   0.1920021E+00   0.4059995E-01   0.1696017E+00
   0.3000000E+00   0.3410000E+00   0.4450064E+00   0.2062023E+00   0.4699994E-01   0.1834020E+00
   0.3000000E+00   0.3420000E+00   0.4298061E+00   0.2072024E+00   0.4179995E-01   0.1794019E+00
   0.3000000E+00   0.3430000E+00   0.4224060E+00   0.2082024E+00   0.4219995E-01   0.1854020E+00
   0.3000000E+00   0.3440000E+00   0.4340062E+00   0.2196026E+00   0.4939993E-01   0.1866020E+00
   0.3000000E+00   0.3450000E+00   0.4538065E+00   0.2280027E+00   0.5039993E-01   0.1972022E+00
   0.3000000E+00   0.3460000E+00   0.4298061E+00   0.2362029E+00   0.4979993E-01   0.1840020E+00
   0.3000000E+00   0.3470000E+00   0.4758069E+00   0.2438030E+00   0.5159993E-01   0.2072024E+00
   0.3000000E+00   0.3480000E+00   0.4832070E+00   0.2570032E+00   0.5079993E-01   0.2054023E+00
   0.3000000E+00   0.3490000E+00   0.5198047E+00   0.2434030E+00   0.5519992E-01   0.2150025E+00
   0.3000000E+00   0.3500000E+00   0.5520004E+00   0.2672034E+00   0.5279993E-01   0.2326028E+00
   0.3000000E+00   0.3510000E+00   0.5330029E+00   0.2684034E+00   0.6059992E-01   0.2344028E+00
   0.3000000E+00   0.3520000E+00   0.5843961E+00   0.2750035E+00   0.5659992E-01   0.2580032E+00
   0.3000000E+00   0.3530000E+00   0.5951947E+00   0.3016039E+00   0.6319992E-01   0.2686034E+00
   0.3000000E+00   0.3540000E+00   0.6115925E+00   0.2862037E+00   0.6259991E-01   0.2576032E+00
   0.3000000E+00   0.3550000E+00   0.6215912E+00   0.3016039E+00   0.6439994E-01   0.2624033E+00
   0.3000000E+00   0.3560000E+00   0.6251907E+00   0.2822036E+00   0.7180007E-01   0.2572032E+00
   0.3000000E+00   0.3570000E+00   0.6873825E+00   0.3332045E+00   0.7380010E-01   0.2886037E+00
   0.3000000E+00   0.3580000E+00   0.6751841E+00   0.3572049E+00   0.7380010E-01   0.2942038E+00
   0.3000000E+00   0.3590000E+00   0.7325765E+00   0.3474047E+00   0.8200024E-01   0.3066040E+00
   0.3000000E+00   0.3600000E+00   0.7477745E+00   0.3862054E+00   0.8580031E-01   0.3310044E+00
   0.3000000E+00   0.3610000E+00   0.8583599E+00   0.3874054E+00   0.9620048E-01   0.3496048E+00
   0.3000000E+00   0.3620000E+00   0.8639592E+00   0.4164059E+00   0.9400044E-01   0.3712051E+00
   0.3000000E+00   0.3630000E+00   0.5847961E+00   0.2974039E+00   0.6519996E-01   0.2438030E+00
   0.3000000E+00   0.3640000E+00   0.3696051E+00   0.1686017E+00   0.3539996E-01   0.1562015E+00
   0.3000000E+00   0.3650000E+00   0.4066057E+00   0.1794019E+00   0.4339994E-01   0.1688017E+00
   0.3000000E+00   0.3660000E+00   0.3938055E+00   0.1834020E+00   0.4479994E-01   0.1634016E+00
   0.3000000E+00   0.3670000E+00   0.4336062E+00   0.1998022E+00   0.3779995E-01   0.1732018E+00
   0.3000000E+00   0.3680000E+00   0.4370062E+00   0.2118024E+00   0.4499994E-01   0.1818019E+00
   0.3000000E+00   0.3690000E+00   0.4324062E+00   0.2240026E+00   0.4219995E-01   0.1898021E+00
   0.3000000E+00   0.3700000E+00   0.4450064E+00   0.2210026E+00   0.5059993E-01   0.1920021E+00
   0.3000000E+00   0.3710000E+00   0.4802070E+00   0.2246027E+00   0.4699994E-01   0.1992022E+00
   0.3000000E+00   0.3720000E+00   0.4556065E+00   0.2236026E+00   0.5099993E-01   0.2006022E+00
   0.3000000E+00   0.3730000E+00   0.4854071E+00   0.2346028E+00   0.5379993E-01   0.2030023E+00
   0.3000000E+00   0.3740000E+00   0.5014071E+00   0.2334028E+00   0.5159993E-01   0.2166025E+00
   0.3000000E+00   0.3750000E+00   0.5104059E+00   0.2636033E+00   0.5419993E-01   0.2194026E+00
   0.3000000E+00   0.3760000E+00   0.5128056E+00   0.2560032E+00   0.5199993E-01   0.2244027E+00
   0.3000000E+00   0.3770000E+00   0.5196047E+00   0.2500031E+00   0.4999993E-01   0.2274027E+00
   0.3000000E+00   0.3780000E+00   0.5488008E+00   0.2650033E+00   0.5539992E-01   0.2276027E+00
   0.3000000E+00   0.3790000E+00   0.5376023E+00   0.2570032E+00   0.5519992E-01   0.2216026E+00
   0.3000000E+00   0.3800000E+00   0.5751973E+00   0.2754035E+00   0.6159991E-01   0.2506031E+00
   0.3000000E+00   0.3810000E+00   0.5955946E+00   0.3002039E+00   0.5979992E-01   0.2458030E+00
   0.3000000E+00   0.3820000E+00   0.6149921E+00   0.3060040E+00   0.6539996E-01   0.2688034E+00
   0.3000000E+00   0.3830000E+00   0.5887955E+00   0.3044040E+00   0.7180007E-01   0.2530031E+00
   0.3000000E+00   0.3840000E+00   0.6385890E+00   0.3134041E+00   0.6539996E-01   0.2616033E+00
   0.3000000E+00   0.3850000E+00   0.6347895E+00   0.3284044E+00   0.6960003E-01   0.2708034E+00
   0.3000000E+00   0.3860000E+00   0.6559867E+00   0.3282044E+00   0.7320009E-01   0.2790036E+00
   0.3000000E+00   0.3870000E+00   0.6951815E+00   0.3194042E+00   0.6980003E-01   0.2804036E+00
   0.3000000E+00   0.3880000E+00   0.7391757E+00   0.3466047E+00   0.7940020E-01   0.3022040E+00
   0.3000000E+00   0.3890000E+00   0.7437751E+00   0.3590049E+00   0.8200024E-01   0.3294044E+00
   0.3000000E+00   0.3900000E+00   0.7427752E+00   0.3622050E+00   0.8220024E-01   0.3174042E+00
   0.3000000E+00   0.3910000E+00   0.7653722E+00   0.3652050E+00   0.8080022E-01   0.3380046E+00
   0.3000000E+00   0.3920000E+00   0.7711715E+00   0.3584049E+00   0.7500012E-01   0.3110041E+00
   0.3000000E+00   0.3930000E+00   0.8077666E+00   0.3848054E+00   0.9020038E-01   0.3452047E+00
   0.3000000E+00   0.3940000E+00   0.8415622E+00   0.3814053E+00   0.9160040E-01   0.3566049E+00
   0.3000000E+00   0.3950000E+00   0.8497611E+00   0.4064057E+00   0.8400027E-01   0.3628050E+00
   0.3000000E+00   0.3960000E+00   0.8397624E+00   0.4104058E+00   0.8720033E-01   0.3550048E+00
   0.3000000E+00   0.3970000E+00   0.8737579E+00   0.4110058E+00   0.8880036E-01   0.3618050E+00
   0.3000000E+00   0.3980000E+00   0.8685586E+00   0.4464064E+00   0.9660049E-01   0.3738052E+00
   0.3000000E+00   0.3990000E+00   0.9197518E+00   0.4570066E+00   0.9920053E-01   0.3840053E+00
   0.3000000E+00   0.4000000E+00   0.9421489E+00   0.4464064E+00   0.9740050E-01   0.3894054E+00
   0.3000000E+00   0.4010000E+00   0.9409490E+00   0.4816070E+00   0.1034006E+00   0.3896054E+00
   0.3000000E+00   0.4020000E+00   0.9585467E+00   0.4520065E+00   0.9980054E-01   0.4040057E+00
   0.3000000E+00   0.4030000E+00   0.9743446E+00   0.4670067E+00   0.1114007E+00   0.4212060E+00
   0.3000000E+00   0.4040000E+00   0.1004142E+01   0.4670067E+00   0.1104007E+00   0.4222060E+00
   0.3000000E+00   0.4050000E+00   0.9749445E+00   0.4830070E+00   0.9960054E-01   0.4108058E+00
   0.3000000E+00   0.4060000E+00   0.9121528E+00   0.4490064E+00   0.9700049E-01   0.3966056E+00
   0.3000000E+00   0.4070000E+00   0.7587731E+00   0.3718051E+00   0.8720033E-01   0.3238043E+00
   0.3000000E+00   0.4080000E+00   0.6943816E+00   0.3370045E+00   0.7320009E-01   0.2974039E+00
   0.3000000E+00   0.4090000E+00   0.7047802E+00   0.3420046E+00   0.7920019E-01   0.3006039E+00
   0.3000000E+00   0.4100000E+00   0.7409754E+00   0.3620050E+00   0.8320026E-01   0.3170042E+00
   0.3000000E+00   0.4110000E+00   0.7811701E+00   0.3776052E+00   0.8160023E-01   0.3282044E+00
   0.3000000E+00   0.4120000E+00   0.7947683E+00   0.3878054E+00   0.9400044E-01   0.3376046E+00
   0.3000000E+00   0.4130000E+00   0.8081666E+00   0.3752052E+00   0.8740033E-01   0.3438047E+00
   0.3000000E+00   0.4140000E+00   0.8683586E+00   0.3914055E+00   0.8680032E-01   0.3572049E+00
   0.3000000E+00   0.4150000E+00   0.8781573E+00   0.4130058E+00   0.9160040E-01   0.3742052E+00
   0.3000000E+00   0.4160000E+00   0.8615595E+00   0.4260060E+00   0.8880036E-01   0.3650050E+00
   0.3000000E+00   0.4170000E+00   0.9029540E+00   0.4376062E+00   0.9520046E-01   0.3754052E+00
   0.3000000E+00   0.4180000E+00   0.9085533E+00   0.4390063E+00   0.1028006E+00   0.3934055E+00
   0.3000000E+00   0.4190000E+00   0.9159523E+00   0.4594066E+00   0.9860052E-01   0.3948055E+00
   0.3000000E+00   0.4200000E+00   0.9765443E+00   0.4754069E+00   0.1032006E+00   0.4380063E+00
   0.3000000E+00   0.4210000E+00   0.1028346E+01   0.4730068E+00   0.1080007E+00   0.4296061E+00
   0.3000000E+00   0.4220000E+00   0.1012143E+01   0.4802070E+00   0.1020006E+00   0.4336062E+00
   0.3000000E+00   0.4230000E+00   0.1010543E+01   0.5024070E+00   0.1012006E+00   0.4292061E+00
   0.3000000E+00   0.4240000E+00   0.1058351E+01   0.5088061E+00   0.1110007E+00   0.4450064E+00
   0.3000000E+00   0.4250000E+00   0.1090756E+01   0.5292034E+00   0.1206009E+00   0.4616067E+00
   0.3000000E+00   0.4260000E+00   0.1111360E+01   0.5502006E+00   0.1124008E+00   0.4652067E+00
   0.3000000E+00   0.4270000E+00   0.1149166E+01   0.5552000E+00   0.1290010E+00   0.4980073E+00
   0.3000000E+00   0.4280000E+00   0.1154567E+01   0.5657986E+00   0.1200009E+00   0.4972073E+00
   0.3000000E+00   0.4290000E+00   0.1183172E+01   0.5749974E+00   0.1226009E+00   0.5034068E+00
   0.3000000E+00   0.4300000E+00   0.1220978E+01   0.5707979E+00   0.1326011E+00   0.5248040E+00
   0.3000000E+00   0.4310000E+00   0.1227979E+01   0.5885956E+00   0.1292010E+00   0.5122057E+00
   0.3000000E+00   0.4320000E+00   0.1202975E+01   0.5783969E+00   0.1240010E+00   0.5088061E+00
   0.3000000E+00   0.4330000E+00   0.1299391E+01   0.5833963E+00   0.1346011E+00   0.5328029E+00
   0.3000000E+00   0.4340000E+00   0.1254383E+01   0.5873957E+00   0.1286010E+00   0.5268037E+00
   0.3000000E+00   0.4350000E+00   0.1247982E+01   0.6099927E+00   0.1286010E+00   0.5214044E+00
   0.3000000E+00   0.4360000E+00   0.1201775E+01   0.5889955E+00   0.1368012E+00   0.5124056E+00
   0.3000000E+00   0.4370000E+00   0.1114560E+01   0.5526003E+00   0.1216009E+00   0.4820070E+00
   0.3000000E+00   0.4380000E+00   0.1076754E+01   0.5180049E+00   0.1096007E+00   0.4538065E+00
   0.3000000E+00   0.4390000E+00   0.1078554E+01   0.5126056E+00   0.1078007E+00   0.4588066E+00
   0.3000000E+00   0.4400000E+00   0.1158167E+01   0.5344027E+00   0.1152008E+00   0.4730068E+00
   0.3000000E+00   0.4410000E+00   0.1143365E+01   0.5689982E+00   0.1298010E+00   0.5062065E+00
   0.3000000E+00   0.4420000E+00   0.1225979E+01   0.5849960E+00   0.1326011E+00   0.5104059E+00
   0.3000000E+00   0.4430000E+00   0.1242381E+01   0.6053934E+00   0.1322011E+00   0.5288035E+00
   0.3000000E+00   0.4440000E+00   0.1274387E+01   0.6271905E+00   0.1360012E+00   0.5448014E+00
   0.3000000E+00   0.4450000E+00   0.1280388E+01   0.6247908E+00   0.1482014E+00   0.5504006E+00
   0.3000000E+00   0.4460000E+00   0.1306592E+01   0.6507874E+00   0.1438013E+00   0.5603993E+00
   0.3000000E+00   0.4470000E+00   0.1368802E+01   0.6529871E+00   0.1524014E+00   0.5893955E+00
   0.3000000E+00   0.4480000E+00   0.1439014E+01   0.6589863E+00   0.1590015E+00   0.6083930E+00
   0.3000000E+00   0.4490000E+00   0.1432613E+01   0.7055801E+00   0.1494014E+00   0.5975944E+00
   0.3000000E+00   0.4500000E+00   0.1488222E+01   0.7083797E+00   0.1670017E+00   0.6353894E+00
   0.3000000E+00   0.4510000E+00   0.1446215E+01   0.7035804E+00   0.1620016E+00   0.6283903E+00
   0.3000000E+00   0.4520000E+00   0.1556834E+01   0.7023805E+00   0.1562015E+00   0.6297901E+00
   0.3000000E+00   0.4530000E+00   0.1558234E+01   0.7413754E+00   0.1666017E+00   0.6591862E+00
   0.3000000E+00   0.4540000E+00   0.1613043E+01   0.7435751E+00   0.1750018E+00   0.6795835E+00
   0.3000000E+00   0.4550000E+00   0.1555633E+01   0.7715714E+00   0.1644016E+00   0.6589863E+00
   0.3000000E+00   0.4560000E+00   0.1657850E+01   0.7511741E+00   0.1698017E+00   0.6903821E+00
   0.3000000E+00   0.4570000E+00   0.1558634E+01   0.7501742E+00   0.1642016E+00   0.6613860E+00
   0.3000000E+00   0.4580000E+00   0.1491023E+01   0.7185784E+00   0.1630016E+00   0.6363893E+00
   0.3000000E+00   0.4590000E+00   0.1482621E+01   0.7157788E+00   0.1538015E+00   0.6315899E+00
   0.3000000E+00   0.4600000E+00   0.1512026E+01   0.7061800E+00   0.1562015E+00   0.6211913E+00
   0.3000000E+00   0.4610000E+00   0.1562435E+01   0.7405755E+00   0.1680017E+00   0.6729844E+00
   0.3000000E+00   0.4620000E+00   0.1595840E+01   0.7673720E+00   0.1850020E+00   0.6933817E+00
   0.3000000E+00   0.4630000E+00   0.1696257E+01   0.7831699E+00   0.1738018E+00   0.7091796E+00
   0.3000000E+00   0.4640000E+00   0.1695857E+01   0.8197650E+00   0.1830020E+00   0.7269773E+00
   0.3000000E+00   0.4650000E+00   0.1765868E+01   0.8347631E+00   0.1830020E+00   0.7219779E+00
   0.3000000E+00   0.4660000E+00   0.1795873E+01   0.8587599E+00   0.1914021E+00   0.7425752E+00
   0.3000000E+00   0.4670000E+00   0.1873486E+01   0.8923554E+00   0.1856020E+00   0.7899690E+00
   0.3000000E+00   0.4680000E+00   0.1904091E+01   0.8723581E+00   0.2032023E+00   0.8011675E+00
   0.3000000E+00   0.4690000E+00   0.1929495E+01   0.9205517E+00   0.2198026E+00   0.8211648E+00
   0.3000000E+00   0.4700000E+00   0.1876887E+01   0.8823568E+00   0.2156025E+00   0.8077666E+00
   0.3000000E+00   0.4710000E+00   0.1955500E+01   0.9021541E+00   0.2034023E+00   0.8329633E+00
   0.3000000E+00   0.4720000E+00   0.1943698E+01   0.9137526E+00   0.2074024E+00   0.8225647E+00
   0.3000000E+00   0.4730000E+00   0.1892889E+01   0.9087533E+00   0.2046023E+00   0.8021674E+00
   0.3000000E+00   0.4740000E+00   0.1919294E+01   0.9083533E+00   0.2072024E+00   0.7961681E+00
   0.3000000E+00   0.4750000E+00   0.2001507E+01   0.9307504E+00   0.2160025E+00   0.8509609E+00
   0.3000000E+00   0.4760000E+00   0.2063918E+01   0.9597465E+00   0.2268027E+00   0.8631593E+00
   0.3000000E+00   0.4770000E+00   0.2134929E+01   0.1007542E+01   0.2260027E+00   0.8961549E+00
   0.3000000E+00   0.4780000E+00   0.2142531E+01   0.1031747E+01   0.2512031E+00   0.9433487E+00
   0.3000000E+00   0.4790000E+00   0.2218943E+01   0.1012943E+01   0.2590032E+00   0.9375495E+00
   0.3000000E+00   0.4800000E+00   0.2288955E+01   0.1063352E+01   0.2390029E+00   0.9483480E+00
   0.3000000E+00   0.4810000E+00   0.2255149E+01   0.1060151E+01   0.2544031E+00   0.9753445E+00
   0.3000000E+00   0.4820000E+00   0.2348965E+01   0.1087156E+01   0.2596032E+00   0.9955418E+00
   0.3000000E+00   0.4830000E+00   0.2344764E+01   0.1102358E+01   0.2510031E+00   0.9877428E+00
   0.3000000E+00   0.4840000E+00   0.2342364E+01   0.1100758E+01   0.2552032E+00   0.9895426E+00
   0.3000000E+00   0.4850000E+00   0.2381370E+01   0.1119361E+01   0.2588032E+00   0.1001541E+01
   0.3000000E+00   0.4860000E+00   0.2496389E+01   0.1138564E+01   0.2752035E+00   0.1044349E+01
   0.3000000E+00   0.4870000E+00   0.2552399E+01   0.1185172E+01   0.2750035E+00   0.1066952E+01
   0.3000000E+00   0.4880000E+00   0.2653415E+01   0.1220178E+01   0.2820036E+00   0.1120161E+01
   0.3000000E+00   0.4890000E+00   0.2640613E+01   0.1240781E+01   0.2854037E+00   0.1097157E+01
   0.3000000E+00   0.4900000E+00   0.2679420E+01   0.1260785E+01   0.3048040E+00   0.1150366E+01
   0.3000000E+00   0.4910000E+00   0.2756433E+01   0.1299391E+01   0.2968039E+00   0.1160568E+01
   0.3000000E+00   0.4920000E+00   0.2767034E+01   0.1325795E+01   0.3128041E+00   0.1185972E+01
   0.3000000E+00   0.4930000E+00   0.2879053E+01   0.1351200E+01   0.3180042E+00   0.1241381E+01
   0.3000000E+00   0.4940000E+00   0.2976069E+01   0.1377404E+01   0.3248043E+00   0.1236781E+01
   0.3000000E+00   0.4950000E+00   0.3031678E+01   0.1430213E+01   0.3246043E+00   0.1283588E+01
   0.3000000E+00   0.4960000E+00   0.3087687E+01   0.1407809E+01   0.3242043E+00   0.1264785E+01
   0.3000000E+00   0.4970000E+00   0.3086487E+01   0.1496224E+01   0.3452047E+00   0.1318994E+01
   0.3000000E+00   0.4980000E+00   0.3298522E+01   0.1571836E+01   0.3676051E+00   0.1393006E+01
   0.3000000E+00   0.4990000E+00   0.3439546E+01   0.1613043E+01   0.3686051E+00   0.1429813E+01
   0.3000000E+00   0.5000000E+00   0.3435945E+01   0.1631046E+01   0.3800053E+00   0.1456017E+01
   0.3000000E+00   0.5010000E+00   0.3568367E+01   0.1672253E+01   0.3964055E+00   0.1511826E+01
   0.3000000E+00   0.5020000E+00   0.3734795E+01   0.1721461E+01   0.3950055E+00   0.1546432E+01
   0.3000000E+00   0.5030000E+00   0.3788804E+01   0.1859484E+01   0.4332062E+00   0.1635047E+01
   0.3000000E+00   0.5039999E+00   0.3977835E+01   0.1874486E+01   0.4278061E+00   0.1706258E+01
   0.3000000E+00   0.5049999E+00   0.4033005E+01   0.1915493E+01   0.4566066E+00   0.1702858E+01
   0.3000000E+00   0.5060000E+00   0.4233799E+01   0.2025511E+01   0.4880071E+00   0.1843481E+01
   0.3000000E+00   0.5070000E+00   0.4375253E+01   0.2118927E+01   0.4952072E+00   0.1859284E+01
   0.3000000E+00   0.5080000E+00   0.4543081E+01   0.2171535E+01   0.4994073E+00   0.1932296E+01
   0.3000000E+00   0.5089999E+00   0.4427799E+01   0.2187138E+01   0.4900071E+00   0.1874486E+01
   0.3000000E+00   0.5100000E+00   0.2009109E+01   0.1028346E+01   0.2420029E+00   0.8907557E+00
   0.3000000E+00   0.5110000E+00   0.5396020E+00   0.2876037E+00   0.8280025E-01   0.2496031E+00
   0.3000000E+00   0.5120000E+00   0.5639988E+00   0.2734035E+00   0.8720033E-01   0.2568032E+00
   0.3000000E+00   0.5130000E+00   0.5769971E+00   0.2904038E+00   0.8020021E-01   0.2606032E+00
   0.3000000E+00   0.5139999E+00   0.6115925E+00   0.2896037E+00   0.8420028E-01   0.2586032E+00
   0.3000000E+00   0.5150000E+00   0.5865958E+00   0.2970039E+00   0.8600031E-01   0.2656033E+00
   0.3000000E+00   0.5160000E+00   0.5979943E+00   0.3090041E+00   0.9160040E-01   0.2744035E+00
   0.3000000E+00   0.5170000E+00   0.6247908E+00   0.3118041E+00   0.9060039E-01   0.2762035E+00
   0.3000000E+00   0.5179999E+00   0.6325898E+00   0.3198043E+00   0.1032006E+00   0.2920038E+00
   0.3000000E+00   0.5190000E+00   0.6425884E+00   0.3020039E+00   0.1028006E+00   0.2918038E+00
   0.3000000E+00   0.5200000E+00   0.6367892E+00   0.3464047E+00   0.9860052E-01   0.2970039E+00
   0.3000000E+00   0.5210000E+00   0.6697848E+00   0.3250043E+00   0.9880053E-01   0.3014039E+00
   0.3000000E+00   0.5220000E+00   0.6659853E+00   0.3228043E+00   0.1012006E+00   0.2860037E+00
   0.3000000E+00   0.5229999E+00   0.6723845E+00   0.3270044E+00   0.1040006E+00   0.3130041E+00
   0.3000000E+00   0.5240000E+00   0.7055801E+00   0.3488047E+00   0.1134008E+00   0.3174042E+00
   0.3000000E+00   0.5250000E+00   0.7371759E+00   0.3704051E+00   0.1056006E+00   0.3388046E+00
   0.3000000E+00   0.5260000E+00   0.7677719E+00   0.3734052E+00   0.1110007E+00   0.3450047E+00
   0.3000000E+00   0.5270000E+00   0.7761708E+00   0.3956055E+00   0.1086007E+00   0.3518048E+00
   0.3000000E+00   0.5279999E+00   0.7843697E+00   0.3914055E+00   0.1136008E+00   0.3432046E+00
   0.3000000E+00   0.5290000E+00   0.8007675E+00   0.3882054E+00   0.1302011E+00   0.3630050E+00
   0.3000000E+00   0.5300000E+00   0.7901689E+00   0.4090058E+00   0.1204009E+00   0.3552049E+00
   0.3000000E+00   0.5310000E+00   0.8157656E+00   0.4082057E+00   0.1206009E+00   0.3666050E+00
   0.3000000E+00   0.5319999E+00   0.8519608E+00   0.4076057E+00   0.1346011E+00   0.3808053E+00
   0.3000000E+00   0.5330000E+00   0.8377627E+00   0.4332062E+00   0.1248010E+00   0.3778052E+00
   0.3000000E+00   0.5340000E+00   0.8609596E+00   0.4268061E+00   0.1276010E+00   0.3858054E+00
   0.3000000E+00   0.5350000E+00   0.8895558E+00   0.4490064E+00   0.1416012E+00   0.4072057E+00
   0.3000000E+00   0.5360000E+00   0.9265509E+00   0.4394063E+00   0.1360012E+00   0.3976056E+00
   0.3000000E+00   0.5369999E+00   0.9319502E+00   0.4646067E+00   0.1362012E+00   0.4214060E+00
   0.3000000E+00   0.5380000E+00   0.9563470E+00   0.4676068E+00   0.1430013E+00   0.4296061E+00
   0.3000000E+00   0.5390000E+00   0.9435487E+00   0.4840070E+00   0.1384012E+00   0.4262061E+00
   0.3000000E+00   0.5400000E+00   0.1015344E+01   0.4988073E+00   0.1502014E+00   0.4708068E+00
   0.3000000E+00   0.5409999E+00   0.9869429E+00   0.4962072E+00   0.1502014E+00   0.4384063E+00
   0.3000000E+00   0.5419999E+00   0.9903425E+00   0.5086061E+00   0.1620016E+00   0.4524065E+00
   0.3000000E+00   0.5430000E+00   0.1060551E+01   0.5194047E+00   0.1604016E+00   0.4724068E+00
   0.3000000E+00   0.5440000E+00   0.1101558E+01   0.5118057E+00   0.1556015E+00   0.4800070E+00
   0.3000000E+00   0.5450000E+00   0.1047549E+01   0.5486009E+00   0.1642016E+00   0.4800070E+00
   0.3000000E+00   0.5459999E+00   0.1068953E+01   0.5474010E+00   0.1562015E+00   0.4926072E+00
   0.3000000E+00   0.5470000E+00   0.1109359E+01   0.5536002E+00   0.1654017E+00   0.4992073E+00
   0.3000000E+00   0.5480000E+00   0.1103958E+01   0.5510005E+00   0.1642016E+00   0.4882071E+00
   0.3000000E+00   0.5490000E+00   0.1136564E+01   0.5631989E+00   0.1770018E+00   0.5190048E+00
   0.3000000E+00   0.5500000E+00   0.1186972E+01   0.5747974E+00   0.1750018E+00   0.5122057E+00
   0.3000000E+00   0.5509999E+00   0.1147766E+01   0.5498007E+00   0.1754018E+00   0.4994073E+00
   0.3000000E+00   0.5520000E+00   0.1140565E+01   0.5486009E+00   0.1818019E+00   0.5200046E+00
   0.3000000E+00   0.5530000E+00   0.1096157E+01   0.5456012E+00   0.1662017E+00   0.4890071E+00
   0.3000000E+00   0.5540000E+00   0.1011743E+01   0.5048066E+00   0.1524014E+00   0.4450064E+00
   0.3000000E+00   0.5549999E+00   0.1014944E+01   0.4748069E+00   0.1482014E+00   0.4470064E+00
   0.3000000E+00   0.5559999E+00   0.1015544E+01   0.5334029E+00   0.1646016E+00   0.4702068E+00
   0.3000000E+00   0.5570000E+00   0.1055150E+01   0.5176049E+00   0.1668017E+00   0.4760069E+00
   0.3000000E+00   0.5580000E+00   0.1075754E+01   0.5386022E+00   0.1590015E+00   0.4882071E+00
   0.3000000E+00   0.5590000E+00   0.1068153E+01   0.5346027E+00   0.1636016E+00   0.4778069E+00
   0.3000000E+00   0.5599999E+00   0.1094357E+01   0.5194047E+00   0.1678017E+00   0.4810070E+00
   0.3000000E+00   0.5610000E+00   0.1130163E+01   0.5579996E+00   0.1738018E+00   0.5154052E+00
   0.3000000E+00   0.5620000E+00   0.1107959E+01   0.5731976E+00   0.1754018E+00   0.5018070E+00
   0.3000000E+00   0.5630000E+00   0.1160368E+01   0.5827963E+00   0.1820019E+00   0.5226043E+00
   0.3000000E+00   0.5640000E+00   0.1216177E+01   0.5933949E+00   0.1868020E+00   0.5500007E+00
   0.3000000E+00   0.5649999E+00   0.1214177E+01   0.6005940E+00   0.1944021E+00   0.5617991E+00
   0.3000000E+00   0.5660000E+00   0.1222178E+01   0.6225911E+00   0.2034023E+00   0.5486009E+00
   0.3000000E+00   0.5670000E+00   0.1281588E+01   0.6343895E+00   0.2050023E+00   0.5881956E+00
   0.3000000E+00   0.5680000E+00   0.1277387E+01   0.6423885E+00   0.2080024E+00   0.5929950E+00
   0.3000000E+00   0.5689999E+00   0.1317594E+01   0.6485876E+00   0.2098024E+00   0.6019938E+00
   0.3000000E+00   0.5699999E+00   0.1366002E+01   0.6545869E+00   0.2116024E+00   0.6043935E+00
   0.3000000E+00   0.5710000E+00   0.1418011E+01   0.6893823E+00   0.2178025E+00   0.6247908E+00
   0.3000000E+00   0.5720000E+00   0.1373003E+01   0.6875825E+00   0.2300027E+00   0.6153920E+00
   0.3000000E+00   0.5730000E+00   0.1418411E+01   0.7241777E+00   0.2170025E+00   0.6421885E+00
   0.3000000E+00   0.5739999E+00   0.1417611E+01   0.7625726E+00   0.2242026E+00   0.6633857E+00
   0.3000000E+00   0.5750000E+00   0.1460418E+01   0.7253775E+00   0.2414029E+00   0.6655854E+00
   0.3000000E+00   0.5760000E+00   0.1463818E+01   0.7315767E+00   0.2430030E+00   0.6813833E+00
   0.3000000E+00   0.5770000E+00   0.1473820E+01   0.7519740E+00   0.2568032E+00   0.6909820E+00
   0.3000000E+00   0.5779999E+00   0.1476020E+01   0.7659721E+00   0.2296027E+00   0.6597862E+00
   0.3000000E+00   0.5789999E+00   0.1536430E+01   0.7761708E+00   0.2422030E+00   0.6923819E+00
   0.3000000E+00   0.5800000E+00   0.1514627E+01   0.7503742E+00   0.2578032E+00   0.6875825E+00
   0.3000000E+00   0.5810000E+00   0.1522628E+01   0.7285771E+00   0.2418029E+00   0.6867826E+00
   0.3000000E+00   0.5820000E+00   0.1493823E+01   0.7615727E+00   0.2440030E+00   0.6833830E+00
   0.3000000E+00   0.5829999E+00   0.1501624E+01   0.7569733E+00   0.2314028E+00   0.6701848E+00
   0.3000000E+00   0.5839999E+00   0.1443615E+01   0.7253775E+00   0.2360028E+00   0.6683850E+00
   0.3000000E+00   0.5850000E+00   0.1397007E+01   0.7191783E+00   0.2328028E+00   0.6509873E+00
   0.3000000E+00   0.5860000E+00   0.1463618E+01   0.7359761E+00   0.2386029E+00   0.6757841E+00
   0.3000000E+00   0.5870000E+00   0.1491823E+01   0.7391757E+00   0.2440030E+00   0.6827831E+00
   0.3000000E+00   0.5879999E+00   0.1519227E+01   0.7707715E+00   0.2544031E+00   0.6833830E+00
   0.3000000E+00   0.5890000E+00   0.1559834E+01   0.8225647E+00   0.2512031E+00   0.7127792E+00
   0.3000000E+00   0.5900000E+00   0.1562235E+01   0.8121660E+00   0.2530031E+00   0.7365760E+00
   0.3000000E+00   0.5910000E+00   0.1601841E+01   0.8201650E+00   0.2668034E+00   0.7445750E+00
   0.3000000E+00   0.5919999E+00   0.1646649E+01   0.8405623E+00   0.2578032E+00   0.7461748E+00
   0.3000000E+00   0.5929999E+00   0.1693456E+01   0.8549604E+00   0.2716034E+00   0.7753709E+00
   0.3000000E+00   0.5940000E+00   0.1736063E+01   0.8551604E+00   0.2828036E+00   0.7899690E+00
   0.3000000E+00   0.5950000E+00   0.1759867E+01   0.8689585E+00   0.2868037E+00   0.7959682E+00
   0.3000000E+00   0.5960000E+00   0.1762468E+01   0.8715582E+00   0.2972039E+00   0.7941684E+00
   0.3000000E+00   0.5969999E+00   0.1845281E+01   0.9063536E+00   0.2894037E+00   0.8361629E+00
   0.3000000E+00   0.5979999E+00   0.1848082E+01   0.9081534E+00   0.3056040E+00   0.8467615E+00
   0.3000000E+00   0.5990000E+00   0.1868085E+01   0.9225515E+00   0.2956038E+00   0.8365628E+00
   0.3000000E+00   0.6000000E+00   0.1829279E+01   0.9529474E+00   0.3026040E+00   0.8465615E+00
   0.3000000E+00   0.6010000E+00   0.1857884E+01   0.9267509E+00   0.3058040E+00   0.8393624E+00
   0.3000000E+00   0.6019999E+00   0.1920294E+01   0.9743446E+00   0.2946038E+00   0.8737579E+00
   0.3000000E+00   0.6030000E+00   0.1897090E+01   0.9495479E+00   0.3228043E+00   0.8729580E+00
   0.3000000E+00   0.6040000E+00   0.1855483E+01   0.9491479E+00   0.3198043E+00   0.8471614E+00
   0.3000000E+00   0.6050000E+00   0.1864685E+01   0.9455484E+00   0.2992039E+00   0.8599597E+00
   0.3000000E+00   0.6059999E+00   0.1842281E+01   0.9311503E+00   0.3094041E+00   0.8337632E+00
   0.3000000E+00   0.6069999E+00   0.1896890E+01   0.9559470E+00   0.3144042E+00   0.8671588E+00
   0.3000000E+00   0.6080000E+00   0.1940097E+01   0.9795439E+00   0.3196042E+00   0.8961549E+00
   0.3000000E+00   0.6090000E+00   0.1997107E+01   0.1008343E+01   0.3304044E+00   0.9047538E+00
   0.3000000E+00   0.6100000E+00   0.2046315E+01   0.1033347E+01   0.3316045E+00   0.9405491E+00
   0.3000000E+00   0.6109999E+00   0.2085121E+01   0.1026546E+01   0.3456047E+00   0.9473482E+00
   0.3000000E+00   0.6119999E+00   0.2139530E+01   0.1072153E+01   0.3540048E+00   0.9651458E+00
   0.3000000E+00   0.6130000E+00   0.2098923E+01   0.1080955E+01   0.3610049E+00   0.9669456E+00
   0.3000000E+00   0.6140000E+00   0.2146731E+01   0.1069153E+01   0.3648050E+00   0.9681454E+00
   0.3000000E+00   0.6149999E+00   0.2145131E+01   0.1085755E+01   0.3514048E+00   0.9703451E+00
   0.3000000E+00   0.6159999E+00   0.2191339E+01   0.1102958E+01   0.3614050E+00   0.9935421E+00
   0.3000000E+00   0.6170000E+00   0.2166335E+01   0.1122962E+01   0.3738052E+00   0.9989414E+00
   0.3000000E+00   0.6180000E+00   0.2217943E+01   0.1113160E+01   0.3624050E+00   0.1007142E+01
   0.3000000E+00   0.6190000E+00   0.2234546E+01   0.1123762E+01   0.3736052E+00   0.9975415E+00
   0.3000000E+00   0.6199999E+00   0.2226745E+01   0.1141965E+01   0.3684051E+00   0.1045749E+01
   0.3000000E+00   0.6209999E+00   0.2234746E+01   0.1106959E+01   0.3496048E+00   0.1004342E+01
   0.3000000E+00   0.6220000E+00   0.2285154E+01   0.1120161E+01   0.3952055E+00   0.1042748E+01
   0.3000000E+00   0.6230000E+00   0.2335363E+01   0.1167769E+01   0.3852054E+00   0.1056751E+01
   0.3000000E+00   0.6240000E+00   0.2294356E+01   0.1172370E+01   0.3990056E+00   0.1072153E+01
   0.3000000E+00   0.6249999E+00   0.2386571E+01   0.1230379E+01   0.4072057E+00   0.1110760E+01
   0.3000000E+00   0.6259999E+00   0.2380770E+01   0.1237581E+01   0.4048057E+00   0.1105759E+01
   0.3000000E+00   0.6270000E+00   0.2446381E+01   0.1246382E+01   0.4130058E+00   0.1136164E+01
   0.3000000E+00   0.6280000E+00   0.2489188E+01   0.1210576E+01   0.4190059E+00   0.1138564E+01
   0.3000000E+00   0.6289999E+00   0.2506191E+01   0.1244382E+01   0.4130058E+00   0.1159168E+01
   0.3000000E+00   0.6299999E+00   0.2458583E+01   0.1270986E+01   0.4312061E+00   0.1147766E+01
   0.3000000E+00   0.6310000E+00   0.2505791E+01   0.1254183E+01   0.4300061E+00   0.1166569E+01
   0.3000000E+00   0.6320000E+00   0.2530395E+01   0.1303992E+01   0.4642067E+00   0.1188573E+01
   0.3000000E+00   0.6330000E+00   0.2561200E+01   0.1333997E+01   0.4314061E+00   0.1171970E+01
   0.3000000E+00   0.6339999E+00   0.2613409E+01   0.1327996E+01   0.4582066E+00   0.1200975E+01
   0.3000000E+00   0.6349999E+00   0.2654216E+01   0.1315394E+01   0.4570066E+00   0.1213377E+01
   0.3000000E+00   0.6360000E+00   0.2727628E+01   0.1318994E+01   0.4650067E+00   0.1241581E+01
   0.3000000E+00   0.6370000E+00   0.2619010E+01   0.1385005E+01   0.4642067E+00   0.1248382E+01
   0.3000000E+00   0.6380000E+00   0.2648015E+01   0.1398807E+01   0.4730068E+00   0.1238981E+01
   0.3000000E+00   0.6389999E+00   0.2715626E+01   0.1401608E+01   0.4862071E+00   0.1268786E+01
   0.3000000E+00   0.6399999E+00   0.2747631E+01   0.1393006E+01   0.4978073E+00   0.1264585E+01
   0.3000000E+00   0.6410000E+00   0.2772435E+01   0.1448016E+01   0.4868071E+00   0.1262985E+01
   0.3000000E+00   0.6420000E+00   0.2776236E+01   0.1406609E+01   0.4880071E+00   0.1311393E+01
   0.3000000E+00   0.6429999E+00   0.2808241E+01   0.1461818E+01   0.4794070E+00   0.1323395E+01
   0.3000000E+00   0.6439999E+00   0.2811842E+01   0.1463018E+01   0.5080062E+00   0.1316994E+01
   0.3000000E+00   0.6450000E+00   0.2793039E+01   0.1492223E+01   0.5056065E+00   0.1328396E+01
   0.3000000E+00   0.6460000E+00   0.2844847E+01   0.1443615E+01   0.5356026E+00   0.1337397E+01
   0.3000000E+00   0.6470000E+00   0.2740430E+01   0.1453216E+01   0.5254039E+00   0.1327596E+01
   0.3000000E+00   0.6479999E+00   0.2816843E+01   0.1481021E+01   0.5008072E+00   0.1317194E+01
   0.3000000E+00   0.6489999E+00   0.2763634E+01   0.1462418E+01   0.5270037E+00   0.1328596E+01
   0.3000000E+00   0.6500000E+00   0.2703424E+01   0.1435213E+01   0.5022070E+00   0.1270386E+01
   0.3000000E+00   0.6510000E+00   0.2815242E+01   0.1442015E+01   0.4902071E+00   0.1303992E+01
   0.3000000E+00   0.6520000E+00   0.2662417E+01   0.1393807E+01   0.5000073E+00   0.1273187E+01
   0.3000000E+00   0.6529999E+00   0.2504591E+01   0.1365602E+01   0.4982073E+00   0.1220778E+01
   0.3000000E+00   0.6540000E+00   0.2452982E+01   0.1319394E+01   0.4712068E+00   0.1181171E+01
   0.3000000E+00   0.6550000E+00   0.2141931E+01   0.1180571E+01   0.4174059E+00   0.1052550E+01
   0.3000000E+00   0.6560000E+00   0.1729462E+01   0.9867430E+00   0.3724051E+00   0.8607596E+00
   0.3000000E+00   0.6569999E+00   0.1052150E+01   0.6393889E+00   0.2558032E+00   0.5492008E+00
   0.3000000E+00   0.6579999E+00   0.8949551E+00   0.5456012E+00   0.2152025E+00   0.4682068E+00
   0.3000000E+00   0.6590000E+00   0.9151524E+00   0.5661985E+00   0.2274027E+00   0.4900071E+00
   0.3000000E+00   0.6600000E+00   0.9299505E+00   0.5913952E+00   0.2370029E+00   0.5054066E+00
   0.3000000E+00   0.6610000E+00   0.9513476E+00   0.5855960E+00   0.2420029E+00   0.5008072E+00
   0.3000000E+00   0.6619999E+00   0.9279507E+00   0.5963945E+00   0.2462030E+00   0.5090061E+00
   0.3000000E+00   0.6629999E+00   0.9969416E+00   0.6115925E+00   0.2586032E+00   0.5292034E+00
   0.3000000E+00   0.6640000E+00   0.1034347E+01   0.6207913E+00   0.2546031E+00   0.5270037E+00
   0.3000000E+00   0.6650000E+00   0.1043748E+01   0.6367892E+00   0.2662033E+00   0.5448014E+00
   0.3000000E+00   0.6659999E+00   0.1034347E+01   0.6557867E+00   0.2716034E+00   0.5464011E+00
   0.3000000E+00   0.6669999E+00   0.1020945E+01   0.6697848E+00   0.2794036E+00   0.5577996E+00
   0.3000000E+00   0.6680000E+00   0.1067352E+01   0.7227778E+00   0.2812036E+00   0.5925950E+00
   0.3000000E+00   0.6690000E+00   0.1071553E+01   0.7051802E+00   0.2806036E+00   0.5793968E+00
   0.3000000E+00   0.6700000E+00   0.1077154E+01   0.6897822E+00   0.2908038E+00   0.5879956E+00
   0.3000000E+00   0.6709999E+00   0.1120561E+01   0.7133791E+00   0.2972039E+00   0.6195915E+00
   0.3000000E+00   0.6719999E+00   0.1139364E+01   0.7307768E+00   0.3032040E+00   0.6191915E+00
   0.3000000E+00   0.6730000E+00   0.1148766E+01   0.7649723E+00   0.3208043E+00   0.6345895E+00
   0.3000000E+00   0.6740000E+00   0.1151366E+01   0.7769707E+00   0.3154042E+00   0.6365892E+00
   0.3000000E+00   0.6750000E+00   0.1208776E+01   0.7777706E+00   0.3294044E+00   0.6447881E+00
   0.3000000E+00   0.6759999E+00   0.1187772E+01   0.7755709E+00   0.3194042E+00   0.6433883E+00
   0.3000000E+00   0.6769999E+00   0.1200975E+01   0.7787704E+00   0.3384046E+00   0.6653854E+00
   0.3000000E+00   0.6780000E+00   0.1217577E+01   0.8139658E+00   0.3280044E+00   0.6909820E+00
   0.3000000E+00   0.6790000E+00   0.1243382E+01   0.8317634E+00   0.3542048E+00   0.6885824E+00
   0.3000000E+00   0.6799999E+00   0.1269786E+01   0.8157656E+00   0.3462047E+00   0.7041803E+00
   0.3000000E+00   0.6809999E+00   0.1290589E+01   0.8167654E+00   0.3522048E+00   0.6959814E+00
   0.3000000E+00   0.6820000E+00   0.1317794E+01   0.8213648E+00   0.3738052E+00   0.7227778E+00
   0.3000000E+00   0.6830000E+00   0.1314393E+01   0.8617595E+00   0.3564049E+00   0.7429752E+00
   0.3000000E+00   0.6840000E+00   0.1349799E+01   0.8439618E+00   0.3566049E+00   0.7335764E+00
   0.3000000E+00   0.6849999E+00   0.1294390E+01   0.8503610E+00   0.3670051E+00   0.7271773E+00
   0.3000000E+00   0.6859999E+00   0.1295190E+01   0.8499610E+00   0.3528048E+00   0.7099795E+00
   0.3000000E+00   0.6870000E+00   0.1355000E+01   0.8685586E+00   0.3570049E+00   0.7441750E+00
   0.3000000E+00   0.6880000E+00   0.1298791E+01   0.8817568E+00   0.3622050E+00   0.7167786E+00
   0.3000000E+00   0.6890000E+00   0.1329196E+01   0.8759576E+00   0.3626050E+00   0.7251775E+00
   0.3000000E+00   0.6899999E+00   0.1389406E+01   0.8903557E+00   0.3832053E+00   0.7549736E+00
   0.3000000E+00   0.6909999E+00   0.1365002E+01   0.9117529E+00   0.3884054E+00   0.7523739E+00
   0.3000000E+00   0.6920000E+00   0.1400208E+01   0.9323502E+00   0.3792053E+00   0.7619727E+00
   0.3000000E+00   0.6930000E+00   0.1435013E+01   0.9193519E+00   0.3822053E+00   0.7831699E+00
   0.3000000E+00   0.6939999E+00   0.1505425E+01   0.9453484E+00   0.4120058E+00   0.8191651E+00
   0.3000000E+00   0.6949999E+00   0.1462218E+01   0.9539473E+00   0.4182059E+00   0.8225647E+00
   0.3000000E+00   0.6960000E+00   0.1481421E+01   0.9727448E+00   0.4218060E+00   0.8243644E+00
   0.3000000E+00   0.6970000E+00   0.1561034E+01   0.9909424E+00   0.4466064E+00   0.8441618E+00
   0.3000000E+00   0.6980000E+00   0.1545232E+01   0.9819436E+00   0.4568066E+00   0.8593598E+00
   0.3000000E+00   0.6989999E+00   0.1567635E+01   0.1044949E+01   0.4536065E+00   0.8793572E+00
   0.3000000E+00   0.6999999E+00   0.1572836E+01   0.1039748E+01   0.4458064E+00   0.8715582E+00
   0.3000000E+00   0.7010000E+00   0.1617044E+01   0.1035547E+01   0.4590066E+00   0.8943552E+00
   0.3000000E+00   0.7020000E+00   0.1574237E+01   0.1045749E+01   0.4608066E+00   0.8925554E+00
   0.3000000E+00   0.7029999E+00   0.1590439E+01   0.1080355E+01   0.4590066E+00   0.8859563E+00
   0.3000000E+00   0.7039999E+00   0.1635247E+01   0.1076754E+01   0.4660067E+00   0.9261510E+00
   0.3000000E+00   0.7049999E+00   0.1610242E+01   0.1079154E+01   0.4832070E+00   0.9061536E+00
   0.3000000E+00   0.7060000E+00   0.1646448E+01   0.1111160E+01   0.4664067E+00   0.9225515E+00
   0.3000000E+00   0.7070000E+00   0.1651849E+01   0.1083355E+01   0.4664067E+00   0.9073535E+00
   0.3000000E+00   0.7079999E+00   0.1611643E+01   0.1081755E+01   0.5046067E+00   0.9569469E+00
   0.3000000E+00   0.7089999E+00   0.1672453E+01   0.1119361E+01   0.4908071E+00   0.9243512E+00
   0.3000000E+00   0.7100000E+00   0.1664652E+01   0.1108759E+01   0.4964072E+00   0.9379494E+00
   0.3000000E+00   0.7110000E+00   0.1689256E+01   0.1123762E+01   0.4868071E+00   0.9449485E+00
   0.3000000E+00   0.7120000E+00   0.1699657E+01   0.1141765E+01   0.5104059E+00   0.9651458E+00
   0.3000000E+00   0.7129999E+00   0.1774670E+01   0.1160368E+01   0.5336028E+00   0.1017544E+01
   0.3000000E+00   0.7139999E+00   0.1755267E+01   0.1176170E+01   0.5194047E+00   0.9673455E+00
   0.3000000E+00   0.7150000E+00   0.1787872E+01   0.1196574E+01   0.5304033E+00   0.1011343E+01
   0.3000000E+00   0.7160000E+00   0.1788472E+01   0.1208176E+01   0.5374023E+00   0.1027346E+01
   0.3000000E+00   0.7169999E+00   0.1854483E+01   0.1212577E+01   0.5364025E+00   0.1042748E+01
   0.3000000E+00   0.7179999E+00   0.1814876E+01   0.1268186E+01   0.5561998E+00   0.1054150E+01
   0.3000000E+00   0.7189999E+00   0.1854683E+01   0.1251183E+01   0.5677983E+00   0.1064752E+01
   0.3000000E+00   0.7200000E+00   0.1893489E+01   0.1264185E+01   0.5571997E+00   0.1074354E+01
   0.3000000E+00   0.7210000E+00   0.1847682E+01   0.1256384E+01   0.5777970E+00   0.1057951E+01
   0.3000000E+00   0.7219999E+00   0.1834280E+01   0.1276587E+01   0.5721977E+00   0.1065552E+01
   0.3000000E+00   0.7229999E+00   0.1875486E+01   0.1270586E+01   0.5611992E+00   0.1074154E+01
   0.3000000E+00   0.7240000E+00   0.1913493E+01   0.1288189E+01   0.5699980E+00   0.1078554E+01
   0.3000000E+00   0.7250000E+00   0.1885688E+01   0.1299591E+01   0.5881956E+00   0.1089356E+01
   0.3000000E+00   0.7260000E+00   0.1935296E+01   0.1336997E+01   0.5977944E+00   0.1121361E+01
   0.3000000E+00   0.7269999E+00   0.1975103E+01   0.1366802E+01   0.6003940E+00   0.1124762E+01
   0.3000000E+00   0.7279999E+00   0.1984905E+01   0.1326995E+01   0.6263906E+00   0.1161768E+01
   0.3000000E+00   0.7290000E+00   0.1960101E+01   0.1360201E+01   0.6213912E+00   0.1141765E+01
   0.3000000E+00   0.7300000E+00   0.1994906E+01   0.1370803E+01   0.6389889E+00   0.1158167E+01
   0.3000000E+00   0.7309999E+00   0.1980104E+01   0.1381605E+01   0.6439883E+00   0.1177971E+01
   0.3000000E+00   0.7319999E+00   0.2013309E+01   0.1372603E+01   0.6361893E+00   0.1169369E+01
   0.3000000E+00   0.7329999E+00   0.1971902E+01   0.1397407E+01   0.6425884E+00   0.1165569E+01
   0.3000000E+00   0.7340000E+00   0.2036513E+01   0.1389806E+01   0.6379890E+00   0.1179371E+01
   0.3000000E+00   0.7350000E+00   0.2010709E+01   0.1386605E+01   0.6589863E+00   0.1162168E+01
   0.3000000E+00   0.7359999E+00   0.2087522E+01   0.1419011E+01   0.6529871E+00   0.1195774E+01
   0.3000000E+00   0.7369999E+00   0.2016310E+01   0.1448016E+01   0.6915820E+00   0.1216377E+01
   0.3000000E+00   0.7380000E+00   0.2062917E+01   0.1433013E+01   0.6981811E+00   0.1213377E+01
   0.3000000E+00   0.7390000E+00   0.2054116E+01   0.1427212E+01   0.7011807E+00   0.1233980E+01
   0.3000000E+00   0.7399999E+00   0.1992506E+01   0.1434813E+01   0.6951815E+00   0.1191773E+01
   0.3000000E+00   0.7409999E+00   0.2024711E+01   0.1441014E+01   0.6775838E+00   0.1205175E+01
   0.3000000E+00   0.7419999E+00   0.2013509E+01   0.1420811E+01   0.6947815E+00   0.1196174E+01
   0.3000000E+00   0.7430000E+00   0.1967902E+01   0.1451416E+01   0.6833830E+00   0.1188573E+01
   0.3000000E+00   0.7440000E+00   0.2089522E+01   0.1453216E+01   0.7221779E+00   0.1219378E+01
   0.3000000E+00   0.7449999E+00   0.2062517E+01   0.1472820E+01   0.7131791E+00   0.1247982E+01
   0.3000000E+00   0.7459999E+00   0.2026711E+01   0.1446015E+01   0.7055801E+00   0.1191373E+01
   0.3000000E+00   0.7469999E+00   0.1984305E+01   0.1441815E+01   0.7103795E+00   0.1204975E+01
   0.3000000E+00   0.7480000E+00   0.1998707E+01   0.1436614E+01   0.7129791E+00   0.1205975E+01
   0.3000000E+00   0.7490000E+00   0.1903291E+01   0.1425412E+01   0.7239777E+00   0.1179771E+01
   0.3000000E+00   0.7499999E+00   0.1897090E+01   0.1421811E+01   0.7215780E+00   0.1192973E+01
   0.3000000E+00   0.7509999E+00   0.1841881E+01   0.1401408E+01   0.7009807E+00   0.1159968E+01
   0.3000000E+00   0.7520000E+00   0.1735463E+01   0.1375604E+01   0.6897822E+00   0.1129963E+01
   0.3000000E+00   0.7530000E+00   0.1683855E+01   0.1353800E+01   0.6665853E+00   0.1092557E+01
   0.3000000E+00   0.7539999E+00   0.1646248E+01   0.1320394E+01   0.6769839E+00   0.1087956E+01
   0.3000000E+00   0.7549999E+00   0.1608442E+01   0.1263585E+01   0.6495875E+00   0.1031947E+01
   0.3000000E+00   0.7559999E+00   0.1499024E+01   0.1206576E+01   0.6161919E+00   0.1010543E+01
   0.3000000E+00   0.7570000E+00   0.1346799E+01   0.1149366E+01   0.6149921E+00   0.9355497E+00
   0.3000000E+00   0.7580000E+00   0.1221378E+01   0.1044149E+01   0.5569997E+00   0.8283639E+00
   0.3000000E+00   0.7589999E+00   0.1033347E+01   0.9755445E+00   0.5346027E+00   0.7775706E+00
   0.3000000E+00   0.7599999E+00   0.9109530E+00   0.8911556E+00   0.4834070E+00   0.6963813E+00
   0.3000000E+00   0.7609999E+00   0.9449485E+00   0.8963549E+00   0.4882071E+00   0.7017806E+00
   0.3000000E+00   0.7620000E+00   0.9071535E+00   0.9419489E+00   0.4898071E+00   0.7061800E+00
   0.3000000E+00   0.7630000E+00   0.9591466E+00   0.9389493E+00   0.5050066E+00   0.7147789E+00
   0.3000000E+00   0.7639999E+00   0.9553471E+00   0.9629461E+00   0.5112058E+00   0.7319766E+00
   0.3000000E+00   0.7649999E+00   0.1004142E+01   0.9965417E+00   0.5328029E+00   0.7561734E+00
   0.3000000E+00   0.7660000E+00   0.1029146E+01   0.9831434E+00   0.5300033E+00   0.7703716E+00
   0.3000000E+00   0.7670000E+00   0.9733447E+00   0.1021745E+01   0.5348027E+00   0.7729712E+00
   0.3000000E+00   0.7679999E+00   0.1023145E+01   0.1029146E+01   0.5639988E+00   0.8139658E+00
   0.3000000E+00   0.7689999E+00   0.1057151E+01   0.1023545E+01   0.5524004E+00   0.7893690E+00
   0.3000000E+00   0.7699999E+00   0.1054350E+01   0.1042948E+01   0.5819964E+00   0.8073667E+00
   0.3000000E+00   0.7710000E+00   0.1087956E+01   0.1071953E+01   0.6001940E+00   0.8451617E+00
   0.3000000E+00   0.7720000E+00   0.1050150E+01   0.1073954E+01   0.5951947E+00   0.8225647E+00
   0.3000000E+00   0.7729999E+00   0.1083355E+01   0.1086956E+01   0.6097928E+00   0.8515608E+00
   0.3000000E+00   0.7739999E+00   0.1081755E+01   0.1096757E+01   0.6153920E+00   0.8455616E+00
   0.3000000E+00   0.7750000E+00   0.1143765E+01   0.1108359E+01   0.6277904E+00   0.8659589E+00
   0.3000000E+00   0.7760000E+00   0.1166569E+01   0.1130163E+01   0.6331897E+00   0.8975548E+00
   0.3000000E+00   0.7770000E+00   0.1144365E+01   0.1160968E+01   0.6443882E+00   0.8823568E+00
   0.3000000E+00   0.7779999E+00   0.1166169E+01   0.1162968E+01   0.6585863E+00   0.8969548E+00
   0.3000000E+00   0.7789999E+00   0.1124362E+01   0.1144765E+01   0.6829831E+00   0.9145525E+00
   0.3000000E+00   0.7800000E+00   0.1161768E+01   0.1182972E+01   0.6531870E+00   0.9249511E+00
   0.3000000E+00   0.7810000E+00   0.1112360E+01   0.1183572E+01   0.6711847E+00   0.9071535E+00
   0.3000000E+00   0.7819999E+00   0.1176771E+01   0.1231780E+01   0.6983811E+00   0.9437487E+00
   0.3000000E+00   0.7829999E+00   0.1209976E+01   0.1191373E+01   0.7193783E+00   0.9573469E+00
   0.3000000E+00   0.7839999E+00   0.1181371E+01   0.1228179E+01   0.7385758E+00   0.9673455E+00
   0.3000000E+00   0.7850000E+00   0.1218778E+01   0.1288589E+01   0.7233778E+00   0.9649459E+00
   0.3000000E+00   0.7860000E+00   0.1281388E+01   0.1294190E+01   0.7487744E+00   0.1010943E+01
   0.3000000E+00   0.7869999E+00   0.1276987E+01   0.1310993E+01   0.7581732E+00   0.1035747E+01
   0.3000000E+00   0.7879999E+00   0.1233580E+01   0.1295190E+01   0.7667720E+00   0.1016944E+01
   0.3000000E+00   0.7890000E+00   0.1279188E+01   0.1336597E+01   0.7949683E+00   0.1058751E+01
   0.3000000E+00   0.7900000E+00   0.1274787E+01   0.1325395E+01   0.7935685E+00   0.1050750E+01
   0.3000000E+00   0.7909999E+00   0.1273387E+01   0.1334597E+01   0.8089665E+00   0.1063552E+01
   0.3000000E+00   0.7919999E+00   0.1265785E+01   0.1341598E+01   0.8115661E+00   0.1057751E+01
   0.3000000E+00   0.7929999E+00   0.1289789E+01   0.1371603E+01   0.8347631E+00   0.1083155E+01
   0.3000000E+00   0.7940000E+00   0.1306992E+01   0.1375404E+01   0.8269641E+00   0.1076754E+01
   0.3000000E+00   0.7950000E+00   0.1316994E+01   0.1388806E+01   0.8083665E+00   0.1110560E+01
   0.3000000E+00   0.7959999E+00   0.1288989E+01   0.1416010E+01   0.8441618E+00   0.1086956E+01
   0.3000000E+00   0.7969999E+00   0.1345799E+01   0.1428612E+01   0.8377627E+00   0.1131363E+01
   0.3000000E+00   0.7979999E+00   0.1316594E+01   0.1422211E+01   0.8613595E+00   0.1141565E+01
   0.3000000E+00   0.7990000E+00   0.1340398E+01   0.1434613E+01   0.8949551E+00   0.1144765E+01
   0.3000000E+00   0.8000000E+00   0.1392206E+01   0.1454817E+01   0.8861563E+00   0.1142365E+01
   0.3000000E+00   0.8009999E+00   0.1345799E+01   0.1460618E+01   0.9013543E+00   0.1136164E+01
   0.3000000E+00   0.8019999E+00   0.1360401E+01   0.1498424E+01   0.9033540E+00   0.1174770E+01
   0.3000000E+00   0.8030000E+00   0.1335397E+01   0.1519427E+01   0.9247512E+00   0.1182371E+01
   0.3000000E+00   0.8040000E+00   0.1333997E+01   0.1505825E+01   0.9367496E+00   0.1167769E+01
   0.3000000E+00   0.8049999E+00   0.1274787E+01   0.1486822E+01   0.9405491E+00   0.1178571E+01
   0.3000000E+00   0.8059999E+00   0.1369403E+01   0.1461218E+01   0.9409490E+00   0.1201175E+01
   0.3000000E+00   0.8069999E+00   0.1373803E+01   0.1510626E+01   0.9641460E+00   0.1178971E+01
   0.3000000E+00   0.8080000E+00   0.1359001E+01   0.1543231E+01   0.9903425E+00   0.1199374E+01
   0.3000000E+00   0.8090000E+00   0.1363802E+01   0.1529629E+01   0.9709451E+00   0.1205375E+01
   0.3000000E+00   0.8099999E+00   0.1339798E+01   0.1543831E+01   0.9779441E+00   0.1191573E+01
   0.3000000E+00   0.8109999E+00   0.1317394E+01   0.1556834E+01   0.9943420E+00   0.1190773E+01
   0.3000000E+00   0.8119999E+00   0.1346199E+01   0.1545632E+01   0.9987414E+00   0.1226379E+01
   0.3000000E+00   0.8130000E+00   0.1326795E+01   0.1530829E+01   0.1037147E+01   0.1227579E+01
   0.3000000E+00   0.8140000E+00   0.1315194E+01   0.1544232E+01   0.9845433E+00   0.1235180E+01
   0.3000000E+00   0.8149999E+00   0.1303592E+01   0.1537430E+01   0.1026346E+01   0.1232580E+01
   0.3000000E+00   0.8159999E+00   0.1285989E+01   0.1541831E+01   0.1009343E+01   0.1250783E+01
   0.3000000E+00   0.8170000E+00   0.1272987E+01   0.1586239E+01   0.1024345E+01   0.1225979E+01
   0.3000000E+00   0.8180000E+00   0.1255384E+01   0.1540831E+01   0.1006942E+01   0.1205575E+01
   0.3000000E+00   0.8189999E+00   0.1199174E+01   0.1506025E+01   0.1012743E+01   0.1197374E+01
   0.3000000E+00   0.8199999E+00   0.1190373E+01   0.1526629E+01   0.1013343E+01   0.1171770E+01
   0.3000000E+00   0.8209999E+00   0.1169569E+01   0.1531829E+01   0.9875429E+00   0.1187772E+01
   0.3000000E+00   0.8220000E+00   0.1150966E+01   0.1477620E+01   0.1035147E+01   0.1170970E+01
   0.3000000E+00   0.8230000E+00   0.1123962E+01   0.1472020E+01   0.1022945E+01   0.1160368E+01
   0.3000000E+00   0.8239999E+00   0.1075754E+01   0.1472620E+01   0.9889427E+00   0.1135764E+01
   0.3000000E+00   0.8249999E+00   0.1033547E+01   0.1437414E+01   0.9925422E+00   0.1105759E+01
   0.3000000E+00   0.8259999E+00   0.9787440E+00   0.1414210E+01   0.9999412E+00   0.1091156E+01
   0.3000000E+00   0.8270000E+00   0.9339499E+00   0.1360601E+01   0.9809437E+00   0.1050950E+01
   0.3000000E+00   0.8279999E+00   0.8441618E+00   0.1322795E+01   0.9509477E+00   0.1022145E+01
   0.3000000E+00   0.8289999E+00   0.7801703E+00   0.1279788E+01   0.9181520E+00   0.9895426E+00
   0.3000000E+00   0.8299999E+00   0.7323766E+00   0.1236380E+01   0.9031540E+00   0.9509477E+00
   0.3000000E+00   0.8310000E+00   0.6823832E+00   0.1224979E+01   0.8767575E+00   0.9167522E+00
   0.3000000E+00   0.8320000E+00   0.6825832E+00   0.1192573E+01   0.8559602E+00   0.9025541E+00
   0.3000000E+00   0.8329999E+00   0.6463879E+00   0.1209176E+01   0.9153524E+00   0.9289506E+00
   0.3000000E+00   0.8339999E+00   0.7123792E+00   0.1249183E+01   0.8869562E+00   0.9441486E+00
   0.3000000E+00   0.8349999E+00   0.6987810E+00   0.1258984E+01   0.9339499E+00   0.9621462E+00
   0.3000000E+00   0.8360000E+00   0.7309768E+00   0.1292790E+01   0.9517476E+00   0.9659457E+00
   0.3000000E+00   0.8370000E+00   0.7073799E+00   0.1323595E+01   0.9831434E+00   0.1004542E+01
   0.3000000E+00   0.8379999E+00   0.7483745E+00   0.1321795E+01   0.9963417E+00   0.1029946E+01
   0.3000000E+00   0.8389999E+00   0.7479745E+00   0.1331996E+01   0.1000741E+01   0.1027946E+01
   0.3000000E+00   0.8399999E+00   0.7533738E+00   0.1346799E+01   0.1022745E+01   0.1019344E+01
   0.3000000E+00   0.8410000E+00   0.7527739E+00   0.1359601E+01   0.1044749E+01   0.1051150E+01
   0.3000000E+00   0.8419999E+00   0.7299769E+00   0.1426812E+01   0.1057351E+01   0.1080755E+01
   0.3000000E+00   0.8429999E+00   0.7627726E+00   0.1388606E+01   0.1066352E+01   0.1069553E+01
   0.3000000E+00   0.8439999E+00   0.7421753E+00   0.1425812E+01   0.1118761E+01   0.1066952E+01
   0.3000000E+00   0.8450000E+00   0.7547736E+00   0.1448216E+01   0.1124962E+01   0.1125162E+01
   0.3000000E+00   0.8460000E+00   0.7653722E+00   0.1426012E+01   0.1120961E+01   0.1109559E+01
   0.3000000E+00   0.8469999E+00   0.7985678E+00   0.1490023E+01   0.1133763E+01   0.1135964E+01
   0.3000000E+00   0.8479999E+00   0.7129791E+00   0.1522828E+01   0.1143765E+01   0.1146566E+01
   0.3000000E+00   0.8489999E+00   0.7719713E+00   0.1508826E+01   0.1203575E+01   0.1162368E+01
   0.3000000E+00   0.8500000E+00   0.7939684E+00   0.1531429E+01   0.1217177E+01   0.1188773E+01
   0.3000000E+00   0.8510000E+00   0.8039671E+00   0.1557034E+01   0.1236380E+01   0.1200975E+01
   0.3000000E+00   0.8519999E+00   0.8147657E+00   0.1552633E+01   0.1238381E+01   0.1235380E+01
   0.3000000E+00   0.8529999E+00   0.7793704E+00   0.1549632E+01   0.1257584E+01   0.1239981E+01
   0.3000000E+00   0.8539999E+00   0.7991678E+00   0.1577637E+01   0.1300391E+01   0.1240781E+01
   0.3000000E+00   0.8550000E+00   0.7959682E+00   0.1578437E+01   0.1289789E+01   0.1261985E+01
   0.3000000E+00   0.8559999E+00   0.7581732E+00   0.1558834E+01   0.1305192E+01   0.1223778E+01
   0.3000000E+00   0.8569999E+00   0.7805702E+00   0.1596640E+01   0.1334397E+01   0.1254383E+01
   0.3000000E+00   0.8579999E+00   0.7503742E+00   0.1606042E+01   0.1356600E+01   0.1276387E+01
   0.3000000E+00   0.8590000E+00   0.7787704E+00   0.1617444E+01   0.1379404E+01   0.1298791E+01
   0.3000000E+00   0.8600000E+00   0.7661721E+00   0.1663251E+01   0.1411209E+01   0.1330196E+01
   0.3000000E+00   0.8609999E+00   0.7801703E+00   0.1638847E+01   0.1384805E+01   0.1289389E+01
   0.3000000E+00   0.8619999E+00   0.7445750E+00   0.1662251E+01   0.1363201E+01   0.1276187E+01
   0.3000000E+00   0.8629999E+00   0.7877693E+00   0.1656050E+01   0.1399608E+01   0.1326995E+01
   0.3000000E+00   0.8640000E+00   0.7357761E+00   0.1678054E+01   0.1422611E+01   0.1322995E+01
   0.3000000E+00   0.8649999E+00   0.7449749E+00   0.1655850E+01   0.1496024E+01   0.1332796E+01
   0.3000000E+00   0.8659999E+00   0.7255775E+00   0.1668652E+01   0.1453817E+01   0.1323595E+01
   0.3000000E+00   0.8669999E+00   0.6941816E+00   0.1666852E+01   0.1488622E+01   0.1336797E+01
   0.3000000E+00   0.8679999E+00   0.6959814E+00   0.1644648E+01   0.1501624E+01   0.1331996E+01
   0.3000000E+00   0.8690000E+00   0.7209781E+00   0.1678454E+01   0.1468219E+01   0.1334197E+01
   0.3000000E+00   0.8699999E+00   0.6627858E+00   0.1610643E+01   0.1496224E+01   0.1314793E+01
   0.3000000E+00   0.8709999E+00   0.6439883E+00   0.1637647E+01   0.1485422E+01   0.1316194E+01
   0.3000000E+00   0.8719999E+00   0.6263906E+00   0.1593840E+01   0.1481821E+01   0.1309393E+01
   0.3000000E+00   0.8730000E+00   0.6033936E+00   0.1598841E+01   0.1483021E+01   0.1292190E+01
   0.3000000E+00   0.8740000E+00   0.5891955E+00   0.1606442E+01   0.1507225E+01   0.1324395E+01
   0.3000000E+00   0.8749999E+00   0.5062065E+00   0.1565835E+01   0.1482021E+01   0.1268986E+01
   0.3000000E+00   0.8759999E+00   0.5178049E+00   0.1595440E+01   0.1477620E+01   0.1254383E+01
   0.3000000E+00   0.8769999E+00   0.4980073E+00   0.1522828E+01   0.1442415E+01   0.1230980E+01
   0.3000000E+00   0.8780000E+00   0.4594066E+00   0.1509426E+01   0.1418611E+01   0.1198574E+01
   0.3000000E+00   0.8789999E+00   0.4642067E+00   0.1495824E+01   0.1439414E+01   0.1203775E+01
   0.3000000E+00   0.8799999E+00   0.4144059E+00   0.1446815E+01   0.1446015E+01   0.1184372E+01
   0.3000000E+00   0.8809999E+00   0.3850054E+00   0.1437814E+01   0.1403008E+01   0.1145565E+01
   0.3000000E+00   0.8819999E+00   0.3866054E+00   0.1474820E+01   0.1423411E+01   0.1170169E+01
   0.3000000E+00   0.8830000E+00   0.4018056E+00   0.1497824E+01   0.1467219E+01   0.1206175E+01
   0.3000000E+00   0.8839999E+00   0.3872054E+00   0.1485622E+01   0.1505825E+01   0.1197174E+01
   0.3000000E+00   0.8849999E+00   0.4044057E+00   0.1528629E+01   0.1532230E+01   0.1253583E+01
   0.3000000E+00   0.8859999E+00   0.4160059E+00   0.1539031E+01   0.1542431E+01   0.1261585E+01
   0.3000000E+00   0.8870000E+00   0.3942055E+00   0.1598240E+01   0.1579237E+01   0.1296390E+01
   0.3000000E+00   0.8880000E+00   0.3852054E+00   0.1584638E+01   0.1653250E+01   0.1334397E+01
   0.3000000E+00   0.8889999E+00   0.3862054E+00   0.1601841E+01   0.1640247E+01   0.1311193E+01
   0.3000000E+00   0.8899999E+00   0.4056057E+00   0.1611443E+01   0.1720261E+01   0.1360201E+01
   0.3000000E+00   0.8909999E+00   0.3990056E+00   0.1637447E+01   0.1720261E+01   0.1355200E+01
   0.3000000E+00   0.8920000E+00   0.3930055E+00   0.1631046E+01   0.1787272E+01   0.1406209E+01
   0.3000000E+00   0.8929999E+00   0.3906054E+00   0.1687855E+01   0.1786872E+01   0.1399608E+01
   0.3000000E+00   0.8939999E+00   0.4062057E+00   0.1705258E+01   0.1864285E+01   0.1441414E+01
   0.3000000E+00   0.8949999E+00   0.4032057E+00   0.1686255E+01   0.1848882E+01   0.1461218E+01
   0.3000000E+00   0.8959999E+00   0.4030057E+00   0.1735463E+01   0.1912693E+01   0.1505225E+01
   0.3000000E+00   0.8970000E+00   0.4058057E+00   0.1731263E+01   0.1931296E+01   0.1504425E+01
   0.3000000E+00   0.8979999E+00   0.3840053E+00   0.1689656E+01   0.1957500E+01   0.1513026E+01
   0.3000000E+00   0.8989999E+00   0.3850054E+00   0.1742064E+01   0.1948099E+01   0.1507225E+01
   0.3000000E+00   0.8999999E+00   0.3530048E+00   0.1745865E+01   0.2006508E+01   0.1534630E+01
   0.3000000E+00   0.9010000E+00   0.3432046E+00   0.1748065E+01   0.2044914E+01   0.1542431E+01
   0.3000000E+00   0.9020000E+00   0.3242043E+00   0.1778870E+01   0.2021511E+01   0.1549832E+01
   0.3000000E+00   0.9029999E+00   0.3482047E+00   0.1763868E+01   0.2075720E+01   0.1563035E+01
   0.3000000E+00   0.9039999E+00   0.3410046E+00   0.1753266E+01   0.2090322E+01   0.1566835E+01
   0.3000000E+00   0.9049999E+00   0.3266044E+00   0.1746265E+01   0.2113126E+01   0.1570236E+01
   0.3000000E+00   0.9060000E+00   0.3112041E+00   0.1747465E+01   0.2164534E+01   0.1581038E+01
   0.3000000E+00   0.9069999E+00   0.3112041E+00   0.1725062E+01   0.2117927E+01   0.1536830E+01
   0.3000000E+00   0.9079999E+00   0.2978039E+00   0.1717660E+01   0.2137130E+01   0.1580037E+01
   0.3000000E+00   0.9089999E+00   0.2820036E+00   0.1710659E+01   0.2158733E+01   0.1590039E+01
   0.3000000E+00   0.9100000E+00   0.2456030E+00   0.1695857E+01   0.2195740E+01   0.1588239E+01
   0.3000000E+00   0.9110000E+00   0.2406029E+00   0.1718460E+01   0.2222144E+01   0.1618644E+01
   0.3000000E+00   0.9119999E+00   0.2392029E+00   0.1687055E+01   0.2156733E+01   0.1546832E+01
   0.3000000E+00   0.9129999E+00   0.2004022E+00   0.1663451E+01   0.2181737E+01   0.1541631E+01
   0.3000000E+00   0.9139999E+00   0.1954022E+00   0.1634246E+01   0.2138530E+01   0.1518027E+01
   0.3000000E+00   0.9150000E+00   0.1876020E+00   0.1668452E+01   0.2150332E+01   0.1536630E+01
   0.3000000E+00   0.9159999E+00   0.1908021E+00   0.1644448E+01   0.2124328E+01   0.1518827E+01
   0.3000000E+00   0.9169999E+00   0.1782019E+00   0.1676654E+01   0.2212142E+01   0.1566435E+01
   0.3000000E+00   0.9179999E+00   0.1884020E+00   0.1660251E+01   0.2285954E+01   0.1622845E+01
   0.3000000E+00   0.9189999E+00   0.1844020E+00   0.1694656E+01   0.2332362E+01   0.1634847E+01
   0.3000000E+00   0.9200000E+00   0.1790019E+00   0.1721061E+01   0.2377370E+01   0.1649249E+01
   0.3000000E+00   0.9209999E+00   0.1784019E+00   0.1727662E+01   0.2430979E+01   0.1710459E+01
   0.3000000E+00   0.9219999E+00   0.1806019E+00   0.1744065E+01   0.2463984E+01   0.1708059E+01
   0.3000000E+00   0.9229999E+00   0.1674017E+00   0.1781071E+01   0.2556599E+01   0.1753266E+01
   0.3000000E+00   0.9240000E+00   0.1686017E+00   0.1796273E+01   0.2613409E+01   0.1791473E+01
   0.3000000E+00   0.9250000E+00   0.1658017E+00   0.1799474E+01   0.2639413E+01   0.1814476E+01
   0.3000000E+00   0.9259999E+00   0.1786019E+00   0.1789272E+01   0.2721827E+01   0.1872886E+01
   0.3000000E+00   0.9269999E+00   0.1674017E+00   0.1828279E+01   0.2782637E+01   0.1901491E+01
   0.3000000E+00   0.9279999E+00   0.1708017E+00   0.1824278E+01   0.2814242E+01   0.1890289E+01
   0.3000000E+00   0.9290000E+00   0.1620016E+00   0.1845081E+01   0.2879053E+01   0.1949099E+01
   0.3000000E+00   0.9299999E+00   0.1446013E+00   0.1819677E+01   0.2903857E+01   0.1933296E+01
   0.3000000E+00   0.9309999E+00   0.1462013E+00   0.1851683E+01   0.2932062E+01   0.1992706E+01
   0.3000000E+00   0.9319999E+00   0.1378012E+00   0.1821678E+01   0.2969868E+01   0.1955700E+01
   0.3000000E+00   0.9329999E+00   0.1346011E+00   0.1837680E+01   0.2983670E+01   0.1970502E+01
   0.3000000E+00   0.9340000E+00   0.1250010E+00   0.1798274E+01   0.3056282E+01   0.2017310E+01
   0.3000000E+00   0.9349999E+00   0.1170008E+00   0.1799274E+01   0.3012675E+01   0.2022111E+01
   0.3000000E+00   0.9359999E+00   0.9420045E-01   0.1796873E+01   0.3099289E+01   0.2003908E+01
   0.3000000E+00   0.9369999E+00   0.1130008E+00   0.1790272E+01   0.3107091E+01   0.2032312E+01
   0.3000000E+00   0.9380000E+00   0.8260025E-01   0.1779271E+01   0.3125294E+01   0.2027512E+01
   0.3000000E+00   0.9390000E+00   0.8980037E-01   0.1749666E+01   0.3140296E+01   0.2042114E+01
   0.3000000E+00   0.9399999E+00   0.7020004E-01   0.1738064E+01   0.3125094E+01   0.2035913E+01
   0.3000000E+00   0.9409999E+00   0.7720016E-01   0.1726862E+01   0.3177302E+01   0.2036513E+01
   0.3000000E+00   0.9419999E+00   0.6980003E-01   0.1775670E+01   0.3247314E+01   0.2068918E+01
   0.3000000E+00   0.9430000E+00   0.8000021E-01   0.1786072E+01   0.3398939E+01   0.2147532E+01
   0.3000000E+00   0.9439999E+00   0.8440028E-01   0.1795473E+01   0.3468551E+01   0.2216543E+01
   0.3000000E+00   0.9449999E+00   0.7340010E-01   0.1832879E+01   0.3555565E+01   0.2221544E+01
   0.3000000E+00   0.9459999E+00   0.6459995E-01   0.1867085E+01   0.3620376E+01   0.2320960E+01
   0.3000000E+00   0.9469999E+00   0.7100005E-01   0.1851483E+01   0.3735195E+01   0.2358366E+01
   0.3000000E+00   0.9480000E+00   0.6299992E-01   0.1882888E+01   0.3874218E+01   0.2417776E+01
   0.3000000E+00   0.9489999E+00   0.5279993E-01   0.1892889E+01   0.3884220E+01   0.2421577E+01
   0.3000000E+00   0.9499999E+00   0.5079993E-01   0.1848882E+01   0.4007231E+01   0.2483187E+01
   0.3000000E+00   0.9509999E+00   0.4979993E-01   0.1856283E+01   0.4053184E+01   0.2508191E+01
   0.3000000E+00   0.9520000E+00   0.5239993E-01   0.1862484E+01   0.4102533E+01   0.2561200E+01
   0.3000000E+00   0.9529999E+00   0.4199995E-01   0.1872886E+01   0.4187646E+01   0.2568401E+01
   0.3000000E+00   0.9539999E+00   0.3719996E-01   0.1831879E+01   0.4223409E+01   0.2567401E+01
   0.3000000E+00   0.9549999E+00   0.4199995E-01   0.1850482E+01   0.4275356E+01   0.2604007E+01
   0.3000000E+00   0.9559999E+00   0.3039997E-01   0.1832079E+01   0.4314116E+01   0.2611609E+01
   0.3000000E+00   0.9570000E+00   0.2879997E-01   0.1829679E+01   0.4389838E+01   0.2667618E+01
   0.3000000E+00   0.9579999E+00   0.2899997E-01   0.1815477E+01   0.4428798E+01   0.2682020E+01
   0.3000000E+00   0.9589999E+00   0.2219998E-01   0.1815277E+01   0.4567056E+01   0.2752832E+01
   0.3000000E+00   0.9599999E+00   0.2079998E-01   0.1837480E+01   0.4777640E+01   0.2831845E+01
   0.3000000E+00   0.9609999E+00   0.2179998E-01   0.1858284E+01   0.4936477E+01   0.2930461E+01
   0.3000000E+00   0.9620000E+00   0.1939998E-01   0.1891689E+01   0.5131077E+01   0.3038079E+01
   0.3000000E+00   0.9629999E+00   0.2119998E-01   0.1868485E+01   0.5198607E+01   0.3059483E+01
   0.3000000E+00   0.9639999E+00   0.2059998E-01   0.1907892E+01   0.5423377E+01   0.3176102E+01
   0.3000000E+00   0.9649999E+00   0.2019998E-01   0.1895690E+01   0.5457342E+01   0.3178703E+01
   0.3000000E+00   0.9660000E+00   0.1699999E-01   0.1856283E+01   0.5555840E+01   0.3282720E+01
   0.3000000E+00   0.9669999E+00   0.1439999E-01   0.1839481E+01   0.5582813E+01   0.3293522E+01
   0.3000000E+00   0.9679999E+00   0.1639999E-01   0.1820677E+01   0.5814575E+01   0.3381736E+01
   0.3000000E+00   0.9689999E+00   0.5400002E-02   0.1820077E+01   0.5877910E+01   0.3375935E+01
   0.3000000E+00   0.9699999E+00   0.8600002E-02   0.1856883E+01   0.6007177E+01   0.3457749E+01
   0.3000000E+00   0.9710000E+00   0.7800004E-02   0.1820677E+01   0.6269108E+01   0.3552365E+01
   0.3000000E+00   0.9719999E+00   0.7600003E-02   0.1816077E+01   0.6490281E+01   0.3706990E+01
   0.3000000E+00   0.9729999E+00   0.6600003E-02   0.1815877E+01   0.6833728E+01   0.3892621E+01
   0.3000000E+00   0.9739999E+00   0.3400001E-02   0.1818077E+01   0.6974783E+01   0.3926827E+01
   0.3000000E+00   0.9749999E+00   0.4400001E-02   0.1861684E+01   0.7200351E+01   0.4041196E+01
   0.3000000E+00   0.9760000E+00   0.3200001E-02   0.1829879E+01   0.7412533E+01   0.4159075E+01
   0.3000000E+00   0.9769999E+00   0.2600000E-02   0.1795473E+01   0.7610929E+01   0.4270361E+01
   0.3000000E+00   0.9779999E+00   0.1800000E-02   0.1778270E+01   0.7858475E+01   0.4366862E+01
   0.3000000E+00   0.9789999E+00   0.2600000E-02   0.1778670E+01   0.8128103E+01   0.4495530E+01
   0.3000000E+00   0.9800000E+00   0.2000000E-02   0.1776870E+01   0.8612761E+01   0.4747471E+01
   0.3000000E+00   0.9809999E+00   0.2200000E-02   0.1799074E+01   0.8992075E+01   0.4957855E+01
   0.3000000E+00   0.9819999E+00   0.6000000E-03   0.1764468E+01   0.9338545E+01   0.5092516E+01
   0.3000000E+00   0.9829999E+00   0.1000000E-02   0.1746465E+01   0.9596895E+01   0.5243162E+01
   0.3000000E+00   0.9839999E+00   0.2000000E-02   0.1715260E+01   0.1004831E+02   0.5454744E+01
   0.3000000E+00   0.9850000E+00   0.2000000E-03   0.1701858E+01   0.1054098E+02   0.5702090E+01
   0.3000000E+00   0.9859999E+00   0.2000000E-03   0.1743065E+01   0.1125534E+02   0.6078504E+01
   0.3000000E+00   0.9869999E+00   0.6000000E-03   0.1719261E+01   0.1176764E+02   0.6340035E+01
   0.3000000E+00   0.9879999E+00   0.0000000E+00   0.1664652E+01   0.1251285E+02   0.6675490E+01
   0.3000000E+00   0.9889999E+00   0.4000000E-03   0.1636047E+01   0.1325466E+02   0.6995961E+01
   0.3000000E+00   0.9899999E+00   0.0000000E+00   0.1605842E+01   0.1425521E+02   0.7482262E+01
   0.3000000E+00   0.9909999E+00   0.4000000E-03   0.1605442E+01   0.1532807E+02   0.8053602E+01
   0.3000000E+00   0.9919999E+00   0.0000000E+00   0.1520028E+01   0.1644979E+02   0.8635391E+01
   0.3000000E+00   0.9929999E+00   0.0000000E+00   0.1478621E+01   0.1793500E+02   0.9345755E+01
   0.3000000E+00   0.9940000E+00   0.0000000E+00   0.1427212E+01   0.1979212E+02   0.1025258E+02
   0.3000000E+00   0.9949999E+00   0.0000000E+00   0.1395607E+01   0.2234138E+02   0.1152271E+02
   0.3000000E+00   0.9959999E+00   0.0000000E+00   0.1295390E+01   0.2534045E+02   0.1304097E+02
   0.3000000E+00   0.9969999E+00   0.0000000E+00   0.1178771E+01   0.3014496E+02   0.1532627E+02
   0.3000000E+00   0.9979999E+00   0.0000000E+00   0.9953418E+00   0.3747414E+02   0.1893716E+02
   0.3000000E+00   0.9990000E+00   0.0000000E+00   0.7469746E+00   0.5368188E+02   0.2715411E+02
   0.3000000E+00   0.9999999E+00   0.0000000E+00   0.1796019E+00   0.5340596E+02   0.2684989E+02

