   0.1100000E+00  -0.5820766E-10   0.5409270E+02   0.1815419E+03   0.3647780E+01   0.6087437E+02
   0.1100000E+00   0.9999999E-03   0.1438014E+01   0.8829567E+00   0.1180009E+00   0.6359893E+00
   0.1100000E+00   0.2000000E-02   0.1960301E+01   0.1204575E+01   0.1572015E+00   0.8747578E+00
   0.1100000E+00   0.3000000E-02   0.2485788E+01   0.1448416E+01   0.2002022E+00   0.1062952E+01
   0.1100000E+00   0.4000000E-02   0.2866251E+01   0.1711059E+01   0.2278027E+00   0.1252383E+01
   0.1100000E+00   0.4999999E-02   0.3093288E+01   0.1882688E+01   0.2412029E+00   0.1365402E+01
   0.1100000E+00   0.6000000E-02   0.3394938E+01   0.1981104E+01   0.2684034E+00   0.1464218E+01
   0.1100000E+00   0.6999999E-02   0.3558966E+01   0.2075920E+01   0.2978039E+00   0.1549432E+01
   0.1100000E+00   0.7999999E-02   0.3775802E+01   0.2246748E+01   0.3170042E+00   0.1649249E+01
   0.1100000E+00   0.9000000E-02   0.3991437E+01   0.2349765E+01   0.3354045E+00   0.1765868E+01
   0.1100000E+00   0.9999999E-02   0.4162672E+01   0.2498990E+01   0.3394046E+00   0.1832479E+01
   0.1100000E+00   0.1100000E-01   0.4386242E+01   0.2562800E+01   0.3694051E+00   0.1914893E+01
   0.1100000E+00   0.1200000E-01   0.4443983E+01   0.2639613E+01   0.3802053E+00   0.1961301E+01
   0.1100000E+00   0.1300000E-01   0.4725693E+01   0.2685821E+01   0.3996056E+00   0.2041514E+01
   0.1100000E+00   0.1400000E-01   0.4849366E+01   0.2743430E+01   0.4118058E+00   0.2087922E+01
   0.1100000E+00   0.1500000E-01   0.5081728E+01   0.2853649E+01   0.4388063E+00   0.2234546E+01
   0.1100000E+00   0.1600000E-01   0.5056753E+01   0.2896256E+01   0.4466064E+00   0.2182337E+01
   0.1100000E+00   0.1700000E-01   0.5407593E+01   0.2965667E+01   0.4726068E+00   0.2345164E+01
   0.1100000E+00   0.1800000E-01   0.5511286E+01   0.3035679E+01   0.4866071E+00   0.2389972E+01
   0.1100000E+00   0.1900000E-01   0.5723069E+01   0.3124894E+01   0.4898071E+00   0.2490188E+01
   0.1100000E+00   0.2000000E-01   0.5827761E+01   0.3192905E+01   0.5234042E+00   0.2487588E+01
   0.1100000E+00   0.2100000E-01   0.5994989E+01   0.3223510E+01   0.5484009E+00   0.2556599E+01
   0.1100000E+00   0.2200000E-01   0.6091091E+01   0.3303123E+01   0.5715978E+00   0.2616809E+01
   0.1100000E+00   0.2300000E-01   0.6214364E+01   0.3352331E+01   0.5845961E+00   0.2730828E+01
   0.1100000E+00   0.2400000E-01   0.6391382E+01   0.3358532E+01   0.5825964E+00   0.2706224E+01
   0.1100000E+00   0.2500000E-01   0.6476894E+01   0.3470551E+01   0.5985942E+00   0.2793239E+01
   0.1100000E+00   0.2600000E-01   0.6517053E+01   0.3515558E+01   0.6279904E+00   0.2825644E+01
   0.1100000E+00   0.2700000E-01   0.6676290E+01   0.3548164E+01   0.6511873E+00   0.2863850E+01
   0.1100000E+00   0.2800000E-01   0.6813549E+01   0.3595772E+01   0.6501874E+00   0.2941863E+01
   0.1100000E+00   0.2900000E-01   0.6961996E+01   0.3628177E+01   0.6759840E+00   0.3007674E+01
   0.1100000E+00   0.3000000E-01   0.7078277E+01   0.3744196E+01   0.7005808E+00   0.3046081E+01
   0.1100000E+00   0.3100000E-01   0.7238312E+01   0.3797205E+01   0.6989810E+00   0.3101090E+01
   0.1100000E+00   0.3200000E-01   0.7361785E+01   0.3762399E+01   0.7285771E+00   0.3171901E+01
   0.1100000E+00   0.3300000E-01   0.7406539E+01   0.3861416E+01   0.7761708E+00   0.3200906E+01
   0.1100000E+00   0.3400000E-01   0.7459885E+01   0.3914425E+01   0.7673720E+00   0.3202707E+01
   0.1100000E+00   0.3500000E-01   0.7638301E+01   0.3924626E+01   0.7985678E+00   0.3273518E+01
   0.1100000E+00   0.3599999E-01   0.7782353E+01   0.3960432E+01   0.7941684E+00   0.3320126E+01
   0.1100000E+00   0.3700000E-01   0.7613327E+01   0.4043993E+01   0.8261642E+00   0.3330528E+01
   0.1100000E+00   0.3800000E-01   0.7768767E+01   0.4074362E+01   0.8453616E+00   0.3369734E+01
   0.1100000E+00   0.3900000E-01   0.7833301E+01   0.4018620E+01   0.8531606E+00   0.3387137E+01
   0.1100000E+00   0.4000000E-01   0.7930002E+01   0.4040597E+01   0.8559602E+00   0.3436345E+01
   0.1100000E+00   0.4100000E-01   0.8036579E+01   0.4057180E+01   0.8737579E+00   0.3458949E+01
   0.1100000E+00   0.4200000E-01   0.7933198E+01   0.4137098E+01   0.9035540E+00   0.3472551E+01
   0.1100000E+00   0.4300000E-01   0.8165754E+01   0.4094342E+01   0.9055537E+00   0.3521960E+01
   0.1100000E+00   0.4400000E-01   0.8113483E+01   0.4156478E+01   0.9337500E+00   0.3530361E+01
   0.1100000E+00   0.4499999E-01   0.8161549E+01   0.4201432E+01   0.9313503E+00   0.3558166E+01
   0.1100000E+00   0.4600000E-01   0.8238453E+01   0.4218814E+01   0.9687454E+00   0.3608574E+01
   0.1100000E+00   0.4699999E-01   0.8181376E+01   0.4189044E+01   0.9837434E+00   0.3575168E+01
   0.1100000E+00   0.4800000E-01   0.8289322E+01   0.4183650E+01   0.1025545E+01   0.3637179E+01
   0.1100000E+00   0.4899999E-01   0.8318562E+01   0.4216616E+01   0.1019945E+01   0.3627777E+01
   0.1100000E+00   0.5000000E-01   0.8300137E+01   0.4173061E+01   0.9871429E+00   0.3592371E+01
   0.1100000E+00   0.5100000E-01   0.8333782E+01   0.4215218E+01   0.1027746E+01   0.3664583E+01
   0.1100000E+00   0.5199999E-01   0.8402275E+01   0.4217016E+01   0.1068953E+01   0.3692588E+01
   0.1100000E+00   0.5300000E-01   0.8345798E+01   0.4214019E+01   0.1055350E+01   0.3638579E+01
   0.1100000E+00   0.5399999E-01   0.8314957E+01   0.4207426E+01   0.1105359E+01   0.3683786E+01
   0.1100000E+00   0.5500000E-01   0.8218826E+01   0.4274157E+01   0.1108359E+01   0.3690588E+01
   0.1100000E+00   0.5599999E-01   0.8310150E+01   0.4211022E+01   0.1120161E+01   0.3676385E+01
   0.1100000E+00   0.5700000E-01   0.8291124E+01   0.4271560E+01   0.1136364E+01   0.3704790E+01
   0.1100000E+00   0.5799999E-01   0.8307346E+01   0.4179255E+01   0.1136964E+01   0.3691988E+01
   0.1100000E+00   0.5900000E-01   0.8330177E+01   0.4247784E+01   0.1178371E+01   0.3752998E+01
   0.1100000E+00   0.5999999E-01   0.8249067E+01   0.4167067E+01   0.1179771E+01   0.3709591E+01
   0.1100000E+00   0.6099999E-01   0.8185581E+01   0.4257174E+01   0.1190573E+01   0.3698389E+01
   0.1100000E+00   0.6200000E-01   0.8093456E+01   0.4242190E+01   0.1189373E+01   0.3702790E+01
   0.1100000E+00   0.6299999E-01   0.8143724E+01   0.4187646E+01   0.1221778E+01   0.3701189E+01
   0.1100000E+00   0.6400000E-01   0.8164953E+01   0.4231601E+01   0.1244382E+01   0.3678385E+01
   0.1100000E+00   0.6500000E-01   0.8177570E+01   0.4228804E+01   0.1251383E+01   0.3696188E+01
   0.1100000E+00   0.6599999E-01   0.8105473E+01   0.4194239E+01   0.1243582E+01   0.3713991E+01
   0.1100000E+00   0.6699999E-01   0.8109077E+01   0.4219213E+01   0.1276187E+01   0.3754798E+01
   0.1100000E+00   0.6800000E-01   0.8064217E+01   0.4209024E+01   0.1278187E+01   0.3699989E+01
   0.1100000E+00   0.6899999E-01   0.7944787E+01   0.4173061E+01   0.1324395E+01   0.3698989E+01
   0.1100000E+00   0.6999999E-01   0.7883450E+01   0.4195837E+01   0.1285189E+01   0.3653581E+01
   0.1100000E+00   0.7099999E-01   0.7894438E+01   0.4169664E+01   0.1342798E+01   0.3730794E+01
   0.1100000E+00   0.7200000E-01   0.7844290E+01   0.4172462E+01   0.1334597E+01   0.3645980E+01
   0.1100000E+00   0.7299999E-01   0.7845089E+01   0.4177656E+01   0.1359201E+01   0.3694788E+01
   0.1100000E+00   0.7399999E-01   0.7800535E+01   0.4182851E+01   0.1372403E+01   0.3693788E+01
   0.1100000E+00   0.7500000E-01   0.7713824E+01   0.4154080E+01   0.1374003E+01   0.3691388E+01
   0.1100000E+00   0.7599999E-01   0.7640899E+01   0.4197636E+01   0.1395407E+01   0.3662383E+01
   0.1100000E+00   0.7699999E-01   0.7535007E+01   0.4243988E+01   0.1393006E+01   0.3606774E+01
   0.1100000E+00   0.7799999E-01   0.7498045E+01   0.4193240E+01   0.1425612E+01   0.3619576E+01
   0.1100000E+00   0.7900000E-01   0.7522021E+01   0.4163471E+01   0.1401208E+01   0.3631578E+01
   0.1100000E+00   0.7999999E-01   0.7516826E+01   0.4085551E+01   0.1472620E+01   0.3661383E+01
   0.1100000E+00   0.8099999E-01   0.7296652E+01   0.4172861E+01   0.1434613E+01   0.3603773E+01
   0.1100000E+00   0.8199999E-01   0.7209542E+01   0.4118917E+01   0.1473620E+01   0.3620576E+01
   0.1100000E+00   0.8300000E-01   0.7200951E+01   0.4135699E+01   0.1526629E+01   0.3576169E+01
   0.1100000E+00   0.8399999E-01   0.7159393E+01   0.4055382E+01   0.1511026E+01   0.3577169E+01
   0.1100000E+00   0.8499999E-01   0.7008348E+01   0.4162672E+01   0.1523028E+01   0.3521559E+01
   0.1100000E+00   0.8600000E-01   0.7093461E+01   0.4110725E+01   0.1520028E+01   0.3570968E+01
   0.1100000E+00   0.8699999E-01   0.6987770E+01   0.4065172E+01   0.1564635E+01   0.3544563E+01
   0.1100000E+00   0.8799999E-01   0.6852908E+01   0.4041196E+01   0.1547632E+01   0.3500956E+01
   0.1100000E+00   0.8899999E-01   0.6781981E+01   0.3993238E+01   0.1578637E+01   0.3475552E+01
   0.1100000E+00   0.9000000E-01   0.6749015E+01   0.4071965E+01   0.1592239E+01   0.3500756E+01
   0.1100000E+00   0.9099999E-01   0.6579389E+01   0.4027810E+01   0.1625445E+01   0.3476152E+01
   0.1100000E+00   0.9199999E-01   0.6663503E+01   0.4012226E+01   0.1563435E+01   0.3439146E+01
   0.1100000E+00   0.9299999E-01   0.6494277E+01   0.3989637E+01   0.1617444E+01   0.3453348E+01
   0.1100000E+00   0.9399999E-01   0.6454917E+01   0.3979235E+01   0.1643048E+01   0.3414542E+01
   0.1100000E+00   0.9499999E-01   0.6436136E+01   0.3988837E+01   0.1624645E+01   0.3412341E+01
   0.1100000E+00   0.9599999E-01   0.6341234E+01   0.4049987E+01   0.1664251E+01   0.3435345E+01
   0.1100000E+00   0.9700000E-01   0.6146634E+01   0.3983236E+01   0.1659051E+01   0.3345330E+01
   0.1100000E+00   0.9799999E-01   0.6082100E+01   0.3936828E+01   0.1713660E+01   0.3387937E+01
   0.1100000E+00   0.9899999E-01   0.6052730E+01   0.3892021E+01   0.1678654E+01   0.3309524E+01
   0.1100000E+00   0.9999999E-01   0.5996788E+01   0.3917425E+01   0.1688856E+01   0.3310724E+01
   0.1100000E+00   0.1010000E+00   0.5823765E+01   0.3911024E+01   0.1722261E+01   0.3273118E+01
   0.1100000E+00   0.1020000E+00   0.5810179E+01   0.3889421E+01   0.1739064E+01   0.3300723E+01
   0.1100000E+00   0.1030000E+00   0.5741849E+01   0.3889621E+01   0.1730262E+01   0.3251515E+01
   0.1100000E+00   0.1040000E+00   0.5602193E+01   0.3839412E+01   0.1761868E+01   0.3260316E+01
   0.1100000E+00   0.1050000E+00   0.5549647E+01   0.3864216E+01   0.1763668E+01   0.3230711E+01
   0.1100000E+00   0.1060000E+00   0.5428771E+01   0.3820809E+01   0.1736863E+01   0.3187904E+01
   0.1100000E+00   0.1070000E+00   0.5420779E+01   0.3763000E+01   0.1775670E+01   0.3181303E+01
   0.1100000E+00   0.1080000E+00   0.5224581E+01   0.3807607E+01   0.1756067E+01   0.3121493E+01
   0.1100000E+00   0.1090000E+00   0.5234770E+01   0.3839812E+01   0.1776070E+01   0.3133695E+01
   0.1100000E+00   0.1100000E+00   0.5085524E+01   0.3785803E+01   0.1784271E+01   0.3079086E+01
   0.1100000E+00   0.1110000E+00   0.5024187E+01   0.3773201E+01   0.1824878E+01   0.3082087E+01
   0.1100000E+00   0.1120000E+00   0.4923690E+01   0.3730794E+01   0.1826078E+01   0.3071085E+01
   0.1100000E+00   0.1130000E+00   0.4851364E+01   0.3690988E+01   0.1840481E+01   0.3095089E+01
   0.1100000E+00   0.1140000E+00   0.4828787E+01   0.3642780E+01   0.1834480E+01   0.3026677E+01
   0.1100000E+00   0.1150000E+00   0.4709510E+01   0.3667184E+01   0.1880287E+01   0.3061883E+01
   0.1100000E+00   0.1160000E+00   0.4617005E+01   0.3684587E+01   0.1889089E+01   0.3004274E+01
   0.1100000E+00   0.1170000E+00   0.4542082E+01   0.3643980E+01   0.1900491E+01   0.3015876E+01
   0.1100000E+00   0.1180000E+00   0.4436790E+01   0.3639379E+01   0.1893089E+01   0.2999073E+01
   0.1100000E+00   0.1190000E+00   0.4350479E+01   0.3553965E+01   0.1897290E+01   0.2951665E+01
   0.1100000E+00   0.1200000E+00   0.4315714E+01   0.3619976E+01   0.1874486E+01   0.2892055E+01
   0.1100000E+00   0.1210000E+00   0.4221411E+01   0.3560766E+01   0.1923694E+01   0.2890855E+01
   0.1100000E+00   0.1220000E+00   0.4067969E+01   0.3580369E+01   0.1941898E+01   0.2890855E+01
   0.1100000E+00   0.1230000E+00   0.4003635E+01   0.3504157E+01   0.1920294E+01   0.2838646E+01
   0.1100000E+00   0.1240000E+00   0.3988437E+01   0.3505357E+01   0.1980304E+01   0.2890455E+01
   0.1100000E+00   0.1250000E+00   0.3904623E+01   0.3504757E+01   0.1965501E+01   0.2829645E+01
   0.1100000E+00   0.1260000E+00   0.3741796E+01   0.3492355E+01   0.1970502E+01   0.2826044E+01
   0.1100000E+00   0.1270000E+00   0.3800806E+01   0.3498556E+01   0.2003308E+01   0.2842247E+01
   0.1100000E+00   0.1280000E+00   0.3611974E+01   0.3412341E+01   0.1985105E+01   0.2731828E+01
   0.1100000E+00   0.1290000E+00   0.3578169E+01   0.3452548E+01   0.1998307E+01   0.2744831E+01
   0.1100000E+00   0.1300000E+00   0.3433345E+01   0.3409741E+01   0.2021311E+01   0.2702424E+01
   0.1100000E+00   0.1310000E+00   0.3424343E+01   0.3351731E+01   0.2013909E+01   0.2719026E+01
   0.1100000E+00   0.1320000E+00   0.3418342E+01   0.3317926E+01   0.2008909E+01   0.2711025E+01
   0.1100000E+00   0.1330000E+00   0.3339529E+01   0.3316125E+01   0.2016910E+01   0.2678820E+01
   0.1100000E+00   0.1340000E+00   0.3209308E+01   0.3309724E+01   0.2035913E+01   0.2657216E+01
   0.1100000E+00   0.1350000E+00   0.3147897E+01   0.3247714E+01   0.2042114E+01   0.2622610E+01
   0.1100000E+00   0.1360000E+00   0.3037679E+01   0.3235712E+01   0.2038913E+01   0.2604207E+01
   0.1100000E+00   0.1370000E+00   0.3011675E+01   0.3282520E+01   0.2059917E+01   0.2595406E+01
   0.1100000E+00   0.1380000E+00   0.2996672E+01   0.3244313E+01   0.2072119E+01   0.2592805E+01
   0.1100000E+00   0.1390000E+00   0.2905257E+01   0.3221910E+01   0.2116526E+01   0.2585004E+01
   0.1100000E+00   0.1400000E+00   0.2845847E+01   0.3155499E+01   0.2109525E+01   0.2571202E+01
   0.1100000E+00   0.1410000E+00   0.2794039E+01   0.3158299E+01   0.2115126E+01   0.2572602E+01
   0.1100000E+00   0.1420000E+00   0.2661017E+01   0.3161500E+01   0.2120727E+01   0.2498390E+01
   0.1100000E+00   0.1430000E+00   0.2600407E+01   0.3105891E+01   0.2129529E+01   0.2481987E+01
   0.1100000E+00   0.1440000E+00   0.2558000E+01   0.3116092E+01   0.2149332E+01   0.2465784E+01
   0.1100000E+00   0.1450000E+00   0.2475786E+01   0.3027478E+01   0.2104124E+01   0.2445181E+01
   0.1100000E+00   0.1460000E+00   0.2366168E+01   0.3095489E+01   0.2171936E+01   0.2433379E+01
   0.1100000E+00   0.1470000E+00   0.2387171E+01   0.3022877E+01   0.2169535E+01   0.2437180E+01
   0.1100000E+00   0.1480000E+00   0.2347565E+01   0.3057683E+01   0.2153733E+01   0.2420777E+01
   0.1100000E+00   0.1490000E+00   0.2238947E+01   0.3012275E+01   0.2185138E+01   0.2382771E+01
   0.1100000E+00   0.1500000E+00   0.2239747E+01   0.2990471E+01   0.2159133E+01   0.2433179E+01
   0.1100000E+00   0.1510000E+00   0.2147131E+01   0.2969268E+01   0.2191339E+01   0.2383971E+01
   0.1100000E+00   0.1520000E+00   0.2038313E+01   0.2976869E+01   0.2159534E+01   0.2323361E+01
   0.1100000E+00   0.1530000E+00   0.2024111E+01   0.2934862E+01   0.2184338E+01   0.2364768E+01
   0.1100000E+00   0.1540000E+00   0.1993906E+01   0.2905057E+01   0.2195539E+01   0.2312959E+01
   0.1100000E+00   0.1550000E+00   0.1934496E+01   0.2904057E+01   0.2241147E+01   0.2319560E+01
   0.1100000E+00   0.1560000E+00   0.1912893E+01   0.2904657E+01   0.2217743E+01   0.2299957E+01
   0.1100000E+00   0.1570000E+00   0.1862284E+01   0.2847848E+01   0.2244148E+01   0.2261150E+01
   0.1100000E+00   0.1580000E+00   0.1757267E+01   0.2829245E+01   0.2295556E+01   0.2295756E+01
   0.1100000E+00   0.1590000E+00   0.1720461E+01   0.2789838E+01   0.2224744E+01   0.2219343E+01
   0.1100000E+00   0.1600000E+00   0.1722461E+01   0.2753632E+01   0.2250349E+01   0.2241347E+01
   0.1100000E+00   0.1610000E+00   0.1665052E+01   0.2740430E+01   0.2258350E+01   0.2230745E+01
   0.1100000E+00   0.1620000E+00   0.1600441E+01   0.2700823E+01   0.2263151E+01   0.2238147E+01
   0.1100000E+00   0.1630000E+00   0.1560034E+01   0.2710425E+01   0.2282954E+01   0.2220944E+01
   0.1100000E+00   0.1640000E+00   0.1534230E+01   0.2700823E+01   0.2282354E+01   0.2199940E+01
   0.1100000E+00   0.1650000E+00   0.1476220E+01   0.2682620E+01   0.2279953E+01   0.2186138E+01
   0.1100000E+00   0.1660000E+00   0.1434813E+01   0.2619210E+01   0.2326161E+01   0.2158933E+01
   0.1100000E+00   0.1670000E+00   0.1417010E+01   0.2656016E+01   0.2274353E+01   0.2147932E+01
   0.1100000E+00   0.1680000E+00   0.1344798E+01   0.2621010E+01   0.2341164E+01   0.2165735E+01
   0.1100000E+00   0.1690000E+00   0.1325795E+01   0.2567001E+01   0.2315359E+01   0.2134529E+01
   0.1100000E+00   0.1700000E+00   0.1255384E+01   0.2590605E+01   0.2320560E+01   0.2123528E+01
   0.1100000E+00   0.1710000E+00   0.1262185E+01   0.2516993E+01   0.2329362E+01   0.2077920E+01
   0.1100000E+00   0.1720000E+00   0.1224578E+01   0.2501990E+01   0.2329762E+01   0.2066118E+01
   0.1100000E+00   0.1730000E+00   0.1147166E+01   0.2506991E+01   0.2384171E+01   0.2092922E+01
   0.1100000E+00   0.1740000E+00   0.1172370E+01   0.2470185E+01   0.2327961E+01   0.2105725E+01
   0.1100000E+00   0.1750000E+00   0.1091956E+01   0.2469785E+01   0.2352966E+01   0.2057517E+01
   0.1100000E+00   0.1760000E+00   0.1055550E+01   0.2487588E+01   0.2367568E+01   0.2062317E+01
   0.1100000E+00   0.1770000E+00   0.1069553E+01   0.2433579E+01   0.2385771E+01   0.2057917E+01
   0.1100000E+00   0.1780000E+00   0.9703451E+00   0.2436179E+01   0.2373969E+01   0.2003908E+01
   0.1100000E+00   0.1790000E+00   0.9923422E+00   0.2373169E+01   0.2363967E+01   0.2024311E+01
   0.1100000E+00   0.1800000E+00   0.9593466E+00   0.2347565E+01   0.2369768E+01   0.2015510E+01
   0.1100000E+00   0.1810000E+00   0.9095532E+00   0.2330162E+01   0.2408775E+01   0.1995906E+01
   0.1100000E+00   0.1820000E+00   0.8699584E+00   0.2313759E+01   0.2382370E+01   0.1975703E+01
   0.1100000E+00   0.1830000E+00   0.8421621E+00   0.2311159E+01   0.2376369E+01   0.1968502E+01
   0.1100000E+00   0.1840000E+00   0.8387625E+00   0.2280554E+01   0.2367568E+01   0.1969302E+01
   0.1100000E+00   0.1850000E+00   0.8267641E+00   0.2237546E+01   0.2402774E+01   0.1968502E+01
   0.1100000E+00   0.1860000E+00   0.8003676E+00   0.2252149E+01   0.2430779E+01   0.1987705E+01
   0.1100000E+00   0.1870000E+00   0.7643723E+00   0.2186338E+01   0.2450782E+01   0.1933496E+01
   0.1100000E+00   0.1880000E+00   0.7531738E+00   0.2185138E+01   0.2451782E+01   0.1960301E+01
   0.1100000E+00   0.1890000E+00   0.6991810E+00   0.2157333E+01   0.2430378E+01   0.1969502E+01
   0.1100000E+00   0.1900000E+00   0.6759840E+00   0.2193539E+01   0.2397173E+01   0.1892489E+01
   0.1100000E+00   0.1910000E+00   0.6603861E+00   0.2152132E+01   0.2477386E+01   0.1951899E+01
   0.1100000E+00   0.1920000E+00   0.6719846E+00   0.2134529E+01   0.2451982E+01   0.1948499E+01
   0.1100000E+00   0.1930000E+00   0.6097928E+00   0.2094323E+01   0.2473586E+01   0.1915493E+01
   0.1100000E+00   0.1940000E+00   0.5677983E+00   0.2068118E+01   0.2445381E+01   0.1891689E+01
   0.1100000E+00   0.1950000E+00   0.5995941E+00   0.2067518E+01   0.2488788E+01   0.1930496E+01
   0.1100000E+00   0.1960000E+00   0.5617991E+00   0.2038513E+01   0.2500990E+01   0.1895490E+01
   0.1100000E+00   0.1970000E+00   0.5524004E+00   0.2037913E+01   0.2441780E+01   0.1871686E+01
   0.1100000E+00   0.1980000E+00   0.5286035E+00   0.2061517E+01   0.2449982E+01   0.1876087E+01
   0.1100000E+00   0.1990000E+00   0.5036068E+00   0.1998507E+01   0.2481987E+01   0.1872686E+01
   0.1100000E+00   0.2000000E+00   0.4790069E+00   0.1970102E+01   0.2501390E+01   0.1876887E+01
   0.1100000E+00   0.2010000E+00   0.4550065E+00   0.1974903E+01   0.2502790E+01   0.1869285E+01
   0.1100000E+00   0.2020000E+00   0.4746069E+00   0.1900291E+01   0.2492189E+01   0.1861884E+01
   0.1100000E+00   0.2030000E+00   0.4544065E+00   0.1909892E+01   0.2522794E+01   0.1845081E+01
   0.1100000E+00   0.2040000E+00   0.4388063E+00   0.1882488E+01   0.2535196E+01   0.1853883E+01
   0.1100000E+00   0.2050000E+00   0.3910055E+00   0.1884088E+01   0.2519193E+01   0.1817077E+01
   0.1100000E+00   0.2060000E+00   0.3836053E+00   0.1824478E+01   0.2508391E+01   0.1830479E+01
   0.1100000E+00   0.2070000E+00   0.4030057E+00   0.1882888E+01   0.2514392E+01   0.1834480E+01
   0.1100000E+00   0.2080000E+00   0.3716051E+00   0.1820877E+01   0.2522394E+01   0.1808875E+01
   0.1100000E+00   0.2090000E+00   0.3444047E+00   0.1822678E+01   0.2522394E+01   0.1812876E+01
   0.1100000E+00   0.2100000E+00   0.3516048E+00   0.1769069E+01   0.2538796E+01   0.1780871E+01
   0.1100000E+00   0.2110000E+00   0.3132041E+00   0.1749066E+01   0.2540397E+01   0.1795673E+01
   0.1100000E+00   0.2120000E+00   0.3210043E+00   0.1781271E+01   0.2523394E+01   0.1805875E+01
   0.1100000E+00   0.2130000E+00   0.2930038E+00   0.1783671E+01   0.2571802E+01   0.1812876E+01
   0.1100000E+00   0.2140000E+00   0.3070040E+00   0.1737064E+01   0.2525394E+01   0.1809876E+01
   0.1100000E+00   0.2150000E+00   0.2754035E+00   0.1718060E+01   0.2503791E+01   0.1732063E+01
   0.1100000E+00   0.2160000E+00   0.2492031E+00   0.1685855E+01   0.2552799E+01   0.1784871E+01
   0.1100000E+00   0.2170000E+00   0.2548032E+00   0.1679254E+01   0.2588405E+01   0.1788672E+01
   0.1100000E+00   0.2180000E+00   0.2604032E+00   0.1665052E+01   0.2521594E+01   0.1725662E+01
   0.1100000E+00   0.2190000E+00   0.2340028E+00   0.1642248E+01   0.2549598E+01   0.1765268E+01
   0.1100000E+00   0.2200000E+00   0.2324028E+00   0.1594640E+01   0.2569402E+01   0.1715460E+01
   0.1100000E+00   0.2210000E+00   0.2272027E+00   0.1594040E+01   0.2605007E+01   0.1750466E+01
   0.1100000E+00   0.2220000E+00   0.2180025E+00   0.1598841E+01   0.2567201E+01   0.1748465E+01
   0.1100000E+00   0.2230000E+00   0.2120024E+00   0.1584438E+01   0.2552999E+01   0.1697457E+01
   0.1100000E+00   0.2240000E+00   0.1936021E+00   0.1528829E+01   0.2637813E+01   0.1743065E+01
   0.1100000E+00   0.2250000E+00   0.1826019E+00   0.1516227E+01   0.2558000E+01   0.1682655E+01
   0.1100000E+00   0.2260000E+00   0.1984022E+00   0.1504025E+01   0.2604607E+01   0.1734863E+01
   0.1100000E+00   0.2270000E+00   0.1828019E+00   0.1503625E+01   0.2619610E+01   0.1725462E+01
   0.1100000E+00   0.2280000E+00   0.1596016E+00   0.1440214E+01   0.2596206E+01   0.1710659E+01
   0.1100000E+00   0.2290000E+00   0.1688017E+00   0.1477020E+01   0.2625611E+01   0.1738464E+01
   0.1100000E+00   0.2300000E+00   0.1714018E+00   0.1450416E+01   0.2561600E+01   0.1700858E+01
   0.1100000E+00   0.2310000E+00   0.1534014E+00   0.1463418E+01   0.2596206E+01   0.1703058E+01
   0.1100000E+00   0.2320000E+00   0.1376012E+00   0.1418411E+01   0.2537196E+01   0.1649449E+01
   0.1100000E+00   0.2330000E+00   0.1396012E+00   0.1410209E+01   0.2587004E+01   0.1696657E+01
   0.1100000E+00   0.2340000E+00   0.1258010E+00   0.1364202E+01   0.2580203E+01   0.1667052E+01
   0.1100000E+00   0.2350000E+00   0.1240010E+00   0.1343798E+01   0.2566401E+01   0.1649849E+01
   0.1100000E+00   0.2360000E+00   0.1206009E+00   0.1355000E+01   0.2578003E+01   0.1670653E+01
   0.1100000E+00   0.2370000E+00   0.1192009E+00   0.1320994E+01   0.2587404E+01   0.1665652E+01
   0.1100000E+00   0.2380000E+00   0.1072007E+00   0.1298991E+01   0.2569802E+01   0.1647449E+01
   0.1100000E+00   0.2390000E+00   0.1082007E+00   0.1311993E+01   0.2576203E+01   0.1633046E+01
   0.1100000E+00   0.2400000E+00   0.1160008E+00   0.1307992E+01   0.2617209E+01   0.1682254E+01
   0.1100000E+00   0.2410000E+00   0.1076007E+00   0.1253983E+01   0.2612609E+01   0.1648249E+01
   0.1100000E+00   0.2420000E+00   0.1008006E+00   0.1261185E+01   0.2609208E+01   0.1642448E+01
   0.1100000E+00   0.2430000E+00   0.8980037E-01   0.1262985E+01   0.2596406E+01   0.1631646E+01
   0.1100000E+00   0.2440000E+00   0.9080039E-01   0.1226779E+01   0.2592205E+01   0.1616243E+01
   0.1100000E+00   0.2450000E+00   0.7280008E-01   0.1205375E+01   0.2642614E+01   0.1629646E+01
   0.1100000E+00   0.2460000E+00   0.7340010E-01   0.1201975E+01   0.2644414E+01   0.1621044E+01
   0.1100000E+00   0.2470000E+00   0.6780000E-01   0.1187172E+01   0.2583804E+01   0.1578437E+01
   0.1100000E+00   0.2480000E+00   0.7540013E-01   0.1155967E+01   0.2652015E+01   0.1612243E+01
   0.1100000E+00   0.2490000E+00   0.6079992E-01   0.1169969E+01   0.2575803E+01   0.1590039E+01
   0.1100000E+00   0.2500000E+00   0.6399994E-01   0.1151166E+01   0.2608808E+01   0.1612443E+01
   0.1100000E+00   0.2510000E+00   0.6599997E-01   0.1107559E+01   0.2616609E+01   0.1602841E+01
   0.1100000E+00   0.2520000E+00   0.5459993E-01   0.1104559E+01   0.2593606E+01   0.1610042E+01
   0.1100000E+00   0.2530000E+00   0.5559992E-01   0.1065152E+01   0.2639813E+01   0.1586239E+01
   0.1100000E+00   0.2540000E+00   0.5299993E-01   0.1071353E+01   0.2613009E+01   0.1592239E+01
   0.1100000E+00   0.2550000E+00   0.5119993E-01   0.1056351E+01   0.2627211E+01   0.1574437E+01
   0.1100000E+00   0.2560000E+00   0.5039993E-01   0.1060951E+01   0.2611809E+01   0.1573236E+01
   0.1100000E+00   0.2570000E+00   0.5319993E-01   0.1029146E+01   0.2634212E+01   0.1587439E+01
   0.1100000E+00   0.2580000E+00   0.5279993E-01   0.1015744E+01   0.2618010E+01   0.1585638E+01
   0.1100000E+00   0.2590000E+00   0.4759994E-01   0.1048549E+01   0.2596806E+01   0.1584638E+01
   0.1100000E+00   0.2600000E+00   0.4299995E-01   0.9985414E+00   0.2636413E+01   0.1566235E+01
   0.1100000E+00   0.2610000E+00   0.3859995E-01   0.9861431E+00   0.2585604E+01   0.1523228E+01
   0.1100000E+00   0.2620000E+00   0.4019995E-01   0.1003342E+01   0.2650215E+01   0.1587239E+01
   0.1100000E+00   0.2630000E+00   0.3479996E-01   0.9785441E+00   0.2614809E+01   0.1541031E+01
   0.1100000E+00   0.2640000E+00   0.3559996E-01   0.9653458E+00   0.2584804E+01   0.1542231E+01
   0.1100000E+00   0.2650000E+00   0.3679996E-01   0.9505478E+00   0.2573602E+01   0.1537630E+01
   0.1100000E+00   0.2660000E+00   0.3059997E-01   0.9551471E+00   0.2578403E+01   0.1547432E+01
   0.1100000E+00   0.2670000E+00   0.3219996E-01   0.9123528E+00   0.2605207E+01   0.1533830E+01
   0.1100000E+00   0.2680000E+00   0.3279996E-01   0.8815569E+00   0.2582604E+01   0.1519827E+01
   0.1100000E+00   0.2690000E+00   0.2579997E-01   0.8983546E+00   0.2607208E+01   0.1526629E+01
   0.1100000E+00   0.2700000E+00   0.2919997E-01   0.8719581E+00   0.2601207E+01   0.1535430E+01
   0.1100000E+00   0.2710000E+00   0.2539998E-01   0.8615595E+00   0.2581403E+01   0.1509826E+01
   0.1100000E+00   0.2720000E+00   0.2519998E-01   0.8567601E+00   0.2585204E+01   0.1509026E+01
   0.1100000E+00   0.2730000E+00   0.2539998E-01   0.8643591E+00   0.2589805E+01   0.1519627E+01
   0.1100000E+00   0.2740000E+00   0.2259998E-01   0.8369628E+00   0.2615609E+01   0.1527029E+01
   0.1100000E+00   0.2750000E+00   0.1999998E-01   0.8095664E+00   0.2612809E+01   0.1510026E+01
   0.1100000E+00   0.2760000E+00   0.1959999E-01   0.8145657E+00   0.2576803E+01   0.1495223E+01
   0.1100000E+00   0.2770000E+00   0.1859999E-01   0.8193651E+00   0.2587404E+01   0.1524228E+01
   0.1100000E+00   0.2780000E+00   0.1959999E-01   0.7851696E+00   0.2600207E+01   0.1496624E+01
   0.1100000E+00   0.2790000E+00   0.1359999E-01   0.7703716E+00   0.2576403E+01   0.1488422E+01
   0.1100000E+00   0.2800000E+00   0.2019998E-01   0.7845697E+00   0.2567601E+01   0.1458617E+01
   0.1100000E+00   0.2810000E+00   0.1639999E-01   0.7791704E+00   0.2621810E+01   0.1513826E+01
   0.1100000E+00   0.2820000E+00   0.1320000E-01   0.7625726E+00   0.2586204E+01   0.1500024E+01
   0.1100000E+00   0.2830000E+00   0.1399999E-01   0.7433751E+00   0.2557600E+01   0.1474020E+01
   0.1100000E+00   0.2840000E+00   0.1000000E-01   0.7415754E+00   0.2592005E+01   0.1512226E+01
   0.1100000E+00   0.2850000E+00   0.1140000E-01   0.7251775E+00   0.2568001E+01   0.1474820E+01
   0.1100000E+00   0.2860000E+00   0.1399999E-01   0.6947815E+00   0.2622410E+01   0.1488822E+01
   0.1100000E+00   0.2870000E+00   0.1020000E-01   0.7053801E+00   0.2567401E+01   0.1460618E+01
   0.1100000E+00   0.2880000E+00   0.1080000E-01   0.6975812E+00   0.2567001E+01   0.1453216E+01
   0.1100000E+00   0.2890000E+00   0.7600004E-02   0.7041803E+00   0.2543597E+01   0.1451016E+01
   0.1100000E+00   0.2900000E+00   0.9800001E-02   0.6841829E+00   0.2594406E+01   0.1475020E+01
   0.1100000E+00   0.2910000E+00   0.8600003E-02   0.6725845E+00   0.2572002E+01   0.1453016E+01
   0.1100000E+00   0.2920000E+00   0.9200002E-02   0.6651855E+00   0.2559000E+01   0.1446415E+01
   0.1100000E+00   0.2930000E+00   0.8800003E-02   0.6553867E+00   0.2575002E+01   0.1451416E+01
   0.1100000E+00   0.2940000E+00   0.5800003E-02   0.6297901E+00   0.2556399E+01   0.1439814E+01
   0.1100000E+00   0.2950000E+00   0.5800003E-02   0.6315899E+00   0.2525194E+01   0.1422411E+01
   0.1100000E+00   0.2960000E+00   0.8800003E-02   0.6381890E+00   0.2550398E+01   0.1420211E+01
   0.1100000E+00   0.2970000E+00   0.5800003E-02   0.6205913E+00   0.2520993E+01   0.1430613E+01
   0.1100000E+00   0.2980000E+00   0.8800003E-02   0.5907953E+00   0.2537196E+01   0.1429613E+01
   0.1100000E+00   0.2990000E+00   0.6200003E-02   0.6063932E+00   0.2490988E+01   0.1397807E+01
   0.1100000E+00   0.3000000E+00   0.5200002E-02   0.5895954E+00   0.2527194E+01   0.1397807E+01
   0.1100000E+00   0.3010000E+00   0.2200000E-02   0.5679983E+00   0.2511392E+01   0.1402808E+01
   0.1100000E+00   0.3020000E+00   0.5000002E-02   0.5747974E+00   0.2511792E+01   0.1397807E+01
   0.1100000E+00   0.3030000E+00   0.5600003E-02   0.5587995E+00   0.2486788E+01   0.1388006E+01
   0.1100000E+00   0.3040000E+00   0.3800001E-02   0.5422017E+00   0.2548998E+01   0.1393006E+01
   0.1100000E+00   0.3050000E+00   0.5000002E-02   0.5402020E+00   0.2519993E+01   0.1395207E+01
   0.1100000E+00   0.3060000E+00   0.6000003E-02   0.5114058E+00   0.2500190E+01   0.1381805E+01
   0.1100000E+00   0.3070000E+00   0.2800001E-02   0.5358025E+00   0.2461584E+01   0.1348399E+01
   0.1100000E+00   0.3080000E+00   0.4600002E-02   0.5246040E+00   0.2495589E+01   0.1378604E+01
   0.1100000E+00   0.3090000E+00   0.3400001E-02   0.5184048E+00   0.2452182E+01   0.1338997E+01
   0.1100000E+00   0.3100000E+00   0.2200000E-02   0.5040067E+00   0.2478987E+01   0.1374803E+01
   0.1100000E+00   0.3110000E+00   0.1200000E-02   0.4812070E+00   0.2466985E+01   0.1353800E+01
   0.1100000E+00   0.3120000E+00   0.3200001E-02   0.4896071E+00   0.2437380E+01   0.1324195E+01
   0.1100000E+00   0.3130000E+00   0.1800000E-02   0.4850070E+00   0.2445581E+01   0.1360801E+01
   0.1100000E+00   0.3140000E+00   0.3400001E-02   0.4532065E+00   0.2495189E+01   0.1375203E+01
   0.1100000E+00   0.3150000E+00   0.3800001E-02   0.4606066E+00   0.2462784E+01   0.1349199E+01
   0.1100000E+00   0.3160000E+00   0.2000000E-02   0.4698068E+00   0.2396373E+01   0.1322595E+01
   0.1100000E+00   0.3170000E+00   0.3000001E-02   0.4650067E+00   0.2441780E+01   0.1352600E+01
   0.1100000E+00   0.3180000E+00   0.3600001E-02   0.4586066E+00   0.2431979E+01   0.1346199E+01
   0.1100000E+00   0.3190000E+00   0.4200002E-02   0.4342062E+00   0.2423577E+01   0.1319794E+01
   0.1100000E+00   0.3200000E+00   0.1400000E-02   0.4316061E+00   0.2409375E+01   0.1335597E+01
   0.1100000E+00   0.3210000E+00   0.1600000E-02   0.4512065E+00   0.2406975E+01   0.1314793E+01
   0.1100000E+00   0.3220000E+00   0.4000000E-03   0.4056057E+00   0.2381370E+01   0.1293390E+01
   0.1100000E+00   0.3230000E+00   0.2000000E-03   0.4100058E+00   0.2380970E+01   0.1301991E+01
   0.1100000E+00   0.3240000E+00   0.1400000E-02   0.4048057E+00   0.2382571E+01   0.1293790E+01
   0.1100000E+00   0.3250000E+00   0.2400001E-02   0.3894054E+00   0.2406775E+01   0.1290990E+01
   0.1100000E+00   0.3260000E+00   0.2000000E-02   0.3874054E+00   0.2378970E+01   0.1279388E+01
   0.1100000E+00   0.3270000E+00   0.1200000E-02   0.3960055E+00   0.2384171E+01   0.1294990E+01
   0.1100000E+00   0.3280000E+00   0.1600000E-02   0.3812053E+00   0.2384771E+01   0.1287589E+01
   0.1100000E+00   0.3290000E+00   0.1400000E-02   0.3754052E+00   0.2321760E+01   0.1278787E+01
   0.1100000E+00   0.3300000E+00   0.8000001E-03   0.3678051E+00   0.2401974E+01   0.1299791E+01
   0.1100000E+00   0.3310000E+00   0.0000000E+00   0.3568049E+00   0.2356966E+01   0.1272586E+01
   0.1100000E+00   0.3320000E+00   0.8000001E-03   0.3560049E+00   0.2332562E+01   0.1251583E+01
   0.1100000E+00   0.3330000E+00   0.2000000E-03   0.3534048E+00   0.2285154E+01   0.1246382E+01
   0.1100000E+00   0.3340000E+00   0.2000000E-03   0.3558049E+00   0.2351965E+01   0.1268386E+01
   0.1100000E+00   0.3350000E+00   0.0000000E+00   0.3412046E+00   0.2348365E+01   0.1260584E+01
   0.1100000E+00   0.3360000E+00   0.1200000E-02   0.3384046E+00   0.2364768E+01   0.1266385E+01
   0.1100000E+00   0.3370000E+00   0.6000001E-03   0.3252043E+00   0.2315159E+01   0.1241781E+01
   0.1100000E+00   0.3380000E+00   0.2000000E-02   0.3306044E+00   0.2330162E+01   0.1254984E+01
   0.1100000E+00   0.3390000E+00   0.2000000E-03   0.3040040E+00   0.2268152E+01   0.1214777E+01
   0.1100000E+00   0.3400000E+00   0.8000001E-03   0.3022040E+00   0.2286355E+01   0.1235780E+01
   0.1100000E+00   0.3410000E+00   0.2000000E-03   0.3082041E+00   0.2275353E+01   0.1225579E+01
   0.1100000E+00   0.3420000E+00   0.2000000E-03   0.3014039E+00   0.2291155E+01   0.1218778E+01
   0.1100000E+00   0.3430000E+00   0.4000000E-03   0.2884037E+00   0.2283554E+01   0.1217177E+01
   0.1100000E+00   0.3440000E+00   0.1400000E-02   0.2836036E+00   0.2272752E+01   0.1212176E+01
   0.1100000E+00   0.3450000E+00   0.1000000E-02   0.2912038E+00   0.2248548E+01   0.1176971E+01
   0.1100000E+00   0.3460000E+00   0.6000001E-03   0.2806036E+00   0.2251149E+01   0.1187972E+01
   0.1100000E+00   0.3470000E+00   0.6000001E-03   0.2932038E+00   0.2271952E+01   0.1213577E+01
   0.1100000E+00   0.3480000E+00   0.4000000E-03   0.2588032E+00   0.2271352E+01   0.1194774E+01
   0.1100000E+00   0.3490000E+00   0.4000000E-03   0.2796036E+00   0.2258350E+01   0.1190773E+01
   0.1100000E+00   0.3500000E+00   0.4000000E-03   0.2708034E+00   0.2241947E+01   0.1195374E+01
   0.1100000E+00   0.3510000E+00   0.4000000E-03   0.2546031E+00   0.2177136E+01   0.1157367E+01
   0.1100000E+00   0.3520000E+00   0.8000001E-03   0.2434030E+00   0.2208542E+01   0.1168769E+01
   0.1100000E+00   0.3530000E+00   0.2000000E-03   0.2576032E+00   0.2156133E+01   0.1138764E+01
   0.1100000E+00   0.3540000E+00   0.0000000E+00   0.2498031E+00   0.2212742E+01   0.1169569E+01
   0.1100000E+00   0.3550000E+00   0.2000000E-03   0.2364029E+00   0.2174136E+01   0.1159768E+01
   0.1100000E+00   0.3560000E+00   0.0000000E+00   0.2378029E+00   0.2164934E+01   0.1135764E+01
   0.1100000E+00   0.3570000E+00   0.2000000E-03   0.2346028E+00   0.2156733E+01   0.1132563E+01
   0.1100000E+00   0.3580000E+00   0.4000000E-03   0.2248027E+00   0.2163334E+01   0.1137164E+01
   0.1100000E+00   0.3590000E+00   0.8000001E-03   0.2126025E+00   0.2170335E+01   0.1147966E+01
   0.1100000E+00   0.3600000E+00   0.2000000E-03   0.2202026E+00   0.2101924E+01   0.1116161E+01
   0.1100000E+00   0.3610000E+00   0.0000000E+00   0.2244027E+00   0.2126928E+01   0.1106759E+01
   0.1100000E+00   0.3620000E+00   0.0000000E+00   0.2168025E+00   0.2130729E+01   0.1125362E+01
   0.1100000E+00   0.3630000E+00   0.0000000E+00   0.2082024E+00   0.2127728E+01   0.1113560E+01
   0.1100000E+00   0.3640000E+00   0.0000000E+00   0.2100024E+00   0.2130529E+01   0.1124962E+01
   0.1100000E+00   0.3650000E+00   0.0000000E+00   0.2088024E+00   0.2101724E+01   0.1113760E+01
   0.1100000E+00   0.3660000E+00   0.0000000E+00   0.2004022E+00   0.2099724E+01   0.1099758E+01
   0.1100000E+00   0.3670000E+00   0.0000000E+00   0.1928021E+00   0.2097323E+01   0.1087156E+01
   0.1100000E+00   0.3680000E+00   0.0000000E+00   0.1892021E+00   0.2061517E+01   0.1060751E+01
   0.1100000E+00   0.3690000E+00   0.6000001E-03   0.1898021E+00   0.2084121E+01   0.1088356E+01
   0.1100000E+00   0.3700000E+00   0.0000000E+00   0.1864020E+00   0.2062517E+01   0.1094157E+01
   0.1100000E+00   0.3710000E+00   0.0000000E+00   0.1750018E+00   0.2053116E+01   0.1057751E+01
   0.1100000E+00   0.3720000E+00   0.0000000E+00   0.1770018E+00   0.2008708E+01   0.1053150E+01
   0.1100000E+00   0.3730000E+00   0.4000000E-03   0.1678017E+00   0.2053516E+01   0.1074154E+01
   0.1100000E+00   0.3740000E+00   0.2000000E-03   0.1724018E+00   0.2049115E+01   0.1073553E+01
   0.1100000E+00   0.3750000E+00   0.2000000E-03   0.1718018E+00   0.2016510E+01   0.1045749E+01
   0.1100000E+00   0.3760000E+00   0.0000000E+00   0.1626016E+00   0.2017710E+01   0.1052550E+01
   0.1100000E+00   0.3770000E+00   0.0000000E+00   0.1544015E+00   0.1987705E+01   0.1030946E+01
   0.1100000E+00   0.3780000E+00   0.0000000E+00   0.1662017E+00   0.1989705E+01   0.1051350E+01
   0.1100000E+00   0.3790000E+00   0.2000000E-03   0.1506014E+00   0.1999507E+01   0.1035947E+01
   0.1100000E+00   0.3800000E+00   0.0000000E+00   0.1558015E+00   0.1971302E+01   0.1021745E+01
   0.1100000E+00   0.3810000E+00   0.0000000E+00   0.1436013E+00   0.1965701E+01   0.1020745E+01
   0.1100000E+00   0.3820000E+00   0.0000000E+00   0.1512014E+00   0.1979704E+01   0.1018344E+01
   0.1100000E+00   0.3830000E+00   0.0000000E+00   0.1376012E+00   0.1971502E+01   0.1010343E+01
   0.1100000E+00   0.3840000E+00   0.0000000E+00   0.1348011E+00   0.1917693E+01   0.1006142E+01
   0.1100000E+00   0.3850000E+00   0.0000000E+00   0.1372012E+00   0.1910892E+01   0.1004142E+01
   0.1100000E+00   0.3860000E+00   0.0000000E+00   0.1312011E+00   0.1938697E+01   0.9903425E+00
   0.1100000E+00   0.3870000E+00   0.0000000E+00   0.1364012E+00   0.1876287E+01   0.9815437E+00
   0.1100000E+00   0.3880000E+00   0.2000000E-03   0.1348011E+00   0.1915293E+01   0.1001341E+01
   0.1100000E+00   0.3890000E+00   0.0000000E+00   0.1296010E+00   0.1878087E+01   0.9651458E+00
   0.1100000E+00   0.3900000E+00   0.0000000E+00   0.1228009E+00   0.1906092E+01   0.9765443E+00
   0.1100000E+00   0.3910000E+00   0.2000000E-03   0.1242010E+00   0.1880487E+01   0.9671456E+00
   0.1100000E+00   0.3920000E+00   0.0000000E+00   0.1128008E+00   0.1880687E+01   0.9681454E+00
   0.1100000E+00   0.3930000E+00   0.0000000E+00   0.1162008E+00   0.1835480E+01   0.9427488E+00
   0.1100000E+00   0.3940000E+00   0.0000000E+00   0.1132008E+00   0.1838280E+01   0.9539473E+00
   0.1100000E+00   0.3950000E+00   0.0000000E+00   0.1174008E+00   0.1856283E+01   0.9663457E+00
   0.1100000E+00   0.3960000E+00   0.0000000E+00   0.1226009E+00   0.1829479E+01   0.9261510E+00
   0.1100000E+00   0.3970000E+00   0.0000000E+00   0.1088007E+00   0.1803875E+01   0.9267509E+00
   0.1100000E+00   0.3980000E+00   0.0000000E+00   0.1050006E+00   0.1832479E+01   0.9493479E+00
   0.1100000E+00   0.3990000E+00   0.0000000E+00   0.1038006E+00   0.1816477E+01   0.9123528E+00
   0.1100000E+00   0.4000000E+00   0.0000000E+00   0.1018006E+00   0.1791072E+01   0.9007543E+00
   0.1100000E+00   0.4010000E+00   0.0000000E+00   0.9040038E-01   0.1817477E+01   0.9439486E+00
   0.1100000E+00   0.4020000E+00   0.0000000E+00   0.9280042E-01   0.1786672E+01   0.9187520E+00
   0.1100000E+00   0.4030000E+00   0.0000000E+00   0.1006006E+00   0.1772269E+01   0.9305504E+00
   0.1100000E+00   0.4040000E+00   0.0000000E+00   0.9280042E-01   0.1737264E+01   0.8967549E+00
   0.1100000E+00   0.4050000E+00   0.0000000E+00   0.9680049E-01   0.1721061E+01   0.8703583E+00
   0.1100000E+00   0.4060000E+00   0.0000000E+00   0.8020021E-01   0.1697057E+01   0.8723581E+00
   0.1100000E+00   0.4070000E+00   0.0000000E+00   0.8940037E-01   0.1732663E+01   0.8741578E+00
   0.1100000E+00   0.4080000E+00   0.0000000E+00   0.8280025E-01   0.1756067E+01   0.8759576E+00
   0.1100000E+00   0.4090000E+00   0.0000000E+00   0.8340026E-01   0.1737664E+01   0.8865562E+00
   0.1100000E+00   0.4100000E+00   0.0000000E+00   0.7720016E-01   0.1722461E+01   0.8837566E+00
   0.1100000E+00   0.4110000E+00   0.0000000E+00   0.7940020E-01   0.1690856E+01   0.8691585E+00
   0.1100000E+00   0.4120000E+00   0.0000000E+00   0.7960020E-01   0.1682855E+01   0.8657590E+00
   0.1100000E+00   0.4130000E+00   0.2000000E-03   0.8300026E-01   0.1732063E+01   0.8673587E+00
   0.1100000E+00   0.4140000E+00   0.0000000E+00   0.7180007E-01   0.1659851E+01   0.8451617E+00
   0.1100000E+00   0.4150000E+00   0.0000000E+00   0.7600014E-01   0.1676654E+01   0.8545604E+00
   0.1100000E+00   0.4160000E+00   0.0000000E+00   0.7760017E-01   0.1660451E+01   0.8537605E+00
   0.1100000E+00   0.4170000E+00   0.0000000E+00   0.7380010E-01   0.1659051E+01   0.8549604E+00
   0.1100000E+00   0.4180000E+00   0.0000000E+00   0.6499995E-01   0.1650449E+01   0.8181652E+00
   0.1100000E+00   0.4190000E+00   0.0000000E+00   0.6499995E-01   0.1607042E+01   0.8055669E+00
   0.1100000E+00   0.4200000E+00   0.0000000E+00   0.5999992E-01   0.1604842E+01   0.8103663E+00
   0.1100000E+00   0.4210000E+00   0.0000000E+00   0.6900002E-01   0.1583638E+01   0.8161655E+00
   0.1100000E+00   0.4220000E+00   0.0000000E+00   0.6659998E-01   0.1586239E+01   0.8179653E+00
   0.1100000E+00   0.4230000E+00   0.0000000E+00   0.6800000E-01   0.1579237E+01   0.8031672E+00
   0.1100000E+00   0.4240000E+00   0.0000000E+00   0.5379993E-01   0.1548032E+01   0.7701716E+00
   0.1100000E+00   0.4250000E+00   0.0000000E+00   0.5659992E-01   0.1587639E+01   0.8041671E+00
   0.1100000E+00   0.4260000E+00   0.0000000E+00   0.6179991E-01   0.1541831E+01   0.7895690E+00
   0.1100000E+00   0.4270000E+00   0.0000000E+00   0.5779992E-01   0.1572636E+01   0.7867694E+00
   0.1100000E+00   0.4280000E+00   0.0000000E+00   0.5619992E-01   0.1529429E+01   0.7717714E+00
   0.1100000E+00   0.4290000E+00   0.0000000E+00   0.5859992E-01   0.1508226E+01   0.7729712E+00
   0.1100000E+00   0.4300000E+00   0.0000000E+00   0.5319993E-01   0.1529029E+01   0.7809702E+00
   0.1100000E+00   0.4310000E+00   0.0000000E+00   0.5119993E-01   0.1517827E+01   0.7641724E+00
   0.1100000E+00   0.4320000E+00   0.0000000E+00   0.4919994E-01   0.1489422E+01   0.7443750E+00
   0.1100000E+00   0.4330000E+00   0.0000000E+00   0.4879994E-01   0.1479021E+01   0.7611728E+00
   0.1100000E+00   0.4340000E+00   0.0000000E+00   0.4559994E-01   0.1519827E+01   0.7843697E+00
   0.1100000E+00   0.4350000E+00   0.0000000E+00   0.4819994E-01   0.1481421E+01   0.7543737E+00
   0.1100000E+00   0.4360000E+00   0.0000000E+00   0.4579994E-01   0.1429613E+01   0.7297769E+00
   0.1100000E+00   0.4370000E+00   0.0000000E+00   0.4539994E-01   0.1444015E+01   0.7331765E+00
   0.1100000E+00   0.4380000E+00   0.0000000E+00   0.4579994E-01   0.1435413E+01   0.7297769E+00
   0.1100000E+00   0.4390000E+00   0.0000000E+00   0.4139995E-01   0.1444815E+01   0.7275772E+00
   0.1100000E+00   0.4400000E+00   0.0000000E+00   0.4319995E-01   0.1425012E+01   0.7151788E+00
   0.1100000E+00   0.4410000E+00   0.0000000E+00   0.4159995E-01   0.1406609E+01   0.7157788E+00
   0.1100000E+00   0.4420000E+00   0.0000000E+00   0.4399994E-01   0.1402208E+01   0.7101795E+00
   0.1100000E+00   0.4430000E+00   0.0000000E+00   0.4039995E-01   0.1417611E+01   0.7239777E+00
   0.1100000E+00   0.4440000E+00   0.0000000E+00   0.4159995E-01   0.1373203E+01   0.6949815E+00
   0.1100000E+00   0.4450000E+00   0.0000000E+00   0.3819995E-01   0.1379804E+01   0.6963813E+00
   0.1100000E+00   0.4460000E+00   0.0000000E+00   0.3919995E-01   0.1348999E+01   0.6841829E+00
   0.1100000E+00   0.4470000E+00   0.0000000E+00   0.3299996E-01   0.1354200E+01   0.6727844E+00
   0.1100000E+00   0.4480000E+00   0.0000000E+00   0.3979995E-01   0.1350399E+01   0.6849828E+00
   0.1100000E+00   0.4490000E+00   0.0000000E+00   0.4059995E-01   0.1362801E+01   0.7003808E+00
   0.1100000E+00   0.4500000E+00   0.0000000E+00   0.3139997E-01   0.1354200E+01   0.6911820E+00
   0.1100000E+00   0.4510000E+00   0.0000000E+00   0.4119995E-01   0.1314193E+01   0.6785837E+00
   0.1100000E+00   0.4520000E+00   0.0000000E+00   0.2759997E-01   0.1290389E+01   0.6543869E+00
   0.1100000E+00   0.4530000E+00   0.0000000E+00   0.2999997E-01   0.1290389E+01   0.6633857E+00
   0.1100000E+00   0.4540000E+00   0.0000000E+00   0.3259996E-01   0.1311193E+01   0.6541869E+00
   0.1100000E+00   0.4550000E+00   0.0000000E+00   0.3259996E-01   0.1303792E+01   0.6643856E+00
   0.1100000E+00   0.4560000E+00   0.0000000E+00   0.3039997E-01   0.1269386E+01   0.6491876E+00
   0.1100000E+00   0.4570000E+00   0.0000000E+00   0.2499998E-01   0.1255984E+01   0.6299901E+00
   0.1100000E+00   0.4580000E+00   0.0000000E+00   0.2899997E-01   0.1244182E+01   0.6179917E+00
   0.1100000E+00   0.4590000E+00   0.0000000E+00   0.2979997E-01   0.1248382E+01   0.6233910E+00
   0.1100000E+00   0.4600000E+00   0.0000000E+00   0.2779997E-01   0.1225579E+01   0.6259906E+00
   0.1100000E+00   0.4610000E+00   0.0000000E+00   0.2699997E-01   0.1235380E+01   0.6245908E+00
   0.1100000E+00   0.4620000E+00   0.0000000E+00   0.2559998E-01   0.1199574E+01   0.6117925E+00
   0.1100000E+00   0.4630000E+00   0.0000000E+00   0.2699997E-01   0.1207976E+01   0.6021938E+00
   0.1100000E+00   0.4640000E+00   0.0000000E+00   0.2179998E-01   0.1226179E+01   0.6045935E+00
   0.1100000E+00   0.4650000E+00   0.0000000E+00   0.1979998E-01   0.1196374E+01   0.6035936E+00
   0.1100000E+00   0.4660000E+00   0.0000000E+00   0.2099998E-01   0.1184572E+01   0.6133923E+00
   0.1100000E+00   0.4670000E+00   0.0000000E+00   0.2479998E-01   0.1179971E+01   0.5921951E+00
   0.1100000E+00   0.4680000E+00   0.0000000E+00   0.2059998E-01   0.1182572E+01   0.5967945E+00
   0.1100000E+00   0.4690000E+00   0.0000000E+00   0.2079998E-01   0.1155767E+01   0.5745974E+00
   0.1100000E+00   0.4700000E+00   0.0000000E+00   0.1939999E-01   0.1149966E+01   0.5799967E+00
   0.1100000E+00   0.4710000E+00   0.0000000E+00   0.1879999E-01   0.1133163E+01   0.5663985E+00
   0.1100000E+00   0.4720000E+00   0.0000000E+00   0.1919999E-01   0.1126762E+01   0.5671984E+00
   0.1100000E+00   0.4730000E+00   0.0000000E+00   0.1979998E-01   0.1111560E+01   0.5619991E+00
   0.1100000E+00   0.4740000E+00   0.0000000E+00   0.2099998E-01   0.1141565E+01   0.5765972E+00
   0.1100000E+00   0.4750000E+00   0.0000000E+00   0.1779999E-01   0.1117961E+01   0.5673984E+00
   0.1100000E+00   0.4760000E+00   0.0000000E+00   0.1959999E-01   0.1096557E+01   0.5494007E+00
   0.1100000E+00   0.4770000E+00   0.0000000E+00   0.1399999E-01   0.1098958E+01   0.5522004E+00
   0.1100000E+00   0.4780000E+00   0.0000000E+00   0.1979998E-01   0.1071353E+01   0.5366024E+00
   0.1100000E+00   0.4790000E+00   0.0000000E+00   0.1599999E-01   0.1089756E+01   0.5552000E+00
   0.1100000E+00   0.4800000E+00   0.0000000E+00   0.1240000E-01   0.1049749E+01   0.5270037E+00
   0.1100000E+00   0.4810000E+00   0.0000000E+00   0.1579999E-01   0.1072153E+01   0.5388021E+00
   0.1100000E+00   0.4820000E+00   0.0000000E+00   0.1639999E-01   0.1049549E+01   0.5142054E+00
   0.1100000E+00   0.4830000E+00   0.0000000E+00   0.1619999E-01   0.1030746E+01   0.5156052E+00
   0.1100000E+00   0.4840000E+00   0.0000000E+00   0.1519999E-01   0.1029746E+01   0.5146053E+00
   0.1100000E+00   0.4850000E+00   0.0000000E+00   0.1439999E-01   0.1015744E+01   0.5170050E+00
   0.1100000E+00   0.4860000E+00   0.0000000E+00   0.1359999E-01   0.1013744E+01   0.5154052E+00
   0.1100000E+00   0.4870000E+00   0.0000000E+00   0.1220000E-01   0.1022745E+01   0.5052066E+00
   0.1100000E+00   0.4880000E+00   0.0000000E+00   0.1260000E-01   0.9791440E+00   0.4900071E+00
   0.1100000E+00   0.4890000E+00   0.0000000E+00   0.9800001E-02   0.9831434E+00   0.4988073E+00
   0.1100000E+00   0.4900000E+00   0.0000000E+00   0.1320000E-01   0.1008543E+01   0.5052066E+00
   0.1100000E+00   0.4910000E+00   0.0000000E+00   0.1180000E-01   0.9583467E+00   0.4804070E+00
   0.1100000E+00   0.4920000E+00   0.0000000E+00   0.1080000E-01   0.9733447E+00   0.4936072E+00
   0.1100000E+00   0.4930000E+00   0.0000000E+00   0.9800001E-02   0.9507477E+00   0.4822070E+00
   0.1100000E+00   0.4940000E+00   0.0000000E+00   0.1140000E-01   0.9437487E+00   0.4700068E+00
   0.1100000E+00   0.4950000E+00   0.0000000E+00   0.1140000E-01   0.9357497E+00   0.4806070E+00
   0.1100000E+00   0.4960000E+00   0.0000000E+00   0.8600003E-02   0.9513476E+00   0.4756069E+00
   0.1100000E+00   0.4970000E+00   0.0000000E+00   0.1020000E-01   0.9205517E+00   0.4684068E+00
   0.1100000E+00   0.4980000E+00   0.0000000E+00   0.1100000E-01   0.9361497E+00   0.4630067E+00
   0.1100000E+00   0.4990000E+00   0.0000000E+00   0.9000002E-02   0.9241512E+00   0.4600066E+00
   0.1100000E+00   0.5000000E+00   0.0000000E+00   0.8400003E-02   0.8949551E+00   0.4494064E+00
   0.1100000E+00   0.5009999E+00   0.0000000E+00   0.7800004E-02   0.9041539E+00   0.4632067E+00
   0.1100000E+00   0.5019999E+00   0.0000000E+00   0.8000004E-02   0.8993545E+00   0.4542065E+00
   0.1100000E+00   0.5030000E+00   0.0000000E+00   0.1080000E-01   0.9003544E+00   0.4482064E+00
   0.1100000E+00   0.5039999E+00   0.0000000E+00   0.8800003E-02   0.8753577E+00   0.4366062E+00
   0.1100000E+00   0.5049999E+00   0.0000000E+00   0.7200004E-02   0.8457616E+00   0.4254060E+00
   0.1100000E+00   0.5059999E+00   0.0000000E+00   0.9000002E-02   0.8347631E+00   0.4260060E+00
   0.1100000E+00   0.5070000E+00   0.0000000E+00   0.7000003E-02   0.8337632E+00   0.4132058E+00
   0.1100000E+00   0.5080000E+00   0.0000000E+00   0.7400004E-02   0.8199650E+00   0.4114058E+00
   0.1100000E+00   0.5089999E+00   0.0000000E+00   0.6800003E-02   0.8211648E+00   0.4112058E+00
   0.1100000E+00   0.5099999E+00   0.0000000E+00   0.5400002E-02   0.8231646E+00   0.4130058E+00
   0.1100000E+00   0.5109999E+00   0.0000000E+00   0.9400002E-02   0.8221647E+00   0.4070057E+00
   0.1100000E+00   0.5120000E+00   0.0000000E+00   0.7000003E-02   0.7995677E+00   0.4142058E+00
   0.1100000E+00   0.5130000E+00   0.0000000E+00   0.7600004E-02   0.7845697E+00   0.4014056E+00
   0.1100000E+00   0.5139999E+00   0.0000000E+00   0.6000003E-02   0.8193651E+00   0.4080057E+00
   0.1100000E+00   0.5149999E+00   0.0000000E+00   0.6800003E-02   0.7805702E+00   0.3994056E+00
   0.1100000E+00   0.5159999E+00   0.0000000E+00   0.5600003E-02   0.7981679E+00   0.3992056E+00
   0.1100000E+00   0.5170000E+00   0.0000000E+00   0.5000002E-02   0.7677719E+00   0.3944055E+00
   0.1100000E+00   0.5179999E+00   0.0000000E+00   0.5800003E-02   0.7793704E+00   0.3960055E+00
   0.1100000E+00   0.5189999E+00   0.0000000E+00   0.4800002E-02   0.7335764E+00   0.3764052E+00
   0.1100000E+00   0.5199999E+00   0.0000000E+00   0.3800001E-02   0.7289770E+00   0.3626050E+00
   0.1100000E+00   0.5210000E+00   0.0000000E+00   0.5200002E-02   0.7327765E+00   0.3756052E+00
   0.1100000E+00   0.5220000E+00   0.0000000E+00   0.7800004E-02   0.7299769E+00   0.3694051E+00
   0.1100000E+00   0.5229999E+00   0.0000000E+00   0.5000002E-02   0.7279772E+00   0.3672051E+00
   0.1100000E+00   0.5239999E+00   0.0000000E+00   0.4600002E-02   0.7047802E+00   0.3518048E+00
   0.1100000E+00   0.5249999E+00   0.0000000E+00   0.3800001E-02   0.7037804E+00   0.3530048E+00
   0.1100000E+00   0.5260000E+00   0.0000000E+00   0.4200002E-02   0.6991810E+00   0.3584049E+00
   0.1100000E+00   0.5270000E+00   0.0000000E+00   0.3200001E-02   0.6917819E+00   0.3506048E+00
   0.1100000E+00   0.5279999E+00   0.0000000E+00   0.4400002E-02   0.6799835E+00   0.3480047E+00
   0.1100000E+00   0.5289999E+00   0.0000000E+00   0.3200001E-02   0.6635857E+00   0.3300044E+00
   0.1100000E+00   0.5299999E+00   0.0000000E+00   0.3000001E-02   0.6773838E+00   0.3374045E+00
   0.1100000E+00   0.5310000E+00   0.0000000E+00   0.3800001E-02   0.6537870E+00   0.3194042E+00
   0.1100000E+00   0.5319999E+00   0.0000000E+00   0.2200000E-02   0.6717846E+00   0.3592049E+00
   0.1100000E+00   0.5329999E+00   0.0000000E+00   0.4400002E-02   0.6523871E+00   0.3160042E+00
   0.1100000E+00   0.5339999E+00   0.0000000E+00   0.5400002E-02   0.6289902E+00   0.3178042E+00
   0.1100000E+00   0.5350000E+00   0.0000000E+00   0.2600001E-02   0.6255907E+00   0.3112041E+00
   0.1100000E+00   0.5360000E+00   0.0000000E+00   0.4200002E-02   0.6561866E+00   0.3352045E+00
   0.1100000E+00   0.5369999E+00   0.0000000E+00   0.2600001E-02   0.6079930E+00   0.3112041E+00
   0.1100000E+00   0.5379999E+00   0.0000000E+00   0.3800001E-02   0.6253907E+00   0.3164042E+00
   0.1100000E+00   0.5389999E+00   0.0000000E+00   0.2000000E-02   0.6129923E+00   0.3148042E+00
   0.1100000E+00   0.5400000E+00   0.0000000E+00   0.3200001E-02   0.5883956E+00   0.2962039E+00
   0.1100000E+00   0.5409999E+00   0.0000000E+00   0.2800001E-02   0.6001940E+00   0.3076040E+00
   0.1100000E+00   0.5419999E+00   0.0000000E+00   0.1800000E-02   0.5901954E+00   0.2836036E+00
   0.1100000E+00   0.5429999E+00   0.0000000E+00   0.1400000E-02   0.5963945E+00   0.2956038E+00
   0.1100000E+00   0.5439999E+00   0.0000000E+00   0.2800001E-02   0.5823964E+00   0.3018039E+00
   0.1100000E+00   0.5450000E+00   0.0000000E+00   0.2000000E-02   0.5723977E+00   0.2958038E+00
   0.1100000E+00   0.5459999E+00   0.0000000E+00   0.2600001E-02   0.5569997E+00   0.2844037E+00
   0.1100000E+00   0.5469999E+00   0.0000000E+00   0.3000001E-02   0.5585995E+00   0.2838036E+00
   0.1100000E+00   0.5479999E+00   0.0000000E+00   0.2000000E-02   0.5360025E+00   0.2674034E+00
   0.1100000E+00   0.5490000E+00   0.0000000E+00   0.2400001E-02   0.5474010E+00   0.2732035E+00
   0.1100000E+00   0.5500000E+00   0.0000000E+00   0.2400001E-02   0.5444014E+00   0.2706034E+00
   0.1100000E+00   0.5509999E+00   0.0000000E+00   0.2800001E-02   0.5424017E+00   0.2734035E+00
   0.1100000E+00   0.5519999E+00   0.0000000E+00   0.2000000E-02   0.5320030E+00   0.2686034E+00
   0.1100000E+00   0.5529999E+00   0.0000000E+00   0.1800000E-02   0.5010071E+00   0.2516031E+00
   0.1100000E+00   0.5540000E+00   0.0000000E+00   0.2400001E-02   0.5164051E+00   0.2550032E+00
   0.1100000E+00   0.5549999E+00   0.0000000E+00   0.2000000E-02   0.5054066E+00   0.2442030E+00
   0.1100000E+00   0.5559999E+00   0.0000000E+00   0.2600001E-02   0.4764069E+00   0.2370029E+00
   0.1100000E+00   0.5569999E+00   0.0000000E+00   0.1400000E-02   0.5004072E+00   0.2488031E+00
   0.1100000E+00   0.5579999E+00   0.0000000E+00   0.1600000E-02   0.4998073E+00   0.2512031E+00
   0.1100000E+00   0.5590000E+00   0.0000000E+00   0.1400000E-02   0.4742069E+00   0.2296027E+00
   0.1100000E+00   0.5599999E+00   0.0000000E+00   0.2000000E-02   0.4812070E+00   0.2360028E+00
   0.1100000E+00   0.5609999E+00   0.0000000E+00   0.2800001E-02   0.4566066E+00   0.2300027E+00
   0.1100000E+00   0.5619999E+00   0.0000000E+00   0.1200000E-02   0.4478064E+00   0.2266027E+00
   0.1100000E+00   0.5630000E+00   0.0000000E+00   0.1000000E-02   0.4748069E+00   0.2448030E+00
   0.1100000E+00   0.5640000E+00   0.0000000E+00   0.1800000E-02   0.4560066E+00   0.2324028E+00
   0.1100000E+00   0.5649999E+00   0.0000000E+00   0.1000000E-02   0.4388063E+00   0.2172025E+00
   0.1100000E+00   0.5659999E+00   0.0000000E+00   0.1800000E-02   0.4432063E+00   0.2160025E+00
   0.1100000E+00   0.5669999E+00   0.0000000E+00   0.1000000E-02   0.4476064E+00   0.2198026E+00
   0.1100000E+00   0.5680000E+00   0.0000000E+00   0.1400000E-02   0.4300061E+00   0.2136025E+00
   0.1100000E+00   0.5689999E+00   0.0000000E+00   0.1200000E-02   0.4388063E+00   0.2302027E+00
   0.1100000E+00   0.5699999E+00   0.0000000E+00   0.2000000E-02   0.4210060E+00   0.2152025E+00
   0.1100000E+00   0.5709999E+00   0.0000000E+00   0.4000000E-03   0.4296061E+00   0.2160025E+00
   0.1100000E+00   0.5719999E+00   0.0000000E+00   0.8000001E-03   0.4162059E+00   0.2092024E+00
   0.1100000E+00   0.5730000E+00   0.0000000E+00   0.1000000E-02   0.3940055E+00   0.1958022E+00
   0.1100000E+00   0.5739999E+00   0.0000000E+00   0.1000000E-02   0.4048057E+00   0.2076024E+00
   0.1100000E+00   0.5749999E+00   0.0000000E+00   0.1600000E-02   0.3898054E+00   0.1984022E+00
   0.1100000E+00   0.5759999E+00   0.0000000E+00   0.1600000E-02   0.3826053E+00   0.1936021E+00
   0.1100000E+00   0.5770000E+00   0.0000000E+00   0.2000000E-03   0.3832053E+00   0.1930021E+00
   0.1100000E+00   0.5779999E+00   0.0000000E+00   0.4000000E-03   0.3722051E+00   0.1830020E+00
   0.1100000E+00   0.5789999E+00   0.0000000E+00   0.1400000E-02   0.3730052E+00   0.1916021E+00
   0.1100000E+00   0.5799999E+00   0.0000000E+00   0.1000000E-02   0.3582049E+00   0.1898021E+00
   0.1100000E+00   0.5809999E+00   0.0000000E+00   0.6000001E-03   0.3702051E+00   0.1828019E+00
   0.1100000E+00   0.5820000E+00   0.0000000E+00   0.2000000E-03   0.3648050E+00   0.1794019E+00
   0.1100000E+00   0.5829999E+00   0.0000000E+00   0.2000000E-03   0.3504048E+00   0.1662017E+00
   0.1100000E+00   0.5839999E+00   0.0000000E+00   0.6000001E-03   0.3490047E+00   0.1768018E+00
   0.1100000E+00   0.5849999E+00   0.0000000E+00   0.1000000E-02   0.3432046E+00   0.1716018E+00
   0.1100000E+00   0.5860000E+00   0.0000000E+00   0.1600000E-02   0.3412046E+00   0.1688017E+00
   0.1100000E+00   0.5870000E+00   0.0000000E+00   0.6000001E-03   0.3322045E+00   0.1634016E+00
   0.1100000E+00   0.5879999E+00   0.0000000E+00   0.2000000E-03   0.3256043E+00   0.1600016E+00
   0.1100000E+00   0.5889999E+00   0.0000000E+00   0.2000000E-03   0.3234043E+00   0.1684017E+00
   0.1100000E+00   0.5899999E+00   0.0000000E+00   0.4000000E-03   0.3216043E+00   0.1642016E+00
   0.1100000E+00   0.5910000E+00   0.0000000E+00   0.8000001E-03   0.3156042E+00   0.1558015E+00
   0.1100000E+00   0.5919999E+00   0.0000000E+00   0.2000000E-03   0.3142042E+00   0.1560015E+00
   0.1100000E+00   0.5929999E+00   0.0000000E+00   0.0000000E+00   0.3022040E+00   0.1580015E+00
   0.1100000E+00   0.5939999E+00   0.0000000E+00   0.6000001E-03   0.3152042E+00   0.1612016E+00
   0.1100000E+00   0.5949999E+00   0.0000000E+00   0.2000000E-03   0.2802036E+00   0.1388012E+00
   0.1100000E+00   0.5960000E+00   0.0000000E+00   0.2000000E-03   0.2992039E+00   0.1572015E+00
   0.1100000E+00   0.5969999E+00   0.0000000E+00   0.2000000E-03   0.2908038E+00   0.1444013E+00
   0.1100000E+00   0.5979999E+00   0.0000000E+00   0.0000000E+00   0.2848037E+00   0.1408012E+00
   0.1100000E+00   0.5989999E+00   0.0000000E+00   0.0000000E+00   0.2880037E+00   0.1418013E+00
   0.1100000E+00   0.6000000E+00   0.0000000E+00   0.4000000E-03   0.2772035E+00   0.1418013E+00
   0.1100000E+00   0.6010000E+00   0.0000000E+00   0.4000000E-03   0.2878037E+00   0.1368012E+00
   0.1100000E+00   0.6019999E+00   0.0000000E+00   0.6000001E-03   0.2786036E+00   0.1378012E+00
   0.1100000E+00   0.6029999E+00   0.0000000E+00   0.4000000E-03   0.2686034E+00   0.1326011E+00
   0.1100000E+00   0.6039999E+00   0.0000000E+00   0.4000000E-03   0.2760035E+00   0.1492014E+00
   0.1100000E+00   0.6050000E+00   0.0000000E+00   0.2000000E-03   0.2606032E+00   0.1330011E+00
   0.1100000E+00   0.6059999E+00   0.0000000E+00   0.0000000E+00   0.2568032E+00   0.1350011E+00
   0.1100000E+00   0.6069999E+00   0.0000000E+00   0.0000000E+00   0.2630033E+00   0.1330011E+00
   0.1100000E+00   0.6079999E+00   0.0000000E+00   0.4000000E-03   0.2460030E+00   0.1178008E+00
   0.1100000E+00   0.6089999E+00   0.0000000E+00   0.0000000E+00   0.2486031E+00   0.1246010E+00
   0.1100000E+00   0.6100000E+00   0.0000000E+00   0.2000000E-03   0.2364029E+00   0.1126008E+00
   0.1100000E+00   0.6109999E+00   0.0000000E+00   0.2000000E-03   0.2420029E+00   0.1224009E+00
   0.1100000E+00   0.6119999E+00   0.0000000E+00   0.2000000E-03   0.2358028E+00   0.1206009E+00
   0.1100000E+00   0.6129999E+00   0.0000000E+00   0.8000001E-03   0.2362029E+00   0.1196009E+00
   0.1100000E+00   0.6140000E+00   0.0000000E+00   0.2000000E-03   0.2306028E+00   0.1158008E+00
   0.1100000E+00   0.6149999E+00   0.0000000E+00   0.2000000E-03   0.2344028E+00   0.1170008E+00
   0.1100000E+00   0.6159999E+00   0.0000000E+00   0.2000000E-03   0.2242026E+00   0.1108007E+00
   0.1100000E+00   0.6169999E+00   0.0000000E+00   0.2000000E-03   0.2062023E+00   0.9280042E-01
   0.1100000E+00   0.6179999E+00   0.0000000E+00   0.2000000E-03   0.2172025E+00   0.1074007E+00
   0.1100000E+00   0.6190000E+00   0.0000000E+00   0.6000001E-03   0.2034023E+00   0.1022006E+00
   0.1100000E+00   0.6199999E+00   0.0000000E+00   0.2000000E-03   0.2186026E+00   0.1048006E+00
   0.1100000E+00   0.6209999E+00   0.0000000E+00   0.0000000E+00   0.2008023E+00   0.9800051E-01
   0.1100000E+00   0.6219999E+00   0.0000000E+00   0.0000000E+00   0.2092024E+00   0.1014006E+00
   0.1100000E+00   0.6229999E+00   0.0000000E+00   0.0000000E+00   0.1884020E+00   0.9180041E-01
   0.1100000E+00   0.6240000E+00   0.0000000E+00   0.0000000E+00   0.1974022E+00   0.9460045E-01
   0.1100000E+00   0.6249999E+00   0.0000000E+00   0.0000000E+00   0.1898021E+00   0.9420045E-01
   0.1100000E+00   0.6259999E+00   0.0000000E+00   0.0000000E+00   0.1898021E+00   0.9320043E-01
   0.1100000E+00   0.6269999E+00   0.0000000E+00   0.2000000E-03   0.1880020E+00   0.9460045E-01
   0.1100000E+00   0.6280000E+00   0.0000000E+00   0.0000000E+00   0.1820019E+00   0.8800034E-01
   0.1100000E+00   0.6289999E+00   0.0000000E+00   0.0000000E+00   0.1890021E+00   0.9180041E-01
   0.1100000E+00   0.6299999E+00   0.0000000E+00   0.0000000E+00   0.1762018E+00   0.8560030E-01
   0.1100000E+00   0.6309999E+00   0.0000000E+00   0.2000000E-03   0.1718018E+00   0.8340026E-01
   0.1100000E+00   0.6319999E+00   0.0000000E+00   0.0000000E+00   0.1710017E+00   0.8200024E-01
   0.1100000E+00   0.6330000E+00   0.0000000E+00   0.0000000E+00   0.1700017E+00   0.8660032E-01
   0.1100000E+00   0.6339999E+00   0.0000000E+00   0.2000000E-03   0.1656017E+00   0.7780017E-01
   0.1100000E+00   0.6349999E+00   0.0000000E+00   0.2000000E-03   0.1506014E+00   0.7080005E-01
   0.1100000E+00   0.6359999E+00   0.0000000E+00   0.0000000E+00   0.1598016E+00   0.7620014E-01
   0.1100000E+00   0.6369999E+00   0.0000000E+00   0.2000000E-03   0.1448013E+00   0.6940003E-01
   0.1100000E+00   0.6380000E+00   0.0000000E+00   0.2000000E-03   0.1492014E+00   0.6900002E-01
   0.1100000E+00   0.6389999E+00   0.0000000E+00   0.2000000E-03   0.1510014E+00   0.7380010E-01
   0.1100000E+00   0.6399999E+00   0.0000000E+00   0.0000000E+00   0.1504014E+00   0.7540013E-01
   0.1100000E+00   0.6409999E+00   0.0000000E+00   0.0000000E+00   0.1370012E+00   0.6659998E-01
   0.1100000E+00   0.6420000E+00   0.0000000E+00   0.0000000E+00   0.1276010E+00   0.6840001E-01
   0.1100000E+00   0.6429999E+00   0.0000000E+00   0.0000000E+00   0.1434013E+00   0.7100005E-01
   0.1100000E+00   0.6439999E+00   0.0000000E+00   0.0000000E+00   0.1456013E+00   0.7080005E-01
   0.1100000E+00   0.6449999E+00   0.0000000E+00   0.0000000E+00   0.1352011E+00   0.6639998E-01
   0.1100000E+00   0.6459999E+00   0.0000000E+00   0.0000000E+00   0.1320011E+00   0.6459995E-01
   0.1100000E+00   0.6470000E+00   0.0000000E+00   0.2000000E-03   0.1308011E+00   0.6619997E-01
   0.1100000E+00   0.6479999E+00   0.0000000E+00   0.0000000E+00   0.1282010E+00   0.6719999E-01
   0.1100000E+00   0.6489999E+00   0.0000000E+00   0.0000000E+00   0.1254010E+00   0.6499995E-01
   0.1100000E+00   0.6499999E+00   0.0000000E+00   0.0000000E+00   0.1178008E+00   0.5879992E-01
   0.1100000E+00   0.6509999E+00   0.0000000E+00   0.0000000E+00   0.1238009E+00   0.6079992E-01
   0.1100000E+00   0.6520000E+00   0.0000000E+00   0.0000000E+00   0.1214009E+00   0.5619992E-01
   0.1100000E+00   0.6529999E+00   0.0000000E+00   0.0000000E+00   0.1148008E+00   0.5519992E-01
   0.1100000E+00   0.6539999E+00   0.0000000E+00   0.0000000E+00   0.1210009E+00   0.6259991E-01
   0.1100000E+00   0.6549999E+00   0.0000000E+00   0.0000000E+00   0.1124008E+00   0.5479993E-01
   0.1100000E+00   0.6560000E+00   0.0000000E+00   0.0000000E+00   0.1054006E+00   0.5319993E-01
   0.1100000E+00   0.6569999E+00   0.0000000E+00   0.0000000E+00   0.1102007E+00   0.4999993E-01
   0.1100000E+00   0.6579999E+00   0.0000000E+00   0.0000000E+00   0.1114007E+00   0.5779992E-01
   0.1100000E+00   0.6589999E+00   0.0000000E+00   0.2000000E-03   0.1048006E+00   0.5119993E-01
   0.1100000E+00   0.6599999E+00   0.0000000E+00   0.0000000E+00   0.1036006E+00   0.5239993E-01
   0.1100000E+00   0.6610000E+00   0.0000000E+00   0.0000000E+00   0.1058006E+00   0.5079993E-01
   0.1100000E+00   0.6619999E+00   0.0000000E+00   0.0000000E+00   0.9560047E-01   0.4719994E-01
   0.1100000E+00   0.6629999E+00   0.0000000E+00   0.0000000E+00   0.1052006E+00   0.5339993E-01
   0.1100000E+00   0.6639999E+00   0.0000000E+00   0.2000000E-03   0.9520046E-01   0.4679994E-01
   0.1100000E+00   0.6649999E+00   0.0000000E+00   0.0000000E+00   0.8500029E-01   0.4279995E-01
   0.1100000E+00   0.6659999E+00   0.0000000E+00   0.2000000E-03   0.8820035E-01   0.4659994E-01
   0.1100000E+00   0.6669999E+00   0.0000000E+00   0.0000000E+00   0.8660032E-01   0.4419994E-01
   0.1100000E+00   0.6679999E+00   0.0000000E+00   0.0000000E+00   0.8400027E-01   0.4439994E-01
   0.1100000E+00   0.6689999E+00   0.0000000E+00   0.0000000E+00   0.9160040E-01   0.4639994E-01
   0.1100000E+00   0.6700000E+00   0.0000000E+00   0.0000000E+00   0.8700033E-01   0.4599994E-01
   0.1100000E+00   0.6709999E+00   0.0000000E+00   0.0000000E+00   0.8860035E-01   0.4379994E-01
   0.1100000E+00   0.6719999E+00   0.0000000E+00   0.0000000E+00   0.8540030E-01   0.4159995E-01
   0.1100000E+00   0.6729999E+00   0.0000000E+00   0.0000000E+00   0.8080022E-01   0.3919995E-01
   0.1100000E+00   0.6739999E+00   0.0000000E+00   0.0000000E+00   0.7780017E-01   0.3739996E-01
   0.1100000E+00   0.6750000E+00   0.0000000E+00   0.0000000E+00   0.8460028E-01   0.4359994E-01
   0.1100000E+00   0.6759999E+00   0.0000000E+00   0.0000000E+00   0.7120006E-01   0.3699996E-01
   0.1100000E+00   0.6769999E+00   0.0000000E+00   0.0000000E+00   0.7140006E-01   0.3899995E-01
   0.1100000E+00   0.6779999E+00   0.0000000E+00   0.0000000E+00   0.6980003E-01   0.3379996E-01
   0.1100000E+00   0.6789999E+00   0.0000000E+00   0.0000000E+00   0.6860001E-01   0.3519996E-01
   0.1100000E+00   0.6799999E+00   0.0000000E+00   0.0000000E+00   0.6980003E-01   0.3379996E-01
   0.1100000E+00   0.6809999E+00   0.0000000E+00   0.0000000E+00   0.6599997E-01   0.3319996E-01
   0.1100000E+00   0.6819999E+00   0.0000000E+00   0.0000000E+00   0.7100005E-01   0.3279996E-01
   0.1100000E+00   0.6829999E+00   0.0000000E+00   0.0000000E+00   0.6699999E-01   0.3079997E-01
   0.1100000E+00   0.6840000E+00   0.0000000E+00   0.0000000E+00   0.6559996E-01   0.3179996E-01
   0.1100000E+00   0.6849999E+00   0.0000000E+00   0.0000000E+00   0.6039992E-01   0.3139997E-01
   0.1100000E+00   0.6859999E+00   0.0000000E+00   0.0000000E+00   0.6039992E-01   0.3239996E-01
   0.1100000E+00   0.6869999E+00   0.0000000E+00   0.0000000E+00   0.5659992E-01   0.2999997E-01
   0.1100000E+00   0.6879999E+00   0.0000000E+00   0.0000000E+00   0.6239991E-01   0.3459996E-01
   0.1100000E+00   0.6890000E+00   0.0000000E+00   0.0000000E+00   0.5799992E-01   0.3199996E-01
   0.1100000E+00   0.6899999E+00   0.0000000E+00   0.0000000E+00   0.5959992E-01   0.2599997E-01
   0.1100000E+00   0.6909999E+00   0.0000000E+00   0.0000000E+00   0.5479993E-01   0.2499998E-01
   0.1100000E+00   0.6919999E+00   0.0000000E+00   0.0000000E+00   0.5219993E-01   0.2699997E-01
   0.1100000E+00   0.6929999E+00   0.0000000E+00   0.0000000E+00   0.4739994E-01   0.2419998E-01
   0.1100000E+00   0.6939999E+00   0.0000000E+00   0.0000000E+00   0.5279993E-01   0.2759997E-01
   0.1100000E+00   0.6949999E+00   0.0000000E+00   0.0000000E+00   0.5039993E-01   0.2519998E-01
   0.1100000E+00   0.6959999E+00   0.0000000E+00   0.0000000E+00   0.4619994E-01   0.2319998E-01
   0.1100000E+00   0.6969999E+00   0.0000000E+00   0.0000000E+00   0.5099993E-01   0.2879997E-01
   0.1100000E+00   0.6980000E+00   0.0000000E+00   0.0000000E+00   0.4479994E-01   0.2479998E-01
   0.1100000E+00   0.6989999E+00   0.0000000E+00   0.0000000E+00   0.4359994E-01   0.2339998E-01
   0.1100000E+00   0.6999999E+00   0.0000000E+00   0.0000000E+00   0.4259995E-01   0.2099998E-01
   0.1100000E+00   0.7009999E+00   0.0000000E+00   0.0000000E+00   0.4579994E-01   0.2359998E-01
   0.1100000E+00   0.7019999E+00   0.0000000E+00   0.0000000E+00   0.4099995E-01   0.2119998E-01
   0.1100000E+00   0.7029999E+00   0.0000000E+00   0.0000000E+00   0.3639996E-01   0.1599999E-01
   0.1100000E+00   0.7039999E+00   0.0000000E+00   0.0000000E+00   0.4299995E-01   0.2219998E-01
   0.1100000E+00   0.7049999E+00   0.0000000E+00   0.0000000E+00   0.4359994E-01   0.2359998E-01
   0.1100000E+00   0.7059999E+00   0.0000000E+00   0.0000000E+00   0.3579996E-01   0.1859999E-01
   0.1100000E+00   0.7070000E+00   0.0000000E+00   0.0000000E+00   0.3519996E-01   0.1779999E-01
   0.1100000E+00   0.7079999E+00   0.0000000E+00   0.0000000E+00   0.3599996E-01   0.1879999E-01
   0.1100000E+00   0.7089999E+00   0.0000000E+00   0.0000000E+00   0.3679996E-01   0.1599999E-01
   0.1100000E+00   0.7099999E+00   0.0000000E+00   0.0000000E+00   0.3159996E-01   0.1759999E-01
   0.1100000E+00   0.7109999E+00   0.0000000E+00   0.0000000E+00   0.3219996E-01   0.1659999E-01
   0.1100000E+00   0.7120000E+00   0.0000000E+00   0.0000000E+00   0.3479996E-01   0.1719999E-01
   0.1100000E+00   0.7129999E+00   0.0000000E+00   0.0000000E+00   0.3299996E-01   0.1599999E-01
   0.1100000E+00   0.7139999E+00   0.0000000E+00   0.0000000E+00   0.3639996E-01   0.1679999E-01
   0.1100000E+00   0.7149999E+00   0.0000000E+00   0.0000000E+00   0.3319996E-01   0.1899999E-01
   0.1100000E+00   0.7159999E+00   0.0000000E+00   0.0000000E+00   0.2899997E-01   0.1399999E-01
   0.1100000E+00   0.7169999E+00   0.0000000E+00   0.0000000E+00   0.3219996E-01   0.1919999E-01
   0.1100000E+00   0.7179999E+00   0.0000000E+00   0.0000000E+00   0.2639997E-01   0.1459999E-01
   0.1100000E+00   0.7189999E+00   0.0000000E+00   0.0000000E+00   0.2819997E-01   0.1160000E-01
   0.1100000E+00   0.7199999E+00   0.0000000E+00   0.0000000E+00   0.3219996E-01   0.1619999E-01
   0.1100000E+00   0.7210000E+00   0.0000000E+00   0.0000000E+00   0.2599997E-01   0.1359999E-01
   0.1100000E+00   0.7219999E+00   0.0000000E+00   0.0000000E+00   0.2659997E-01   0.1260000E-01
   0.1100000E+00   0.7229999E+00   0.0000000E+00   0.0000000E+00   0.2919997E-01   0.1419999E-01
   0.1100000E+00   0.7239999E+00   0.0000000E+00   0.0000000E+00   0.2479998E-01   0.1339999E-01
   0.1100000E+00   0.7249999E+00   0.0000000E+00   0.0000000E+00   0.2219998E-01   0.1300000E-01
   0.1100000E+00   0.7260000E+00   0.0000000E+00   0.0000000E+00   0.2379998E-01   0.1260000E-01
   0.1100000E+00   0.7269999E+00   0.0000000E+00   0.0000000E+00   0.2319998E-01   0.1260000E-01
   0.1100000E+00   0.7279999E+00   0.0000000E+00   0.0000000E+00   0.1999998E-01   0.1060000E-01
   0.1100000E+00   0.7289999E+00   0.0000000E+00   0.0000000E+00   0.2139998E-01   0.9800001E-02
   0.1100000E+00   0.7299999E+00   0.0000000E+00   0.0000000E+00   0.1779999E-01   0.1040000E-01
   0.1100000E+00   0.7309999E+00   0.0000000E+00   0.0000000E+00   0.1899999E-01   0.1020000E-01
   0.1100000E+00   0.7319999E+00   0.0000000E+00   0.0000000E+00   0.2059998E-01   0.8800003E-02
   0.1100000E+00   0.7329999E+00   0.0000000E+00   0.0000000E+00   0.1759999E-01   0.9200002E-02
   0.1100000E+00   0.7339999E+00   0.0000000E+00   0.0000000E+00   0.1719999E-01   0.8200004E-02
   0.1100000E+00   0.7350000E+00   0.0000000E+00   0.0000000E+00   0.1779999E-01   0.8800003E-02
   0.1100000E+00   0.7359999E+00   0.0000000E+00   0.0000000E+00   0.1719999E-01   0.6600003E-02
   0.1100000E+00   0.7369999E+00   0.0000000E+00   0.0000000E+00   0.1719999E-01   0.8200004E-02
   0.1100000E+00   0.7379999E+00   0.0000000E+00   0.0000000E+00   0.1899999E-01   0.1020000E-01
   0.1100000E+00   0.7389999E+00   0.0000000E+00   0.0000000E+00   0.1639999E-01   0.8200004E-02
   0.1100000E+00   0.7399999E+00   0.0000000E+00   0.0000000E+00   0.1639999E-01   0.8200004E-02
   0.1100000E+00   0.7409999E+00   0.0000000E+00   0.0000000E+00   0.1559999E-01   0.7600004E-02
   0.1100000E+00   0.7419999E+00   0.0000000E+00   0.0000000E+00   0.1479999E-01   0.7600004E-02
   0.1100000E+00   0.7429999E+00   0.0000000E+00   0.0000000E+00   0.1639999E-01   0.7000003E-02
   0.1100000E+00   0.7439999E+00   0.0000000E+00   0.0000000E+00   0.1200000E-01   0.4800002E-02
   0.1100000E+00   0.7449999E+00   0.0000000E+00   0.0000000E+00   0.1519999E-01   0.6800003E-02
   0.1100000E+00   0.7459999E+00   0.0000000E+00   0.0000000E+00   0.1439999E-01   0.6200003E-02
   0.1100000E+00   0.7469999E+00   0.0000000E+00   0.0000000E+00   0.1599999E-01   0.7800004E-02
   0.1100000E+00   0.7479999E+00   0.0000000E+00   0.0000000E+00   0.1399999E-01   0.6200003E-02
   0.1100000E+00   0.7490000E+00   0.0000000E+00   0.0000000E+00   0.1120000E-01   0.5200002E-02
   0.1100000E+00   0.7499999E+00   0.0000000E+00   0.0000000E+00   0.1120000E-01   0.5600003E-02
   0.1100000E+00   0.7509999E+00   0.0000000E+00   0.0000000E+00   0.8000004E-02   0.2800001E-02
   0.1100000E+00   0.7519999E+00   0.0000000E+00   0.0000000E+00   0.1020000E-01   0.5000002E-02
   0.1100000E+00   0.7529999E+00   0.0000000E+00   0.0000000E+00   0.1100000E-01   0.4800002E-02
   0.1100000E+00   0.7539999E+00   0.0000000E+00   0.0000000E+00   0.9400002E-02   0.5200002E-02
   0.1100000E+00   0.7549999E+00   0.0000000E+00   0.0000000E+00   0.9000002E-02   0.4400002E-02
   0.1100000E+00   0.7559999E+00   0.0000000E+00   0.0000000E+00   0.9800001E-02   0.4400002E-02
   0.1100000E+00   0.7569999E+00   0.0000000E+00   0.0000000E+00   0.1080000E-01   0.5400002E-02
   0.1100000E+00   0.7579999E+00   0.0000000E+00   0.0000000E+00   0.7000003E-02   0.3000001E-02
   0.1100000E+00   0.7589999E+00   0.0000000E+00   0.0000000E+00   0.9200002E-02   0.5200002E-02
   0.1100000E+00   0.7599999E+00   0.0000000E+00   0.0000000E+00   0.8600003E-02   0.4400002E-02
   0.1100000E+00   0.7609999E+00   0.0000000E+00   0.0000000E+00   0.5600003E-02   0.2600001E-02
   0.1100000E+00   0.7619999E+00   0.0000000E+00   0.0000000E+00   0.7600004E-02   0.4000002E-02
   0.1100000E+00   0.7630000E+00   0.0000000E+00   0.0000000E+00   0.8800003E-02   0.3600001E-02
   0.1100000E+00   0.7639999E+00   0.0000000E+00   0.0000000E+00   0.6600003E-02   0.3600001E-02
   0.1100000E+00   0.7649999E+00   0.0000000E+00   0.0000000E+00   0.8000004E-02   0.4000002E-02
   0.1100000E+00   0.7659999E+00   0.0000000E+00   0.0000000E+00   0.6200003E-02   0.2200000E-02
   0.1100000E+00   0.7669999E+00   0.0000000E+00   0.0000000E+00   0.4600002E-02   0.2200000E-02
   0.1100000E+00   0.7679999E+00   0.0000000E+00   0.0000000E+00   0.6600003E-02   0.3000001E-02
   0.1100000E+00   0.7689999E+00   0.0000000E+00   0.0000000E+00   0.9400002E-02   0.4200002E-02
   0.1100000E+00   0.7699999E+00   0.0000000E+00   0.0000000E+00   0.6400003E-02   0.3400001E-02
   0.1100000E+00   0.7709999E+00   0.0000000E+00   0.0000000E+00   0.5200002E-02   0.3400001E-02
   0.1100000E+00   0.7719999E+00   0.0000000E+00   0.0000000E+00   0.6800003E-02   0.3000001E-02
   0.1100000E+00   0.7729999E+00   0.0000000E+00   0.0000000E+00   0.6200003E-02   0.4000002E-02
   0.1100000E+00   0.7739999E+00   0.0000000E+00   0.0000000E+00   0.5800003E-02   0.3000001E-02
   0.1100000E+00   0.7749999E+00   0.0000000E+00   0.0000000E+00   0.5600003E-02   0.2400001E-02
   0.1100000E+00   0.7759999E+00   0.0000000E+00   0.0000000E+00   0.5400002E-02   0.1600000E-02
   0.1100000E+00   0.7770000E+00   0.0000000E+00   0.0000000E+00   0.6400003E-02   0.2400001E-02
   0.1100000E+00   0.7779999E+00   0.0000000E+00   0.0000000E+00   0.4600002E-02   0.2200000E-02
   0.1100000E+00   0.7789999E+00   0.0000000E+00   0.0000000E+00   0.2600001E-02   0.6000001E-03
   0.1100000E+00   0.7799999E+00   0.0000000E+00   0.0000000E+00   0.4600002E-02   0.2800001E-02
   0.1100000E+00   0.7809999E+00   0.0000000E+00   0.0000000E+00   0.6200003E-02   0.2600001E-02
   0.1100000E+00   0.7819999E+00   0.0000000E+00   0.0000000E+00   0.4600002E-02   0.2800001E-02
   0.1100000E+00   0.7829999E+00   0.0000000E+00   0.0000000E+00   0.4600002E-02   0.2800001E-02
   0.1100000E+00   0.7839999E+00   0.0000000E+00   0.0000000E+00   0.3800001E-02   0.1800000E-02
   0.1100000E+00   0.7849999E+00   0.0000000E+00   0.0000000E+00   0.3800001E-02   0.1800000E-02
   0.1100000E+00   0.7859999E+00   0.0000000E+00   0.0000000E+00   0.4400002E-02   0.2600001E-02
   0.1100000E+00   0.7869999E+00   0.0000000E+00   0.0000000E+00   0.4400002E-02   0.2200000E-02
   0.1100000E+00   0.7879999E+00   0.0000000E+00   0.0000000E+00   0.3000001E-02   0.1400000E-02
   0.1100000E+00   0.7889999E+00   0.0000000E+00   0.0000000E+00   0.3000001E-02   0.1400000E-02
   0.1100000E+00   0.7899999E+00   0.0000000E+00   0.0000000E+00   0.3800001E-02   0.2200000E-02
   0.1100000E+00   0.7909999E+00   0.0000000E+00   0.0000000E+00   0.2600001E-02   0.1400000E-02
   0.1100000E+00   0.7919999E+00   0.0000000E+00   0.0000000E+00   0.2600001E-02   0.1000000E-02
   0.1100000E+00   0.7929999E+00   0.0000000E+00   0.0000000E+00   0.2400001E-02   0.1600000E-02
   0.1100000E+00   0.7939999E+00   0.0000000E+00   0.0000000E+00   0.3400001E-02   0.1600000E-02
   0.1100000E+00   0.7949999E+00   0.0000000E+00   0.0000000E+00   0.1600000E-02   0.6000001E-03
   0.1100000E+00   0.7959999E+00   0.0000000E+00   0.0000000E+00   0.2400001E-02   0.1800000E-02
   0.1100000E+00   0.7969999E+00   0.0000000E+00   0.0000000E+00   0.1000000E-02   0.1000000E-02
   0.1100000E+00   0.7979999E+00   0.0000000E+00   0.0000000E+00   0.2000000E-02   0.1200000E-02
   0.1100000E+00   0.7989999E+00   0.0000000E+00   0.0000000E+00   0.2600001E-02   0.1200000E-02
   0.1100000E+00   0.7999999E+00   0.0000000E+00   0.0000000E+00   0.1800000E-02   0.6000001E-03
   0.1100000E+00   0.8009999E+00   0.0000000E+00   0.0000000E+00   0.2400001E-02   0.6000001E-03
   0.1100000E+00   0.8019999E+00   0.0000000E+00   0.0000000E+00   0.2200000E-02   0.8000001E-03
   0.1100000E+00   0.8029999E+00   0.0000000E+00   0.0000000E+00   0.6000001E-03   0.4000000E-03
   0.1100000E+00   0.8039999E+00   0.0000000E+00   0.0000000E+00   0.3400001E-02   0.1800000E-02
   0.1100000E+00   0.8049999E+00   0.0000000E+00   0.0000000E+00   0.1800000E-02   0.6000001E-03
   0.1100000E+00   0.8059999E+00   0.0000000E+00   0.0000000E+00   0.2200000E-02   0.1200000E-02
   0.1100000E+00   0.8069999E+00   0.0000000E+00   0.0000000E+00   0.1800000E-02   0.6000001E-03
   0.1100000E+00   0.8079999E+00   0.0000000E+00   0.0000000E+00   0.2400001E-02   0.1400000E-02
   0.1100000E+00   0.8089999E+00   0.0000000E+00   0.0000000E+00   0.1200000E-02   0.4000000E-03
   0.1100000E+00   0.8099999E+00   0.0000000E+00   0.0000000E+00   0.2600001E-02   0.6000001E-03
   0.1100000E+00   0.8109999E+00   0.0000000E+00   0.0000000E+00   0.1800000E-02   0.8000001E-03
   0.1100000E+00   0.8119999E+00   0.0000000E+00   0.0000000E+00   0.1200000E-02   0.8000001E-03
   0.1100000E+00   0.8129999E+00   0.0000000E+00   0.0000000E+00   0.1600000E-02   0.6000001E-03
   0.1100000E+00   0.8139999E+00   0.0000000E+00   0.0000000E+00   0.1000000E-02   0.2000000E-03
   0.1100000E+00   0.8149999E+00   0.0000000E+00   0.0000000E+00   0.4000000E-03   0.2000000E-03
   0.1100000E+00   0.8159999E+00   0.0000000E+00   0.0000000E+00   0.1400000E-02   0.8000001E-03
   0.1100000E+00   0.8169999E+00   0.0000000E+00   0.0000000E+00   0.8000001E-03   0.4000000E-03
   0.1100000E+00   0.8179999E+00   0.0000000E+00   0.0000000E+00   0.6000001E-03   0.4000000E-03
   0.1100000E+00   0.8189999E+00   0.0000000E+00   0.0000000E+00   0.1000000E-02   0.2000000E-03
   0.1100000E+00   0.8199999E+00   0.0000000E+00   0.0000000E+00   0.4000000E-03   0.2000000E-03
   0.1100000E+00   0.8209999E+00   0.0000000E+00   0.0000000E+00   0.1000000E-02   0.4000000E-03
   0.1100000E+00   0.8219999E+00   0.0000000E+00   0.0000000E+00   0.1600000E-02   0.6000001E-03
   0.1100000E+00   0.8229999E+00   0.0000000E+00   0.0000000E+00   0.1400000E-02   0.1000000E-02
   0.1100000E+00   0.8239999E+00   0.0000000E+00   0.0000000E+00   0.8000001E-03   0.4000000E-03
   0.1100000E+00   0.8249999E+00   0.0000000E+00   0.0000000E+00   0.2000000E-03   0.2000000E-03
   0.1100000E+00   0.8259999E+00   0.0000000E+00   0.0000000E+00   0.1800000E-02   0.1000000E-02
   0.1100000E+00   0.8269999E+00   0.0000000E+00   0.0000000E+00   0.2000000E-03   0.2000000E-03
   0.1100000E+00   0.8279999E+00   0.0000000E+00   0.0000000E+00   0.8000001E-03   0.6000001E-03
   0.1100000E+00   0.8289999E+00   0.0000000E+00   0.0000000E+00   0.4000000E-03   0.0000000E+00
   0.1100000E+00   0.8299999E+00   0.0000000E+00   0.0000000E+00   0.1000000E-02   0.6000001E-03
   0.1100000E+00   0.8309999E+00   0.0000000E+00   0.0000000E+00   0.0000000E+00   0.0000000E+00
   0.1100000E+00   0.8319999E+00   0.0000000E+00   0.0000000E+00   0.6000001E-03   0.6000001E-03
   0.1100000E+00   0.8329999E+00   0.0000000E+00   0.0000000E+00   0.0000000E+00   0.0000000E+00
   0.1100000E+00   0.8339999E+00   0.0000000E+00   0.0000000E+00   0.6000001E-03   0.4000000E-03
   0.1100000E+00   0.8349999E+00   0.0000000E+00   0.0000000E+00   0.6000001E-03   0.4000000E-03
   0.1100000E+00   0.8359999E+00   0.0000000E+00   0.0000000E+00   0.0000000E+00   0.0000000E+00
   0.1100000E+00   0.8369999E+00   0.0000000E+00   0.0000000E+00   0.6000001E-03   0.4000000E-03
   0.1100000E+00   0.8379999E+00   0.0000000E+00   0.0000000E+00   0.2000000E-03   0.2000000E-03
   0.1100000E+00   0.8389999E+00   0.0000000E+00   0.0000000E+00   0.0000000E+00   0.0000000E+00
   0.1100000E+00   0.8399999E+00   0.0000000E+00   0.0000000E+00   0.0000000E+00   0.0000000E+00
   0.1100000E+00   0.8409999E+00   0.0000000E+00   0.0000000E+00   0.2000000E-03   0.2000000E-03
   0.1100000E+00   0.8419999E+00   0.0000000E+00   0.0000000E+00   0.6000001E-03   0.4000000E-03
   0.1100000E+00   0.8429999E+00   0.0000000E+00   0.0000000E+00   0.2000000E-03   0.2000000E-03
   0.1100000E+00   0.8439999E+00   0.0000000E+00   0.0000000E+00   0.0000000E+00   0.0000000E+00
   0.1100000E+00   0.8449999E+00   0.0000000E+00   0.0000000E+00   0.2000000E-03   0.2000000E-03
   0.1100000E+00   0.8459999E+00   0.0000000E+00   0.0000000E+00   0.6000001E-03   0.4000000E-03
   0.1100000E+00   0.8469999E+00   0.0000000E+00   0.0000000E+00   0.2000000E-03   0.0000000E+00
   0.1100000E+00   0.8479999E+00   0.0000000E+00   0.0000000E+00   0.2000000E-03   0.0000000E+00
   0.1100000E+00   0.8489999E+00   0.0000000E+00   0.0000000E+00   0.4000000E-03   0.2000000E-03
   0.1100000E+00   0.8499999E+00   0.0000000E+00   0.0000000E+00   0.2000000E-03   0.0000000E+00
   0.1100000E+00   0.8509999E+00   0.0000000E+00   0.0000000E+00   0.4000000E-03   0.2000000E-03
   0.1100000E+00   0.8519999E+00   0.0000000E+00   0.0000000E+00   0.2000000E-03   0.2000000E-03
   0.1100000E+00   0.8529999E+00   0.0000000E+00   0.0000000E+00   0.0000000E+00   0.0000000E+00
   0.1100000E+00   0.8539999E+00   0.0000000E+00   0.0000000E+00   0.4000000E-03   0.2000000E-03
   0.1100000E+00   0.8549999E+00   0.0000000E+00   0.0000000E+00   0.0000000E+00   0.0000000E+00
   0.1100000E+00   0.8559999E+00   0.0000000E+00   0.0000000E+00   0.2000000E-03   0.2000000E-03
   0.1100000E+00   0.8569999E+00   0.0000000E+00   0.0000000E+00   0.2000000E-03   0.0000000E+00
   0.1100000E+00   0.8579999E+00   0.0000000E+00   0.0000000E+00   0.2000000E-03   0.0000000E+00
   0.1100000E+00   0.8589999E+00   0.0000000E+00   0.0000000E+00   0.0000000E+00   0.0000000E+00
   0.1100000E+00   0.8599999E+00   0.0000000E+00   0.0000000E+00   0.0000000E+00   0.0000000E+00
   0.1100000E+00   0.8609999E+00   0.0000000E+00   0.0000000E+00   0.2000000E-03   0.2000000E-03
   0.1100000E+00   0.8619999E+00   0.0000000E+00   0.0000000E+00   0.2000000E-03   0.0000000E+00
   0.1100000E+00   0.8629999E+00   0.0000000E+00   0.0000000E+00   0.0000000E+00   0.0000000E+00
   0.1100000E+00   0.8639999E+00   0.0000000E+00   0.0000000E+00   0.2000000E-03   0.0000000E+00
   0.1100000E+00   0.8649999E+00   0.0000000E+00   0.0000000E+00   0.0000000E+00   0.0000000E+00
   0.1100000E+00   0.8659999E+00   0.0000000E+00   0.0000000E+00   0.0000000E+00   0.0000000E+00
   0.1100000E+00   0.8669999E+00   0.0000000E+00   0.0000000E+00   0.0000000E+00   0.0000000E+00
   0.1100000E+00   0.8679999E+00   0.0000000E+00   0.0000000E+00   0.0000000E+00   0.0000000E+00
   0.1100000E+00   0.8689999E+00   0.0000000E+00   0.0000000E+00   0.0000000E+00   0.0000000E+00
   0.1100000E+00   0.8699999E+00   0.0000000E+00   0.0000000E+00   0.2000000E-03   0.0000000E+00
   0.1100000E+00   0.8709999E+00   0.0000000E+00   0.0000000E+00   0.0000000E+00   0.0000000E+00
   0.1100000E+00   0.8719999E+00   0.0000000E+00   0.0000000E+00   0.0000000E+00   0.0000000E+00
   0.1100000E+00   0.8729999E+00   0.0000000E+00   0.0000000E+00   0.0000000E+00   0.0000000E+00
   0.1100000E+00   0.8739999E+00   0.0000000E+00   0.0000000E+00   0.0000000E+00   0.0000000E+00
   0.1100000E+00   0.8749999E+00   0.0000000E+00   0.0000000E+00   0.0000000E+00   0.0000000E+00
   0.1100000E+00   0.8759999E+00   0.0000000E+00   0.0000000E+00   0.0000000E+00   0.0000000E+00
   0.1100000E+00   0.8769999E+00   0.0000000E+00   0.0000000E+00   0.0000000E+00   0.0000000E+00
   0.1100000E+00   0.8779999E+00   0.0000000E+00   0.0000000E+00   0.0000000E+00   0.0000000E+00
   0.1100000E+00   0.8789999E+00   0.0000000E+00   0.0000000E+00   0.0000000E+00   0.0000000E+00
   0.1100000E+00   0.8799999E+00   0.0000000E+00   0.0000000E+00   0.0000000E+00   0.0000000E+00
   0.1100000E+00   0.8809999E+00   0.0000000E+00   0.0000000E+00   0.0000000E+00   0.0000000E+00
   0.1100000E+00   0.8819999E+00   0.0000000E+00   0.0000000E+00   0.2000000E-03   0.0000000E+00
   0.1100000E+00   0.8829999E+00   0.0000000E+00   0.0000000E+00   0.0000000E+00   0.0000000E+00
   0.1100000E+00   0.8839999E+00   0.0000000E+00   0.0000000E+00   0.0000000E+00   0.0000000E+00
   0.1100000E+00   0.8849999E+00   0.0000000E+00   0.0000000E+00   0.0000000E+00   0.0000000E+00
   0.1100000E+00   0.8859999E+00   0.0000000E+00   0.0000000E+00   0.0000000E+00   0.0000000E+00
   0.1100000E+00   0.8869999E+00   0.0000000E+00   0.0000000E+00   0.0000000E+00   0.0000000E+00
   0.1100000E+00   0.8879999E+00   0.0000000E+00   0.0000000E+00   0.0000000E+00   0.0000000E+00
   0.1100000E+00   0.8889999E+00   0.0000000E+00   0.0000000E+00   0.0000000E+00   0.0000000E+00
   0.1100000E+00   0.8899999E+00   0.0000000E+00   0.0000000E+00   0.0000000E+00   0.0000000E+00
   0.1100000E+00   0.8909999E+00   0.0000000E+00   0.0000000E+00   0.0000000E+00   0.0000000E+00
   0.1100000E+00   0.8919999E+00   0.0000000E+00   0.0000000E+00   0.2000000E-03   0.2000000E-03
   0.1100000E+00   0.8929999E+00   0.0000000E+00   0.0000000E+00   0.0000000E+00   0.0000000E+00
   0.1100000E+00   0.8939999E+00   0.0000000E+00   0.0000000E+00   0.0000000E+00   0.0000000E+00
   0.1100000E+00   0.8949999E+00   0.0000000E+00   0.0000000E+00   0.0000000E+00   0.0000000E+00
   0.1100000E+00   0.8959999E+00   0.0000000E+00   0.0000000E+00   0.0000000E+00   0.0000000E+00
   0.1100000E+00   0.8969999E+00   0.0000000E+00   0.0000000E+00   0.0000000E+00   0.0000000E+00
   0.1100000E+00   0.8979999E+00   0.0000000E+00   0.0000000E+00   0.0000000E+00   0.0000000E+00
   0.1100000E+00   0.8989999E+00   0.0000000E+00   0.0000000E+00   0.0000000E+00   0.0000000E+00
   0.1100000E+00   0.8999999E+00   0.0000000E+00   0.0000000E+00   0.0000000E+00   0.0000000E+00
   0.1100000E+00   0.9009999E+00   0.0000000E+00   0.0000000E+00   0.0000000E+00   0.0000000E+00
   0.1100000E+00   0.9019999E+00   0.0000000E+00   0.0000000E+00   0.0000000E+00   0.0000000E+00
   0.1100000E+00   0.9029999E+00   0.0000000E+00   0.0000000E+00   0.0000000E+00   0.0000000E+00
   0.1100000E+00   0.9039999E+00   0.0000000E+00   0.0000000E+00   0.0000000E+00   0.0000000E+00
   0.1100000E+00   0.9049999E+00   0.0000000E+00   0.0000000E+00   0.0000000E+00   0.0000000E+00
   0.1100000E+00   0.9059999E+00   0.0000000E+00   0.0000000E+00   0.0000000E+00   0.0000000E+00
   0.1100000E+00   0.9069999E+00   0.0000000E+00   0.0000000E+00   0.0000000E+00   0.0000000E+00
   0.1100000E+00   0.9079999E+00   0.0000000E+00   0.0000000E+00   0.0000000E+00   0.0000000E+00
   0.1100000E+00   0.9089999E+00   0.0000000E+00   0.0000000E+00   0.0000000E+00   0.0000000E+00
   0.1100000E+00   0.9099999E+00   0.0000000E+00   0.0000000E+00   0.0000000E+00   0.0000000E+00
   0.1100000E+00   0.9109999E+00   0.0000000E+00   0.0000000E+00   0.0000000E+00   0.0000000E+00
   0.1100000E+00   0.9119999E+00   0.0000000E+00   0.0000000E+00   0.0000000E+00   0.0000000E+00
   0.1100000E+00   0.9129999E+00   0.0000000E+00   0.0000000E+00   0.0000000E+00   0.0000000E+00
   0.1100000E+00   0.9139999E+00   0.0000000E+00   0.0000000E+00   0.0000000E+00   0.0000000E+00
   0.1100000E+00   0.9149999E+00   0.0000000E+00   0.0000000E+00   0.2000000E-03   0.0000000E+00
   0.1100000E+00   0.9159999E+00   0.0000000E+00   0.0000000E+00   0.0000000E+00   0.0000000E+00
   0.1100000E+00   0.9169999E+00   0.0000000E+00   0.0000000E+00   0.0000000E+00   0.0000000E+00
   0.1100000E+00   0.9179999E+00   0.0000000E+00   0.0000000E+00   0.0000000E+00   0.0000000E+00
   0.1100000E+00   0.9189999E+00   0.0000000E+00   0.0000000E+00   0.0000000E+00   0.0000000E+00
   0.1100000E+00   0.9199999E+00   0.0000000E+00   0.0000000E+00   0.0000000E+00   0.0000000E+00
   0.1100000E+00   0.9209999E+00   0.0000000E+00   0.0000000E+00   0.0000000E+00   0.0000000E+00
   0.1100000E+00   0.9219999E+00   0.0000000E+00   0.0000000E+00   0.0000000E+00   0.0000000E+00
   0.1100000E+00   0.9229999E+00   0.0000000E+00   0.0000000E+00   0.0000000E+00   0.0000000E+00
   0.1100000E+00   0.9239999E+00   0.0000000E+00   0.0000000E+00   0.0000000E+00   0.0000000E+00
   0.1100000E+00   0.9249999E+00   0.0000000E+00   0.0000000E+00   0.0000000E+00   0.0000000E+00
   0.1100000E+00   0.9259999E+00   0.0000000E+00   0.0000000E+00   0.0000000E+00   0.0000000E+00
   0.1100000E+00   0.9269999E+00   0.0000000E+00   0.0000000E+00   0.0000000E+00   0.0000000E+00
   0.1100000E+00   0.9279999E+00   0.0000000E+00   0.0000000E+00   0.0000000E+00   0.0000000E+00
   0.1100000E+00   0.9289999E+00   0.0000000E+00   0.0000000E+00   0.0000000E+00   0.0000000E+00
   0.1100000E+00   0.9299999E+00   0.0000000E+00   0.0000000E+00   0.0000000E+00   0.0000000E+00
   0.1100000E+00   0.9309999E+00   0.0000000E+00   0.0000000E+00   0.0000000E+00   0.0000000E+00
   0.1100000E+00   0.9319999E+00   0.0000000E+00   0.0000000E+00   0.0000000E+00   0.0000000E+00
   0.1100000E+00   0.9329999E+00   0.0000000E+00   0.0000000E+00   0.0000000E+00   0.0000000E+00
   0.1100000E+00   0.9339999E+00   0.0000000E+00   0.0000000E+00   0.0000000E+00   0.0000000E+00
   0.1100000E+00   0.9349999E+00   0.0000000E+00   0.0000000E+00   0.0000000E+00   0.0000000E+00
   0.1100000E+00   0.9359999E+00   0.0000000E+00   0.0000000E+00   0.0000000E+00   0.0000000E+00
   0.1100000E+00   0.9369999E+00   0.0000000E+00   0.0000000E+00   0.0000000E+00   0.0000000E+00
   0.1100000E+00   0.9379999E+00   0.0000000E+00   0.0000000E+00   0.0000000E+00   0.0000000E+00
   0.1100000E+00   0.9389999E+00   0.0000000E+00   0.0000000E+00   0.0000000E+00   0.0000000E+00
   0.1100000E+00   0.9399999E+00   0.0000000E+00   0.0000000E+00   0.0000000E+00   0.0000000E+00
   0.1100000E+00   0.9409999E+00   0.0000000E+00   0.0000000E+00   0.0000000E+00   0.0000000E+00
   0.1100000E+00   0.9419999E+00   0.0000000E+00   0.0000000E+00   0.0000000E+00   0.0000000E+00
   0.1100000E+00   0.9429999E+00   0.0000000E+00   0.0000000E+00   0.0000000E+00   0.0000000E+00
   0.1100000E+00   0.9439999E+00   0.0000000E+00   0.0000000E+00   0.0000000E+00   0.0000000E+00
   0.1100000E+00   0.9449999E+00   0.0000000E+00   0.0000000E+00   0.0000000E+00   0.0000000E+00
   0.1100000E+00   0.9459999E+00   0.0000000E+00   0.0000000E+00   0.0000000E+00   0.0000000E+00
   0.1100000E+00   0.9469999E+00   0.0000000E+00   0.0000000E+00   0.0000000E+00   0.0000000E+00
   0.1100000E+00   0.9479999E+00   0.0000000E+00   0.0000000E+00   0.0000000E+00   0.0000000E+00
   0.1100000E+00   0.9489999E+00   0.0000000E+00   0.0000000E+00   0.0000000E+00   0.0000000E+00
   0.1100000E+00   0.9499999E+00   0.0000000E+00   0.0000000E+00   0.0000000E+00   0.0000000E+00
   0.1100000E+00   0.9509999E+00   0.0000000E+00   0.0000000E+00   0.0000000E+00   0.0000000E+00
   0.1100000E+00   0.9519999E+00   0.0000000E+00   0.0000000E+00   0.0000000E+00   0.0000000E+00
   0.1100000E+00   0.9529999E+00   0.0000000E+00   0.0000000E+00   0.0000000E+00   0.0000000E+00
   0.1100000E+00   0.9539999E+00   0.0000000E+00   0.0000000E+00   0.0000000E+00   0.0000000E+00
   0.1100000E+00   0.9549999E+00   0.0000000E+00   0.0000000E+00   0.0000000E+00   0.0000000E+00
   0.1100000E+00   0.9559999E+00   0.0000000E+00   0.0000000E+00   0.0000000E+00   0.0000000E+00
   0.1100000E+00   0.9569999E+00   0.0000000E+00   0.0000000E+00   0.0000000E+00   0.0000000E+00
   0.1100000E+00   0.9579999E+00   0.0000000E+00   0.0000000E+00   0.0000000E+00   0.0000000E+00
   0.1100000E+00   0.9589999E+00   0.0000000E+00   0.0000000E+00   0.0000000E+00   0.0000000E+00
   0.1100000E+00   0.9599999E+00   0.0000000E+00   0.0000000E+00   0.0000000E+00   0.0000000E+00
   0.1100000E+00   0.9609999E+00   0.0000000E+00   0.0000000E+00   0.0000000E+00   0.0000000E+00
   0.1100000E+00   0.9619999E+00   0.0000000E+00   0.0000000E+00   0.0000000E+00   0.0000000E+00
   0.1100000E+00   0.9629999E+00   0.0000000E+00   0.0000000E+00   0.0000000E+00   0.0000000E+00
   0.1100000E+00   0.9639999E+00   0.0000000E+00   0.0000000E+00   0.0000000E+00   0.0000000E+00
   0.1100000E+00   0.9649999E+00   0.0000000E+00   0.0000000E+00   0.0000000E+00   0.0000000E+00
   0.1100000E+00   0.9659999E+00   0.0000000E+00   0.0000000E+00   0.0000000E+00   0.0000000E+00
   0.1100000E+00   0.9669999E+00   0.0000000E+00   0.0000000E+00   0.0000000E+00   0.0000000E+00
   0.1100000E+00   0.9679999E+00   0.0000000E+00   0.0000000E+00   0.0000000E+00   0.0000000E+00
   0.1100000E+00   0.9689999E+00   0.0000000E+00   0.0000000E+00   0.0000000E+00   0.0000000E+00
   0.1100000E+00   0.9699999E+00   0.0000000E+00   0.0000000E+00   0.0000000E+00   0.0000000E+00
   0.1100000E+00   0.9709999E+00   0.0000000E+00   0.0000000E+00   0.0000000E+00   0.0000000E+00
   0.1100000E+00   0.9719999E+00   0.0000000E+00   0.0000000E+00   0.0000000E+00   0.0000000E+00
   0.1100000E+00   0.9729999E+00   0.0000000E+00   0.0000000E+00   0.0000000E+00   0.0000000E+00
   0.1100000E+00   0.9739999E+00   0.0000000E+00   0.0000000E+00   0.0000000E+00   0.0000000E+00
   0.1100000E+00   0.9749999E+00   0.0000000E+00   0.0000000E+00   0.0000000E+00   0.0000000E+00
   0.1100000E+00   0.9759999E+00   0.0000000E+00   0.0000000E+00   0.0000000E+00   0.0000000E+00
   0.1100000E+00   0.9769999E+00   0.0000000E+00   0.0000000E+00   0.0000000E+00   0.0000000E+00
   0.1100000E+00   0.9779999E+00   0.0000000E+00   0.0000000E+00   0.0000000E+00   0.0000000E+00
   0.1100000E+00   0.9789999E+00   0.0000000E+00   0.0000000E+00   0.0000000E+00   0.0000000E+00
   0.1100000E+00   0.9799999E+00   0.0000000E+00   0.0000000E+00   0.0000000E+00   0.0000000E+00
   0.1100000E+00   0.9809999E+00   0.0000000E+00   0.0000000E+00   0.0000000E+00   0.0000000E+00
   0.1100000E+00   0.9819999E+00   0.0000000E+00   0.0000000E+00   0.0000000E+00   0.0000000E+00
   0.1100000E+00   0.9829999E+00   0.0000000E+00   0.0000000E+00   0.0000000E+00   0.0000000E+00
   0.1100000E+00   0.9839999E+00   0.0000000E+00   0.0000000E+00   0.0000000E+00   0.0000000E+00
   0.1100000E+00   0.9849999E+00   0.0000000E+00   0.0000000E+00   0.0000000E+00   0.0000000E+00
   0.1100000E+00   0.9859999E+00   0.0000000E+00   0.0000000E+00   0.0000000E+00   0.0000000E+00
   0.1100000E+00   0.9869999E+00   0.0000000E+00   0.0000000E+00   0.0000000E+00   0.0000000E+00
   0.1100000E+00   0.9879999E+00   0.0000000E+00   0.0000000E+00   0.0000000E+00   0.0000000E+00
   0.1100000E+00   0.9889999E+00   0.0000000E+00   0.0000000E+00   0.0000000E+00   0.0000000E+00
   0.1100000E+00   0.9899999E+00   0.0000000E+00   0.0000000E+00   0.0000000E+00   0.0000000E+00
   0.1100000E+00   0.9909999E+00   0.0000000E+00   0.0000000E+00   0.0000000E+00   0.0000000E+00
   0.1100000E+00   0.9919999E+00   0.0000000E+00   0.0000000E+00   0.0000000E+00   0.0000000E+00
   0.1100000E+00   0.9929999E+00   0.0000000E+00   0.0000000E+00   0.0000000E+00   0.0000000E+00
   0.1100000E+00   0.9939999E+00   0.0000000E+00   0.0000000E+00   0.0000000E+00   0.0000000E+00
   0.1100000E+00   0.9949999E+00   0.0000000E+00   0.0000000E+00   0.0000000E+00   0.0000000E+00
   0.1100000E+00   0.9959999E+00   0.0000000E+00   0.0000000E+00   0.0000000E+00   0.0000000E+00
   0.1100000E+00   0.9969999E+00   0.0000000E+00   0.0000000E+00   0.0000000E+00   0.0000000E+00
   0.1100000E+00   0.9979999E+00   0.0000000E+00   0.0000000E+00   0.0000000E+00   0.0000000E+00
   0.1100000E+00   0.9989999E+00   0.0000000E+00   0.0000000E+00   0.0000000E+00   0.0000000E+00
   0.1100000E+00   0.9999999E+00   0.0000000E+00   0.0000000E+00   0.0000000E+00   0.0000000E+00

