   0.1500000E+00  -0.5820766E-10   0.5373743E+02   0.1813249E+03   0.3617375E+01   0.6071489E+02
   0.1500000E+00   0.9999999E-03   0.9400044E-01   0.5799992E-01   0.7600004E-02   0.4099995E-01
   0.1500000E+00   0.2000000E-02   0.1864020E+00   0.1116007E+00   0.1639999E-01   0.8500029E-01
   0.1500000E+00   0.3000000E-02   0.2170025E+00   0.1308011E+00   0.1799999E-01   0.9680049E-01
   0.1500000E+00   0.4000000E-02   0.2682034E+00   0.1546015E+00   0.1999998E-01   0.1206009E+00
   0.1500000E+00   0.4999999E-02   0.2942038E+00   0.1854020E+00   0.2799997E-01   0.1300011E+00
   0.1500000E+00   0.6000000E-02   0.3130041E+00   0.1990022E+00   0.2599997E-01   0.1386012E+00
   0.1500000E+00   0.6999999E-02   0.3560049E+00   0.2178025E+00   0.2899997E-01   0.1552015E+00
   0.1500000E+00   0.7999999E-02   0.4182059E+00   0.2494031E+00   0.3099997E-01   0.1844020E+00
   0.1500000E+00   0.9000000E-02   0.4566066E+00   0.2732035E+00   0.3739996E-01   0.2090024E+00
   0.1500000E+00   0.9999999E-02   0.4808070E+00   0.2892037E+00   0.4359994E-01   0.2076024E+00
   0.1500000E+00   0.1100000E-01   0.5410019E+00   0.3350045E+00   0.3939995E-01   0.2362029E+00
   0.1500000E+00   0.1200000E-01   0.5829963E+00   0.3632050E+00   0.4859994E-01   0.2564032E+00
   0.1500000E+00   0.1300000E-01   0.6397888E+00   0.3816053E+00   0.5419993E-01   0.2752035E+00
   0.1500000E+00   0.1400000E-01   0.7049802E+00   0.4006056E+00   0.5319993E-01   0.3006039E+00
   0.1500000E+00   0.1500000E-01   0.7613727E+00   0.4348062E+00   0.6379993E-01   0.3220043E+00
   0.1500000E+00   0.1600000E-01   0.7901689E+00   0.4782069E+00   0.6139991E-01   0.3516048E+00
   0.1500000E+00   0.1700000E-01   0.8265641E+00   0.4900071E+00   0.5539992E-01   0.3486047E+00
   0.1500000E+00   0.1800000E-01   0.8583599E+00   0.5108058E+00   0.6559996E-01   0.3884054E+00
   0.1500000E+00   0.1900000E-01   0.8373627E+00   0.5166051E+00   0.6579997E-01   0.3674051E+00
   0.1500000E+00   0.2000000E-01   0.8315635E+00   0.5152053E+00   0.7320009E-01   0.3692051E+00
   0.1500000E+00   0.2100000E-01   0.7965681E+00   0.4822070E+00   0.6619997E-01   0.3600049E+00
   0.1500000E+00   0.2200000E-01   0.7743710E+00   0.4590066E+00   0.5999992E-01   0.3346045E+00
   0.1500000E+00   0.2300000E-01   0.8013675E+00   0.4644067E+00   0.5919992E-01   0.3484047E+00
   0.1500000E+00   0.2400000E-01   0.8179653E+00   0.5036068E+00   0.6299992E-01   0.3580049E+00
   0.1500000E+00   0.2500000E-01   0.8805570E+00   0.5336028E+00   0.7040004E-01   0.3936055E+00
   0.1500000E+00   0.2600000E-01   0.9003544E+00   0.5450013E+00   0.7000004E-01   0.3966056E+00
   0.1500000E+00   0.2700000E-01   0.1006542E+01   0.5643988E+00   0.8160023E-01   0.4172059E+00
   0.1500000E+00   0.2800000E-01   0.1006542E+01   0.5829963E+00   0.8400027E-01   0.4330062E+00
   0.1500000E+00   0.2900000E-01   0.1026746E+01   0.5915952E+00   0.8100022E-01   0.4500065E+00
   0.1500000E+00   0.3000000E-01   0.1062952E+01   0.6075931E+00   0.9580047E-01   0.4608066E+00
   0.1500000E+00   0.3100000E-01   0.1046549E+01   0.6503874E+00   0.8760034E-01   0.4598066E+00
   0.1500000E+00   0.3200000E-01   0.1086956E+01   0.6275904E+00   0.8900036E-01   0.4740069E+00
   0.1500000E+00   0.3300000E-01   0.1122962E+01   0.6547868E+00   0.9380044E-01   0.4954072E+00
   0.1500000E+00   0.3400000E-01   0.1133563E+01   0.6655854E+00   0.9640048E-01   0.4884071E+00
   0.1500000E+00   0.3500000E-01   0.1154367E+01   0.6697848E+00   0.9640048E-01   0.4970073E+00
   0.1500000E+00   0.3599999E-01   0.1142165E+01   0.6749842E+00   0.8700033E-01   0.5022070E+00
   0.1500000E+00   0.3700000E-01   0.1110960E+01   0.6641856E+00   0.9840052E-01   0.5014071E+00
   0.1500000E+00   0.3800000E-01   0.1152166E+01   0.7187784E+00   0.9880053E-01   0.5130056E+00
   0.1500000E+00   0.3900000E-01   0.1225779E+01   0.7145789E+00   0.9380044E-01   0.5266038E+00
   0.1500000E+00   0.4000000E-01   0.1209976E+01   0.7363760E+00   0.1022006E+00   0.5320030E+00
   0.1500000E+00   0.4100000E-01   0.1247982E+01   0.7555735E+00   0.1066007E+00   0.5657986E+00
   0.1500000E+00   0.4200000E-01   0.1298191E+01   0.7665721E+00   0.1104007E+00   0.5811965E+00
   0.1500000E+00   0.4300000E-01   0.1316594E+01   0.7857695E+00   0.1076007E+00   0.5847961E+00
   0.1500000E+00   0.4400000E-01   0.1342198E+01   0.7659721E+00   0.1202009E+00   0.5735976E+00
   0.1500000E+00   0.4499999E-01   0.1360201E+01   0.8077666E+00   0.1112007E+00   0.5941948E+00
   0.1500000E+00   0.4600000E-01   0.1323595E+01   0.8005676E+00   0.1094007E+00   0.5939949E+00
   0.1500000E+00   0.4699999E-01   0.1410809E+01   0.7957682E+00   0.1120007E+00   0.6103927E+00
   0.1500000E+00   0.4800000E-01   0.1407609E+01   0.8047670E+00   0.1174008E+00   0.6031936E+00
   0.1500000E+00   0.4899999E-01   0.1442815E+01   0.8303636E+00   0.1214009E+00   0.6267905E+00
   0.1500000E+00   0.5000000E-01   0.1472620E+01   0.8559602E+00   0.1166008E+00   0.6303900E+00
   0.1500000E+00   0.5100000E-01   0.1464018E+01   0.8577600E+00   0.1294010E+00   0.6445882E+00
   0.1500000E+00   0.5199999E-01   0.1532630E+01   0.8815569E+00   0.1312011E+00   0.6621858E+00
   0.1500000E+00   0.5300000E-01   0.1529229E+01   0.8629593E+00   0.1318011E+00   0.6663853E+00
   0.1500000E+00   0.5399999E-01   0.1597040E+01   0.8843565E+00   0.1344011E+00   0.6899822E+00
   0.1500000E+00   0.5500000E-01   0.1617444E+01   0.8701584E+00   0.1346011E+00   0.6833830E+00
   0.1500000E+00   0.5599999E-01   0.1604642E+01   0.8819568E+00   0.1260010E+00   0.6869826E+00
   0.1500000E+00   0.5700000E-01   0.1610042E+01   0.9119529E+00   0.1440013E+00   0.7025805E+00
   0.1500000E+00   0.5799999E-01   0.1703658E+01   0.9337500E+00   0.1406012E+00   0.7321766E+00
   0.1500000E+00   0.5900000E-01   0.1677254E+01   0.9515476E+00   0.1426013E+00   0.7271773E+00
   0.1500000E+00   0.5999999E-01   0.1695257E+01   0.9593466E+00   0.1430013E+00   0.7435751E+00
   0.1500000E+00   0.6099999E-01   0.1707459E+01   0.9787440E+00   0.1532014E+00   0.7447749E+00
   0.1500000E+00   0.6200000E-01   0.1737864E+01   0.9855431E+00   0.1546015E+00   0.7463747E+00
   0.1500000E+00   0.6299999E-01   0.1803675E+01   0.9803438E+00   0.1576015E+00   0.7711715E+00
   0.1500000E+00   0.6400000E-01   0.1811076E+01   0.1032347E+01   0.1498014E+00   0.7919687E+00
   0.1500000E+00   0.6500000E-01   0.1832679E+01   0.1009743E+01   0.1512014E+00   0.7801703E+00
   0.1500000E+00   0.6599999E-01   0.1858484E+01   0.1007542E+01   0.1566015E+00   0.7903689E+00
   0.1500000E+00   0.6699999E-01   0.1954700E+01   0.1052950E+01   0.1656017E+00   0.8429620E+00
   0.1500000E+00   0.6800000E-01   0.1942098E+01   0.1049950E+01   0.1686017E+00   0.8319634E+00
   0.1500000E+00   0.6899999E-01   0.1931296E+01   0.1050350E+01   0.1674017E+00   0.8355629E+00
   0.1500000E+00   0.6999999E-01   0.2013109E+01   0.1064552E+01   0.1734018E+00   0.8627594E+00
   0.1500000E+00   0.7099999E-01   0.2066718E+01   0.1090356E+01   0.1786019E+00   0.8865562E+00
   0.1500000E+00   0.7200000E-01   0.1985905E+01   0.1107959E+01   0.1724018E+00   0.8577600E+00
   0.1500000E+00   0.7299999E-01   0.2042314E+01   0.1138364E+01   0.1780019E+00   0.8745578E+00
   0.1500000E+00   0.7399999E-01   0.2059717E+01   0.1163968E+01   0.1836020E+00   0.9055537E+00
   0.1500000E+00   0.7500000E-01   0.2120727E+01   0.1156167E+01   0.1832020E+00   0.9057537E+00
   0.1500000E+00   0.7599999E-01   0.2150132E+01   0.1161568E+01   0.1902021E+00   0.9295505E+00
   0.1500000E+00   0.7699999E-01   0.2111326E+01   0.1196374E+01   0.1910021E+00   0.9325501E+00
   0.1500000E+00   0.7799999E-01   0.2177536E+01   0.1176771E+01   0.1908021E+00   0.9487480E+00
   0.1500000E+00   0.7900000E-01   0.2186738E+01   0.1194373E+01   0.2026023E+00   0.9469482E+00
   0.1500000E+00   0.7999999E-01   0.2268552E+01   0.1224178E+01   0.2022023E+00   0.9719449E+00
   0.1500000E+00   0.8099999E-01   0.2302957E+01   0.1251383E+01   0.2092024E+00   0.9769443E+00
   0.1500000E+00   0.8199999E-01   0.2336563E+01   0.1221178E+01   0.2064023E+00   0.9989414E+00
   0.1500000E+00   0.8300000E-01   0.2294556E+01   0.1264785E+01   0.2046023E+00   0.9857431E+00
   0.1500000E+00   0.8399999E-01   0.2354366E+01   0.1265785E+01   0.2238026E+00   0.1011743E+01
   0.1500000E+00   0.8499999E-01   0.2352566E+01   0.1270986E+01   0.2144025E+00   0.9989414E+00
   0.1500000E+00   0.8600000E-01   0.2407775E+01   0.1301991E+01   0.2268027E+00   0.1073353E+01
   0.1500000E+00   0.8699999E-01   0.2439580E+01   0.1315194E+01   0.2240026E+00   0.1040148E+01
   0.1500000E+00   0.8799999E-01   0.2424778E+01   0.1336797E+01   0.2254027E+00   0.1051350E+01
   0.1500000E+00   0.8899999E-01   0.2497390E+01   0.1319594E+01   0.2262027E+00   0.1080155E+01
   0.1500000E+00   0.9000000E-01   0.2526994E+01   0.1342198E+01   0.2276027E+00   0.1069353E+01
   0.1500000E+00   0.9099999E-01   0.2476386E+01   0.1350199E+01   0.2284027E+00   0.1058751E+01
   0.1500000E+00   0.9199999E-01   0.2546798E+01   0.1379204E+01   0.2406029E+00   0.1075154E+01
   0.1500000E+00   0.9299999E-01   0.2609208E+01   0.1379604E+01   0.2436030E+00   0.1125762E+01
   0.1500000E+00   0.9399999E-01   0.2619010E+01   0.1396207E+01   0.2486031E+00   0.1109959E+01
   0.1500000E+00   0.9499999E-01   0.2661417E+01   0.1409609E+01   0.2396029E+00   0.1137564E+01
   0.1500000E+00   0.9599999E-01   0.2698823E+01   0.1432013E+01   0.2558032E+00   0.1164369E+01
   0.1500000E+00   0.9700000E-01   0.2696023E+01   0.1440814E+01   0.2468030E+00   0.1181171E+01
   0.1500000E+00   0.9799999E-01   0.2776836E+01   0.1474420E+01   0.2440030E+00   0.1167769E+01
   0.1500000E+00   0.9899999E-01   0.2743430E+01   0.1476620E+01   0.2518031E+00   0.1194574E+01
   0.1500000E+00   0.9999999E-01   0.2789638E+01   0.1468019E+01   0.2644033E+00   0.1187172E+01
   0.1500000E+00   0.1010000E+00   0.2874252E+01   0.1527229E+01   0.2638033E+00   0.1255584E+01
   0.1500000E+00   0.1020000E+00   0.2813042E+01   0.1484622E+01   0.2674034E+00   0.1205975E+01
   0.1500000E+00   0.1030000E+00   0.2897056E+01   0.1528429E+01   0.2848037E+00   0.1226779E+01
   0.1500000E+00   0.1040000E+00   0.2916859E+01   0.1513426E+01   0.2726035E+00   0.1251183E+01
   0.1500000E+00   0.1050000E+00   0.2930861E+01   0.1545632E+01   0.2754035E+00   0.1239581E+01
   0.1500000E+00   0.1060000E+00   0.2937863E+01   0.1581438E+01   0.2782035E+00   0.1273787E+01
   0.1500000E+00   0.1070000E+00   0.2957266E+01   0.1565835E+01   0.2860037E+00   0.1273787E+01
   0.1500000E+00   0.1080000E+00   0.2992672E+01   0.1596040E+01   0.2804036E+00   0.1303792E+01
   0.1500000E+00   0.1090000E+00   0.3049681E+01   0.1556234E+01   0.2910038E+00   0.1304992E+01
   0.1500000E+00   0.1100000E+00   0.3027277E+01   0.1584438E+01   0.2804036E+00   0.1297791E+01
   0.1500000E+00   0.1110000E+00   0.3068084E+01   0.1595440E+01   0.2960038E+00   0.1291790E+01
   0.1500000E+00   0.1120000E+00   0.3016876E+01   0.1615443E+01   0.3002039E+00   0.1330996E+01
   0.1500000E+00   0.1130000E+00   0.3057082E+01   0.1630846E+01   0.3080041E+00   0.1304992E+01
   0.1500000E+00   0.1140000E+00   0.3068684E+01   0.1659051E+01   0.2950038E+00   0.1313393E+01
   0.1500000E+00   0.1150000E+00   0.3142297E+01   0.1651449E+01   0.3106041E+00   0.1349399E+01
   0.1500000E+00   0.1160000E+00   0.3104690E+01   0.1639847E+01   0.3106041E+00   0.1364602E+01
   0.1500000E+00   0.1170000E+00   0.3179103E+01   0.1666452E+01   0.3030040E+00   0.1348999E+01
   0.1500000E+00   0.1180000E+00   0.3178503E+01   0.1665852E+01   0.3150042E+00   0.1381605E+01
   0.1500000E+00   0.1190000E+00   0.3150098E+01   0.1651449E+01   0.3140042E+00   0.1343198E+01
   0.1500000E+00   0.1200000E+00   0.3175502E+01   0.1661251E+01   0.3250043E+00   0.1375604E+01
   0.1500000E+00   0.1210000E+00   0.3193505E+01   0.1677454E+01   0.3174042E+00   0.1363602E+01
   0.1500000E+00   0.1220000E+00   0.3183903E+01   0.1627645E+01   0.3148042E+00   0.1345399E+01
   0.1500000E+00   0.1230000E+00   0.3222510E+01   0.1656050E+01   0.3262044E+00   0.1375404E+01
   0.1500000E+00   0.1240000E+00   0.3129894E+01   0.1626445E+01   0.3294044E+00   0.1361801E+01
   0.1500000E+00   0.1250000E+00   0.3205307E+01   0.1680254E+01   0.3352045E+00   0.1360801E+01
   0.1500000E+00   0.1260000E+00   0.3107691E+01   0.1682254E+01   0.3268044E+00   0.1378804E+01
   0.1500000E+00   0.1270000E+00   0.3226110E+01   0.1613043E+01   0.3366045E+00   0.1346599E+01
   0.1500000E+00   0.1280000E+00   0.3181303E+01   0.1635447E+01   0.3236043E+00   0.1364402E+01
   0.1500000E+00   0.1290000E+00   0.3123693E+01   0.1635847E+01   0.3354045E+00   0.1336597E+01
   0.1500000E+00   0.1300000E+00   0.3163900E+01   0.1600241E+01   0.3356045E+00   0.1353600E+01
   0.1500000E+00   0.1310000E+00   0.3132095E+01   0.1620044E+01   0.3456047E+00   0.1359801E+01
   0.1500000E+00   0.1320000E+00   0.3088088E+01   0.1643848E+01   0.3374045E+00   0.1346999E+01
   0.1500000E+00   0.1330000E+00   0.3105090E+01   0.1615043E+01   0.3362045E+00   0.1358601E+01
   0.1500000E+00   0.1340000E+00   0.3128094E+01   0.1574637E+01   0.3352045E+00   0.1338797E+01
   0.1500000E+00   0.1350000E+00   0.3048481E+01   0.1563635E+01   0.3418046E+00   0.1324995E+01
   0.1500000E+00   0.1360000E+00   0.3023277E+01   0.1542231E+01   0.3342045E+00   0.1298991E+01
   0.1500000E+00   0.1370000E+00   0.3010875E+01   0.1553833E+01   0.3454047E+00   0.1333597E+01
   0.1500000E+00   0.1380000E+00   0.2985271E+01   0.1506625E+01   0.3336045E+00   0.1324195E+01
   0.1500000E+00   0.1390000E+00   0.2986671E+01   0.1490823E+01   0.3148042E+00   0.1259584E+01
   0.1500000E+00   0.1400000E+00   0.2985871E+01   0.1516027E+01   0.3398046E+00   0.1306192E+01
   0.1500000E+00   0.1410000E+00   0.2924660E+01   0.1482021E+01   0.3416046E+00   0.1264185E+01
   0.1500000E+00   0.1420000E+00   0.2950865E+01   0.1441014E+01   0.3250043E+00   0.1256384E+01
   0.1500000E+00   0.1430000E+00   0.2878253E+01   0.1399608E+01   0.3130041E+00   0.1216977E+01
   0.1500000E+00   0.1440000E+00   0.2869651E+01   0.1388806E+01   0.3312044E+00   0.1213977E+01
   0.1500000E+00   0.1450000E+00   0.2826644E+01   0.1406009E+01   0.3312044E+00   0.1226779E+01
   0.1500000E+00   0.1460000E+00   0.2806241E+01   0.1372003E+01   0.3548048E+00   0.1217577E+01
   0.1500000E+00   0.1470000E+00   0.2779836E+01   0.1366002E+01   0.3374045E+00   0.1204175E+01
   0.1500000E+00   0.1480000E+00   0.2822043E+01   0.1368802E+01   0.3274044E+00   0.1216377E+01
   0.1500000E+00   0.1490000E+00   0.2789038E+01   0.1359201E+01   0.3290044E+00   0.1198774E+01
   0.1500000E+00   0.1500000E+00   0.2849048E+01   0.1372403E+01   0.3374045E+00   0.1217777E+01
   0.1500000E+00   0.1510000E+00   0.2855449E+01   0.1358801E+01   0.3570049E+00   0.1222778E+01
   0.1500000E+00   0.1520000E+00   0.2850048E+01   0.1407609E+01   0.3628050E+00   0.1253783E+01
   0.1500000E+00   0.1530000E+00   0.2881853E+01   0.1386005E+01   0.3464047E+00   0.1245582E+01
   0.1500000E+00   0.1540000E+00   0.2882453E+01   0.1423011E+01   0.3506048E+00   0.1255184E+01
   0.1500000E+00   0.1550000E+00   0.2925461E+01   0.1428012E+01   0.3696051E+00   0.1278988E+01
   0.1500000E+00   0.1560000E+00   0.2946664E+01   0.1419411E+01   0.3650050E+00   0.1283188E+01
   0.1500000E+00   0.1570000E+00   0.2969668E+01   0.1458617E+01   0.3724051E+00   0.1291390E+01
   0.1500000E+00   0.1580000E+00   0.2932062E+01   0.1429412E+01   0.3756052E+00   0.1287789E+01
   0.1500000E+00   0.1590000E+00   0.2968868E+01   0.1451216E+01   0.3706051E+00   0.1288789E+01
   0.1500000E+00   0.1600000E+00   0.2979069E+01   0.1472620E+01   0.3684051E+00   0.1282588E+01
   0.1500000E+00   0.1610000E+00   0.2981870E+01   0.1470019E+01   0.3896054E+00   0.1315394E+01
   0.1500000E+00   0.1620000E+00   0.3069484E+01   0.1461418E+01   0.3852054E+00   0.1326195E+01
   0.1500000E+00   0.1630000E+00   0.3079486E+01   0.1474220E+01   0.3882054E+00   0.1343998E+01
   0.1500000E+00   0.1640000E+00   0.3044280E+01   0.1533030E+01   0.3884054E+00   0.1343998E+01
   0.1500000E+00   0.1650000E+00   0.3134295E+01   0.1484022E+01   0.3866054E+00   0.1343998E+01
   0.1500000E+00   0.1660000E+00   0.3081286E+01   0.1500624E+01   0.4030057E+00   0.1367202E+01
   0.1500000E+00   0.1670000E+00   0.3127894E+01   0.1488822E+01   0.4044057E+00   0.1393607E+01
   0.1500000E+00   0.1680000E+00   0.3152298E+01   0.1536830E+01   0.4052057E+00   0.1376604E+01
   0.1500000E+00   0.1690000E+00   0.3128894E+01   0.1516427E+01   0.4112058E+00   0.1346599E+01
   0.1500000E+00   0.1700000E+00   0.3136096E+01   0.1540631E+01   0.4130058E+00   0.1384205E+01
   0.1500000E+00   0.1710000E+00   0.3151698E+01   0.1518027E+01   0.4190059E+00   0.1393807E+01
   0.1500000E+00   0.1720000E+00   0.3141696E+01   0.1515827E+01   0.4190059E+00   0.1382605E+01
   0.1500000E+00   0.1730000E+00   0.3167101E+01   0.1534430E+01   0.4262061E+00   0.1389006E+01
   0.1500000E+00   0.1740000E+00   0.3204107E+01   0.1561434E+01   0.4418063E+00   0.1404208E+01
   0.1500000E+00   0.1750000E+00   0.3216709E+01   0.1587839E+01   0.4390063E+00   0.1428612E+01
   0.1500000E+00   0.1760000E+00   0.3197706E+01   0.1566235E+01   0.4128058E+00   0.1400208E+01
   0.1500000E+00   0.1770000E+00   0.3195905E+01   0.1605442E+01   0.4238060E+00   0.1401208E+01
   0.1500000E+00   0.1780000E+00   0.3245514E+01   0.1606442E+01   0.4326062E+00   0.1410809E+01
   0.1500000E+00   0.1790000E+00   0.3235312E+01   0.1616844E+01   0.4286061E+00   0.1443415E+01
   0.1500000E+00   0.1800000E+00   0.3232512E+01   0.1615843E+01   0.4452064E+00   0.1416010E+01
   0.1500000E+00   0.1810000E+00   0.3200106E+01   0.1619444E+01   0.4438064E+00   0.1421011E+01
   0.1500000E+00   0.1820000E+00   0.3213908E+01   0.1612443E+01   0.4614066E+00   0.1445215E+01
   0.1500000E+00   0.1830000E+00   0.3200706E+01   0.1595040E+01   0.4486064E+00   0.1411409E+01
   0.1500000E+00   0.1840000E+00   0.3224510E+01   0.1620644E+01   0.4566066E+00   0.1435413E+01
   0.1500000E+00   0.1850000E+00   0.3350931E+01   0.1639847E+01   0.4592066E+00   0.1483021E+01
   0.1500000E+00   0.1860000E+00   0.3307724E+01   0.1594440E+01   0.4554065E+00   0.1437014E+01
   0.1500000E+00   0.1870000E+00   0.3342330E+01   0.1586239E+01   0.4646067E+00   0.1462618E+01
   0.1500000E+00   0.1880000E+00   0.3282520E+01   0.1629646E+01   0.4762069E+00   0.1458817E+01
   0.1500000E+00   0.1890000E+00   0.3368134E+01   0.1605442E+01   0.4708068E+00   0.1485222E+01
   0.1500000E+00   0.1900000E+00   0.3288721E+01   0.1668052E+01   0.4564066E+00   0.1430013E+01
   0.1500000E+00   0.1910000E+00   0.3281120E+01   0.1654650E+01   0.4630067E+00   0.1491623E+01
   0.1500000E+00   0.1920000E+00   0.3248314E+01   0.1638447E+01   0.4806070E+00   0.1471619E+01
   0.1500000E+00   0.1930000E+00   0.3373735E+01   0.1660251E+01   0.4758069E+00   0.1496024E+01
   0.1500000E+00   0.1940000E+00   0.3353732E+01   0.1658851E+01   0.4874071E+00   0.1476220E+01
   0.1500000E+00   0.1950000E+00   0.3299323E+01   0.1673453E+01   0.4860071E+00   0.1483021E+01
   0.1500000E+00   0.1960000E+00   0.3258516E+01   0.1669052E+01   0.4970073E+00   0.1465618E+01
   0.1500000E+00   0.1970000E+00   0.3302723E+01   0.1672653E+01   0.4952072E+00   0.1495623E+01
   0.1500000E+00   0.1980000E+00   0.3337329E+01   0.1683255E+01   0.5132055E+00   0.1521028E+01
   0.1500000E+00   0.1990000E+00   0.3283520E+01   0.1663051E+01   0.5054066E+00   0.1487622E+01
   0.1500000E+00   0.2000000E+00   0.3260316E+01   0.1682454E+01   0.4962072E+00   0.1477620E+01
   0.1500000E+00   0.2010000E+00   0.3355132E+01   0.1699857E+01   0.4888071E+00   0.1535430E+01
   0.1500000E+00   0.2020000E+00   0.3291921E+01   0.1682855E+01   0.5168051E+00   0.1503625E+01
   0.1500000E+00   0.2030000E+00   0.3257116E+01   0.1689856E+01   0.5334029E+00   0.1496024E+01
   0.1500000E+00   0.2040000E+00   0.3321126E+01   0.1660451E+01   0.5088061E+00   0.1514827E+01
   0.1500000E+00   0.2050000E+00   0.3237112E+01   0.1695457E+01   0.5096060E+00   0.1506825E+01
   0.1500000E+00   0.2060000E+00   0.3316926E+01   0.1671453E+01   0.5092061E+00   0.1499824E+01
   0.1500000E+00   0.2070000E+00   0.3310925E+01   0.1706058E+01   0.5132055E+00   0.1496424E+01
   0.1500000E+00   0.2080000E+00   0.3289321E+01   0.1674653E+01   0.5104059E+00   0.1469019E+01
   0.1500000E+00   0.2090000E+00   0.3208107E+01   0.1631846E+01   0.5180049E+00   0.1469819E+01
   0.1500000E+00   0.2100000E+00   0.3283720E+01   0.1692456E+01   0.5462012E+00   0.1524228E+01
   0.1500000E+00   0.2110000E+00   0.3169101E+01   0.1689056E+01   0.5430016E+00   0.1482621E+01
   0.1500000E+00   0.2120000E+00   0.3276119E+01   0.1699257E+01   0.5206046E+00   0.1477821E+01
   0.1500000E+00   0.2130000E+00   0.3228711E+01   0.1707059E+01   0.5362025E+00   0.1500824E+01
   0.1500000E+00   0.2140000E+00   0.3207907E+01   0.1659651E+01   0.5398020E+00   0.1517427E+01
   0.1500000E+00   0.2150000E+00   0.3296722E+01   0.1667652E+01   0.5342028E+00   0.1522228E+01
   0.1500000E+00   0.2160000E+00   0.3207307E+01   0.1699057E+01   0.5352026E+00   0.1483021E+01
   0.1500000E+00   0.2170000E+00   0.3219109E+01   0.1679054E+01   0.5418018E+00   0.1472820E+01
   0.1500000E+00   0.2180000E+00   0.3122093E+01   0.1687255E+01   0.5563998E+00   0.1509226E+01
   0.1500000E+00   0.2190000E+00   0.3157499E+01   0.1675253E+01   0.5426016E+00   0.1480221E+01
   0.1500000E+00   0.2200000E+00   0.3200706E+01   0.1711659E+01   0.5554000E+00   0.1493423E+01
   0.1500000E+00   0.2210000E+00   0.3239313E+01   0.1669652E+01   0.5392021E+00   0.1483021E+01
   0.1500000E+00   0.2220000E+00   0.3169701E+01   0.1672053E+01   0.5621991E+00   0.1478221E+01
   0.1500000E+00   0.2230000E+00   0.3124894E+01   0.1697657E+01   0.5524004E+00   0.1508026E+01
   0.1500000E+00   0.2240000E+00   0.3125094E+01   0.1681054E+01   0.5480009E+00   0.1445415E+01
   0.1500000E+00   0.2250000E+00   0.3157099E+01   0.1697457E+01   0.5360025E+00   0.1495824E+01
   0.1500000E+00   0.2260000E+00   0.3170301E+01   0.1680654E+01   0.5621991E+00   0.1507625E+01
   0.1500000E+00   0.2270000E+00   0.3080286E+01   0.1668252E+01   0.5587995E+00   0.1500024E+01
   0.1500000E+00   0.2280000E+00   0.3133495E+01   0.1702058E+01   0.5613992E+00   0.1496824E+01
   0.1500000E+00   0.2290000E+00   0.3044680E+01   0.1669852E+01   0.5671984E+00   0.1462618E+01
   0.1500000E+00   0.2300000E+00   0.3042880E+01   0.1625445E+01   0.5741975E+00   0.1460818E+01
   0.1500000E+00   0.2310000E+00   0.3035079E+01   0.1661451E+01   0.5745974E+00   0.1453216E+01
   0.1500000E+00   0.2320000E+00   0.3066884E+01   0.1703858E+01   0.5673984E+00   0.1479821E+01
   0.1500000E+00   0.2330000E+00   0.2997673E+01   0.1650249E+01   0.5895954E+00   0.1462418E+01
   0.1500000E+00   0.2340000E+00   0.3057683E+01   0.1682855E+01   0.5665985E+00   0.1473020E+01
   0.1500000E+00   0.2350000E+00   0.2976869E+01   0.1673853E+01   0.5683982E+00   0.1481621E+01
   0.1500000E+00   0.2360000E+00   0.3030278E+01   0.1640247E+01   0.5895954E+00   0.1450816E+01
   0.1500000E+00   0.2370000E+00   0.2934262E+01   0.1688255E+01   0.5815965E+00   0.1443215E+01
   0.1500000E+00   0.2380000E+00   0.2945464E+01   0.1648249E+01   0.6065932E+00   0.1455217E+01
   0.1500000E+00   0.2390000E+00   0.2858649E+01   0.1651849E+01   0.5883956E+00   0.1412010E+01
   0.1500000E+00   0.2400000E+00   0.2925061E+01   0.1666452E+01   0.5945948E+00   0.1424612E+01
   0.1500000E+00   0.2410000E+00   0.2962667E+01   0.1654250E+01   0.5883956E+00   0.1468419E+01
   0.1500000E+00   0.2420000E+00   0.2912658E+01   0.1693856E+01   0.6051934E+00   0.1450216E+01
   0.1500000E+00   0.2430000E+00   0.2979670E+01   0.1640848E+01   0.6057933E+00   0.1467819E+01
   0.1500000E+00   0.2440000E+00   0.2876452E+01   0.1656050E+01   0.5935949E+00   0.1430213E+01
   0.1500000E+00   0.2450000E+00   0.2869051E+01   0.1612643E+01   0.6055933E+00   0.1425612E+01
   0.1500000E+00   0.2460000E+00   0.2875852E+01   0.1634046E+01   0.6187916E+00   0.1444215E+01
   0.1500000E+00   0.2470000E+00   0.2852849E+01   0.1672453E+01   0.6175917E+00   0.1434213E+01
   0.1500000E+00   0.2480000E+00   0.2862650E+01   0.1602241E+01   0.6117925E+00   0.1432813E+01
   0.1500000E+00   0.2490000E+00   0.2869451E+01   0.1639447E+01   0.6231910E+00   0.1447015E+01
   0.1500000E+00   0.2500000E+00   0.2799440E+01   0.1601241E+01   0.6157920E+00   0.1396607E+01
   0.1500000E+00   0.2510000E+00   0.2792839E+01   0.1619644E+01   0.6265905E+00   0.1407809E+01
   0.1500000E+00   0.2520000E+00   0.2739630E+01   0.1646048E+01   0.6311899E+00   0.1400208E+01
   0.1500000E+00   0.2530000E+00   0.2851048E+01   0.1607842E+01   0.6235909E+00   0.1406609E+01
   0.1500000E+00   0.2540000E+00   0.2770435E+01   0.1620444E+01   0.6495875E+00   0.1429813E+01
   0.1500000E+00   0.2550000E+00   0.2767834E+01   0.1598841E+01   0.6333897E+00   0.1423211E+01
   0.1500000E+00   0.2560000E+00   0.2749831E+01   0.1614643E+01   0.6467879E+00   0.1421211E+01
   0.1500000E+00   0.2570000E+00   0.2727628E+01   0.1630046E+01   0.6353894E+00   0.1395207E+01
   0.1500000E+00   0.2580000E+00   0.2737229E+01   0.1666252E+01   0.6529871E+00   0.1442415E+01
   0.1500000E+00   0.2590000E+00   0.2689821E+01   0.1626045E+01   0.6405887E+00   0.1414010E+01
   0.1500000E+00   0.2600000E+00   0.2727228E+01   0.1617044E+01   0.6453881E+00   0.1378204E+01
   0.1500000E+00   0.2610000E+00   0.2690022E+01   0.1629046E+01   0.6539869E+00   0.1398207E+01
   0.1500000E+00   0.2620000E+00   0.2664817E+01   0.1623645E+01   0.6403887E+00   0.1388206E+01
   0.1500000E+00   0.2630000E+00   0.2670818E+01   0.1585638E+01   0.6451881E+00   0.1412810E+01
   0.1500000E+00   0.2640000E+00   0.2721227E+01   0.1641848E+01   0.6629857E+00   0.1410609E+01
   0.1500000E+00   0.2650000E+00   0.2657416E+01   0.1610643E+01   0.6657854E+00   0.1403408E+01
   0.1500000E+00   0.2660000E+00   0.2707624E+01   0.1632846E+01   0.6657854E+00   0.1419611E+01
   0.1500000E+00   0.2670000E+00   0.2680620E+01   0.1633446E+01   0.6707847E+00   0.1372803E+01
   0.1500000E+00   0.2680000E+00   0.2682620E+01   0.1629846E+01   0.6985810E+00   0.1441414E+01
   0.1500000E+00   0.2690000E+00   0.2564001E+01   0.1614643E+01   0.6877825E+00   0.1418811E+01
   0.1500000E+00   0.2700000E+00   0.2628411E+01   0.1616844E+01   0.6643856E+00   0.1406409E+01
   0.1500000E+00   0.2710000E+00   0.2617409E+01   0.1640047E+01   0.6665853E+00   0.1404808E+01
   0.1500000E+00   0.2720000E+00   0.2593205E+01   0.1663851E+01   0.6695849E+00   0.1407209E+01
   0.1500000E+00   0.2730000E+00   0.2606608E+01   0.1620444E+01   0.6853828E+00   0.1389806E+01
   0.1500000E+00   0.2740000E+00   0.2616009E+01   0.1603041E+01   0.6691849E+00   0.1377804E+01
   0.1500000E+00   0.2750000E+00   0.2558400E+01   0.1626245E+01   0.7057801E+00   0.1393407E+01
   0.1500000E+00   0.2760000E+00   0.2595206E+01   0.1646048E+01   0.6819832E+00   0.1346399E+01
   0.1500000E+00   0.2770000E+00   0.2498790E+01   0.1629646E+01   0.7111794E+00   0.1365802E+01
   0.1500000E+00   0.2780000E+00   0.2539397E+01   0.1651249E+01   0.7075799E+00   0.1411209E+01
   0.1500000E+00   0.2790000E+00   0.2583604E+01   0.1619644E+01   0.6993809E+00   0.1362401E+01
   0.1500000E+00   0.2800000E+00   0.2567801E+01   0.1657450E+01   0.6925818E+00   0.1418611E+01
   0.1500000E+00   0.2810000E+00   0.2494389E+01   0.1614243E+01   0.6911820E+00   0.1340998E+01
   0.1500000E+00   0.2820000E+00   0.2569001E+01   0.1615443E+01   0.7231778E+00   0.1434013E+01
   0.1500000E+00   0.2830000E+00   0.2547598E+01   0.1640447E+01   0.7299769E+00   0.1411610E+01
   0.1500000E+00   0.2840000E+00   0.2494189E+01   0.1653650E+01   0.7169786E+00   0.1396407E+01
   0.1500000E+00   0.2850000E+00   0.2446581E+01   0.1648249E+01   0.7389757E+00   0.1409809E+01
   0.1500000E+00   0.2860000E+00   0.2472185E+01   0.1604842E+01   0.7091796E+00   0.1375404E+01
   0.1500000E+00   0.2870000E+00   0.2446981E+01   0.1637447E+01   0.7323766E+00   0.1377804E+01
   0.1500000E+00   0.2880000E+00   0.2388572E+01   0.1621044E+01   0.7259774E+00   0.1378604E+01
   0.1500000E+00   0.2890000E+00   0.2424778E+01   0.1622845E+01   0.7431751E+00   0.1368802E+01
   0.1500000E+00   0.2900000E+00   0.2422177E+01   0.1633846E+01   0.7263774E+00   0.1379204E+01
   0.1500000E+00   0.2910000E+00   0.2369168E+01   0.1643048E+01   0.7225779E+00   0.1334597E+01
   0.1500000E+00   0.2920000E+00   0.2358366E+01   0.1607242E+01   0.7251775E+00   0.1335997E+01
   0.1500000E+00   0.2930000E+00   0.2320160E+01   0.1635047E+01   0.7433751E+00   0.1357601E+01
   0.1500000E+00   0.2940000E+00   0.2368368E+01   0.1632046E+01   0.7347763E+00   0.1382405E+01
   0.1500000E+00   0.2950000E+00   0.2326361E+01   0.1631046E+01   0.7369760E+00   0.1376204E+01
   0.1500000E+00   0.2960000E+00   0.2326761E+01   0.1662451E+01   0.7723713E+00   0.1409009E+01
   0.1500000E+00   0.2970000E+00   0.2369968E+01   0.1609242E+01   0.7457748E+00   0.1352200E+01
   0.1500000E+00   0.2980000E+00   0.2248948E+01   0.1638047E+01   0.7585731E+00   0.1375003E+01
   0.1500000E+00   0.2990000E+00   0.2237346E+01   0.1611043E+01   0.7525739E+00   0.1331996E+01
   0.1500000E+00   0.3000000E+00   0.2257750E+01   0.1642648E+01   0.7717714E+00   0.1365202E+01
   0.1500000E+00   0.3010000E+00   0.2189538E+01   0.1619244E+01   0.7443750E+00   0.1329596E+01
   0.1500000E+00   0.3020000E+00   0.2234146E+01   0.1620844E+01   0.7297769E+00   0.1330396E+01
   0.1500000E+00   0.3030000E+00   0.2196540E+01   0.1619244E+01   0.7629725E+00   0.1363201E+01
   0.1500000E+00   0.3040000E+00   0.2226145E+01   0.1599641E+01   0.7873693E+00   0.1365202E+01
   0.1500000E+00   0.3050000E+00   0.2145931E+01   0.1592039E+01   0.7501742E+00   0.1308192E+01
   0.1500000E+00   0.3060000E+00   0.2157533E+01   0.1596640E+01   0.7691717E+00   0.1319594E+01
   0.1500000E+00   0.3070000E+00   0.2121727E+01   0.1623845E+01   0.7853696E+00   0.1337997E+01
   0.1500000E+00   0.3080000E+00   0.2121927E+01   0.1620044E+01   0.7791704E+00   0.1336197E+01
   0.1500000E+00   0.3090000E+00   0.2121927E+01   0.1613643E+01   0.7711715E+00   0.1319794E+01
   0.1500000E+00   0.3100000E+00   0.2053516E+01   0.1594640E+01   0.7809702E+00   0.1314193E+01
   0.1500000E+00   0.3110000E+00   0.2088522E+01   0.1647649E+01   0.7895690E+00   0.1341798E+01
   0.1500000E+00   0.3120000E+00   0.2074119E+01   0.1576637E+01   0.7953683E+00   0.1291990E+01
   0.1500000E+00   0.3130000E+00   0.1990706E+01   0.1567835E+01   0.7717714E+00   0.1278587E+01
   0.1500000E+00   0.3140000E+00   0.2053516E+01   0.1580438E+01   0.7947683E+00   0.1307192E+01
   0.1500000E+00   0.3150000E+00   0.2012109E+01   0.1582838E+01   0.7843697E+00   0.1280788E+01
   0.1500000E+00   0.3160000E+00   0.1990506E+01   0.1592239E+01   0.8033672E+00   0.1316194E+01
   0.1500000E+00   0.3170000E+00   0.2004708E+01   0.1580838E+01   0.7963681E+00   0.1304592E+01
   0.1500000E+00   0.3180000E+00   0.1947098E+01   0.1566235E+01   0.7969680E+00   0.1293190E+01
   0.1500000E+00   0.3190000E+00   0.1934696E+01   0.1567835E+01   0.8109662E+00   0.1279988E+01
   0.1500000E+00   0.3200000E+00   0.1903291E+01   0.1588039E+01   0.8227646E+00   0.1298191E+01
   0.1500000E+00   0.3210000E+00   0.1916093E+01   0.1554833E+01   0.8289638E+00   0.1295190E+01
   0.1500000E+00   0.3220000E+00   0.1901891E+01   0.1608642E+01   0.8369628E+00   0.1268986E+01
   0.1500000E+00   0.3230000E+00   0.1864285E+01   0.1537230E+01   0.8345631E+00   0.1255184E+01
   0.1500000E+00   0.3240000E+00   0.1916693E+01   0.1593840E+01   0.8299637E+00   0.1271786E+01
   0.1500000E+00   0.3250000E+00   0.1862284E+01   0.1559234E+01   0.8137658E+00   0.1279188E+01
   0.1500000E+00   0.3260000E+00   0.1855483E+01   0.1558634E+01   0.8173653E+00   0.1233180E+01
   0.1500000E+00   0.3270000E+00   0.1820877E+01   0.1546032E+01   0.8355629E+00   0.1259384E+01
   0.1500000E+00   0.3280000E+00   0.1842481E+01   0.1536430E+01   0.8229646E+00   0.1261385E+01
   0.1500000E+00   0.3290000E+00   0.1786672E+01   0.1579037E+01   0.8179653E+00   0.1246182E+01
   0.1500000E+00   0.3300000E+00   0.1804275E+01   0.1539031E+01   0.8387625E+00   0.1253183E+01
   0.1500000E+00   0.3310000E+00   0.1795673E+01   0.1544232E+01   0.8269641E+00   0.1261585E+01
   0.1500000E+00   0.3320000E+00   0.1708059E+01   0.1561434E+01   0.8669588E+00   0.1241181E+01
   0.1500000E+00   0.3330000E+00   0.1772269E+01   0.1533230E+01   0.8917555E+00   0.1267986E+01
   0.1500000E+00   0.3340000E+00   0.1710059E+01   0.1532830E+01   0.8473614E+00   0.1238581E+01
   0.1500000E+00   0.3350000E+00   0.1710659E+01   0.1532230E+01   0.8507609E+00   0.1219778E+01
   0.1500000E+00   0.3360000E+00   0.1623645E+01   0.1529029E+01   0.8497611E+00   0.1225179E+01
   0.1500000E+00   0.3370000E+00   0.1703258E+01   0.1539231E+01   0.8445618E+00   0.1239181E+01
   0.1500000E+00   0.3380000E+00   0.1675853E+01   0.1538031E+01   0.8531606E+00   0.1240181E+01
   0.1500000E+00   0.3390000E+00   0.1663451E+01   0.1532030E+01   0.8775574E+00   0.1242581E+01
   0.1500000E+00   0.3400000E+00   0.1625645E+01   0.1505425E+01   0.8575600E+00   0.1200975E+01
   0.1500000E+00   0.3410000E+00   0.1622244E+01   0.1531029E+01   0.8751577E+00   0.1231180E+01
   0.1500000E+00   0.3420000E+00   0.1585038E+01   0.1526629E+01   0.8761576E+00   0.1232180E+01
   0.1500000E+00   0.3430000E+00   0.1585238E+01   0.1514227E+01   0.8639592E+00   0.1216777E+01
   0.1500000E+00   0.3440000E+00   0.1570436E+01   0.1549632E+01   0.9019542E+00   0.1255384E+01
   0.1500000E+00   0.3450000E+00   0.1577037E+01   0.1517027E+01   0.8665588E+00   0.1211976E+01
   0.1500000E+00   0.3460000E+00   0.1544632E+01   0.1535830E+01   0.8905557E+00   0.1210176E+01
   0.1500000E+00   0.3470000E+00   0.1524828E+01   0.1498824E+01   0.8965549E+00   0.1174970E+01
   0.1500000E+00   0.3480000E+00   0.1521228E+01   0.1474020E+01   0.8849564E+00   0.1215177E+01
   0.1500000E+00   0.3490000E+00   0.1523628E+01   0.1517427E+01   0.8783573E+00   0.1195974E+01
   0.1500000E+00   0.3500000E+00   0.1496624E+01   0.1460018E+01   0.8965549E+00   0.1177571E+01
   0.1500000E+00   0.3510000E+00   0.1460218E+01   0.1520828E+01   0.8843565E+00   0.1195974E+01
   0.1500000E+00   0.3520000E+00   0.1457217E+01   0.1488222E+01   0.9079534E+00   0.1203975E+01
   0.1500000E+00   0.3530000E+00   0.1439814E+01   0.1511026E+01   0.9051538E+00   0.1186372E+01
   0.1500000E+00   0.3540000E+00   0.1445215E+01   0.1517827E+01   0.9043539E+00   0.1183772E+01
   0.1500000E+00   0.3550000E+00   0.1407809E+01   0.1507425E+01   0.9149525E+00   0.1181971E+01
   0.1500000E+00   0.3560000E+00   0.1408609E+01   0.1486622E+01   0.9227514E+00   0.1173170E+01
   0.1500000E+00   0.3570000E+00   0.1418211E+01   0.1519227E+01   0.9077534E+00   0.1200975E+01
   0.1500000E+00   0.3580000E+00   0.1408809E+01   0.1469419E+01   0.9107530E+00   0.1189973E+01
   0.1500000E+00   0.3590000E+00   0.1383805E+01   0.1534230E+01   0.9091532E+00   0.1197574E+01
   0.1500000E+00   0.3600000E+00   0.1324595E+01   0.1476220E+01   0.9375495E+00   0.1180371E+01
   0.1500000E+00   0.3610000E+00   0.1345799E+01   0.1470819E+01   0.9175521E+00   0.1169769E+01
   0.1500000E+00   0.3620000E+00   0.1309393E+01   0.1492223E+01   0.9417489E+00   0.1185572E+01
   0.1500000E+00   0.3630000E+00   0.1337997E+01   0.1496224E+01   0.9027541E+00   0.1155367E+01
   0.1500000E+00   0.3640000E+00   0.1311593E+01   0.1480621E+01   0.9131527E+00   0.1145965E+01
   0.1500000E+00   0.3650000E+00   0.1298991E+01   0.1474020E+01   0.9381494E+00   0.1174970E+01
   0.1500000E+00   0.3660000E+00   0.1301991E+01   0.1472820E+01   0.9397492E+00   0.1166769E+01
   0.1500000E+00   0.3670000E+00   0.1276987E+01   0.1446015E+01   0.9339499E+00   0.1142365E+01
   0.1500000E+00   0.3680000E+00   0.1238781E+01   0.1446415E+01   0.9301504E+00   0.1120561E+01
   0.1500000E+00   0.3690000E+00   0.1256584E+01   0.1459017E+01   0.9295505E+00   0.1158768E+01
   0.1500000E+00   0.3700000E+00   0.1250183E+01   0.1456617E+01   0.9639460E+00   0.1166169E+01
   0.1500000E+00   0.3710000E+00   0.1213577E+01   0.1486022E+01   0.9321502E+00   0.1131963E+01
   0.1500000E+00   0.3720000E+00   0.1187572E+01   0.1433613E+01   0.9631461E+00   0.1127762E+01
   0.1500000E+00   0.3730000E+00   0.1160768E+01   0.1452416E+01   0.9815437E+00   0.1133563E+01
   0.1500000E+00   0.3740000E+00   0.1187972E+01   0.1442415E+01   0.9555471E+00   0.1154367E+01
   0.1500000E+00   0.3750000E+00   0.1173170E+01   0.1442415E+01   0.9507477E+00   0.1139564E+01
   0.1500000E+00   0.3760000E+00   0.1155767E+01   0.1420411E+01   0.9639460E+00   0.1113760E+01
   0.1500000E+00   0.3770000E+00   0.1137964E+01   0.1450816E+01   0.9817436E+00   0.1141565E+01
   0.1500000E+00   0.3780000E+00   0.1111760E+01   0.1438814E+01   0.9819436E+00   0.1119161E+01
   0.1500000E+00   0.3790000E+00   0.1133163E+01   0.1426612E+01   0.9719449E+00   0.1113160E+01
   0.1500000E+00   0.3800000E+00   0.1137564E+01   0.1433613E+01   0.9657457E+00   0.1137764E+01
   0.1500000E+00   0.3810000E+00   0.1085555E+01   0.1416610E+01   0.9933421E+00   0.1142365E+01
   0.1500000E+00   0.3820000E+00   0.1082755E+01   0.1423612E+01   0.9819436E+00   0.1107359E+01
   0.1500000E+00   0.3830000E+00   0.1032147E+01   0.1428012E+01   0.9779441E+00   0.1114560E+01
   0.1500000E+00   0.3840000E+00   0.1061952E+01   0.1419211E+01   0.9821436E+00   0.1091756E+01
   0.1500000E+00   0.3850000E+00   0.1062752E+01   0.1419011E+01   0.9581468E+00   0.1095157E+01
   0.1500000E+00   0.3860000E+00   0.1033347E+01   0.1409009E+01   0.9899426E+00   0.1108759E+01
   0.1500000E+00   0.3870000E+00   0.1012743E+01   0.1405208E+01   0.9987414E+00   0.1098358E+01
   0.1500000E+00   0.3880000E+00   0.9931421E+00   0.1400208E+01   0.1009343E+01   0.1087356E+01
   0.1500000E+00   0.3890000E+00   0.9863430E+00   0.1417210E+01   0.1010143E+01   0.1089356E+01
   0.1500000E+00   0.3900000E+00   0.9619462E+00   0.1383205E+01   0.1005142E+01   0.1076954E+01
   0.1500000E+00   0.3910000E+00   0.9889427E+00   0.1418011E+01   0.9955418E+00   0.1088956E+01
   0.1500000E+00   0.3920000E+00   0.9153524E+00   0.1426212E+01   0.1033347E+01   0.1095757E+01
   0.1500000E+00   0.3930000E+00   0.9501478E+00   0.1408609E+01   0.1006742E+01   0.1094557E+01
   0.1500000E+00   0.3940000E+00   0.9181520E+00   0.1399808E+01   0.1022545E+01   0.1084955E+01
   0.1500000E+00   0.3950000E+00   0.9215516E+00   0.1377404E+01   0.1031947E+01   0.1081755E+01
   0.1500000E+00   0.3960000E+00   0.9171522E+00   0.1370203E+01   0.9999412E+00   0.1069353E+01
   0.1500000E+00   0.3970000E+00   0.9079534E+00   0.1383605E+01   0.1053350E+01   0.1107759E+01
   0.1500000E+00   0.3980000E+00   0.8973548E+00   0.1377804E+01   0.1027346E+01   0.1085355E+01
   0.1500000E+00   0.3990000E+00   0.8755577E+00   0.1360801E+01   0.1045549E+01   0.1070353E+01
   0.1500000E+00   0.4000000E+00   0.8623594E+00   0.1384805E+01   0.1030546E+01   0.1091156E+01
   0.1500000E+00   0.4010000E+00   0.8291638E+00   0.1370003E+01   0.1056951E+01   0.1070353E+01
   0.1500000E+00   0.4020000E+00   0.8425620E+00   0.1373203E+01   0.1044349E+01   0.1077554E+01
   0.1500000E+00   0.4030000E+00   0.8097664E+00   0.1385005E+01   0.1072953E+01   0.1087156E+01
   0.1500000E+00   0.4040000E+00   0.8229646E+00   0.1319594E+01   0.1030746E+01   0.1056951E+01
   0.1500000E+00   0.4050000E+00   0.8217648E+00   0.1346799E+01   0.1060551E+01   0.1060751E+01
   0.1500000E+00   0.4060000E+00   0.7927686E+00   0.1364602E+01   0.1044949E+01   0.1053750E+01
   0.1500000E+00   0.4070000E+00   0.7947683E+00   0.1334797E+01   0.1066552E+01   0.1042948E+01
   0.1500000E+00   0.4080000E+00   0.7875693E+00   0.1344398E+01   0.1072753E+01   0.1071553E+01
   0.1500000E+00   0.4090000E+00   0.7771707E+00   0.1358201E+01   0.1034147E+01   0.1040948E+01
   0.1500000E+00   0.4100000E+00   0.7585731E+00   0.1341998E+01   0.1069753E+01   0.1056751E+01
   0.1500000E+00   0.4110000E+00   0.7739711E+00   0.1335397E+01   0.1069553E+01   0.1061351E+01
   0.1500000E+00   0.4120000E+00   0.7531738E+00   0.1339398E+01   0.1079154E+01   0.1061751E+01
   0.1500000E+00   0.4130000E+00   0.7461748E+00   0.1351600E+01   0.1104159E+01   0.1082955E+01
   0.1500000E+00   0.4140000E+00   0.7287771E+00   0.1334597E+01   0.1082755E+01   0.1043548E+01
   0.1500000E+00   0.4150000E+00   0.6909820E+00   0.1335997E+01   0.1050950E+01   0.1036547E+01
   0.1500000E+00   0.4160000E+00   0.6801835E+00   0.1307392E+01   0.1106359E+01   0.1044549E+01
   0.1500000E+00   0.4170000E+00   0.7021806E+00   0.1326395E+01   0.1079154E+01   0.1040748E+01
   0.1500000E+00   0.4180000E+00   0.6909820E+00   0.1320994E+01   0.1111760E+01   0.1062952E+01
   0.1500000E+00   0.4190000E+00   0.6971812E+00   0.1327996E+01   0.1072353E+01   0.1033347E+01
   0.1500000E+00   0.4200000E+00   0.6743842E+00   0.1286989E+01   0.1086956E+01   0.1040348E+01
   0.1500000E+00   0.4210000E+00   0.6721845E+00   0.1307992E+01   0.1107559E+01   0.1044349E+01
   0.1500000E+00   0.4220000E+00   0.6359893E+00   0.1298591E+01   0.1102358E+01   0.1022945E+01
   0.1500000E+00   0.4230000E+00   0.6503874E+00   0.1288189E+01   0.1100758E+01   0.1029146E+01
   0.1500000E+00   0.4240000E+00   0.6093928E+00   0.1299391E+01   0.1109159E+01   0.1025545E+01
   0.1500000E+00   0.4250000E+00   0.6237909E+00   0.1265385E+01   0.1117361E+01   0.1024145E+01
   0.1500000E+00   0.4260000E+00   0.5763972E+00   0.1309193E+01   0.1096757E+01   0.1017544E+01
   0.1500000E+00   0.4270000E+00   0.6017938E+00   0.1307992E+01   0.1111160E+01   0.1017144E+01
   0.1500000E+00   0.4280000E+00   0.5939949E+00   0.1253583E+01   0.1144565E+01   0.1042348E+01
   0.1500000E+00   0.4290000E+00   0.5853960E+00   0.1289789E+01   0.1139764E+01   0.1036947E+01
   0.1500000E+00   0.4300000E+00   0.6085929E+00   0.1276587E+01   0.1100758E+01   0.1013543E+01
   0.1500000E+00   0.4310000E+00   0.5787969E+00   0.1247382E+01   0.1129363E+01   0.1007943E+01
   0.1500000E+00   0.4320000E+00   0.5671984E+00   0.1226779E+01   0.1136364E+01   0.1022345E+01
   0.1500000E+00   0.4330000E+00   0.5615991E+00   0.1237181E+01   0.1170970E+01   0.1026546E+01
   0.1500000E+00   0.4340000E+00   0.5548000E+00   0.1247782E+01   0.1141565E+01   0.1030746E+01
   0.1500000E+00   0.4350000E+00   0.5554000E+00   0.1253583E+01   0.1127162E+01   0.1002142E+01
   0.1500000E+00   0.4360000E+00   0.5228043E+00   0.1268986E+01   0.1118961E+01   0.9977415E+00
   0.1500000E+00   0.4370000E+00   0.5284035E+00   0.1272186E+01   0.1153967E+01   0.1035347E+01
   0.1500000E+00   0.4380000E+00   0.5108058E+00   0.1225579E+01   0.1138164E+01   0.1008343E+01
   0.1500000E+00   0.4390000E+00   0.4876071E+00   0.1239981E+01   0.1135764E+01   0.1011143E+01
   0.1500000E+00   0.4400000E+00   0.5176049E+00   0.1250383E+01   0.1166169E+01   0.1034147E+01
   0.1500000E+00   0.4410000E+00   0.4794070E+00   0.1225179E+01   0.1162168E+01   0.9811437E+00
   0.1500000E+00   0.4420000E+00   0.4928072E+00   0.1229179E+01   0.1150966E+01   0.1012943E+01
   0.1500000E+00   0.4430000E+00   0.4702068E+00   0.1220778E+01   0.1167569E+01   0.1003142E+01
   0.1500000E+00   0.4440000E+00   0.4754069E+00   0.1228179E+01   0.1179571E+01   0.1034147E+01
   0.1500000E+00   0.4450000E+00   0.4310061E+00   0.1217777E+01   0.1162768E+01   0.9777442E+00
   0.1500000E+00   0.4460000E+00   0.4386063E+00   0.1234980E+01   0.1162568E+01   0.9875429E+00
   0.1500000E+00   0.4470000E+00   0.4288061E+00   0.1210776E+01   0.1205375E+01   0.1017744E+01
   0.1500000E+00   0.4480000E+00   0.4464064E+00   0.1207376E+01   0.1175770E+01   0.1004942E+01
   0.1500000E+00   0.4490000E+00   0.4322062E+00   0.1216177E+01   0.1192573E+01   0.9819436E+00
   0.1500000E+00   0.4500000E+00   0.4378062E+00   0.1187972E+01   0.1225979E+01   0.1043148E+01
   0.1500000E+00   0.4510000E+00   0.4350062E+00   0.1200975E+01   0.1203375E+01   0.1014144E+01
   0.1500000E+00   0.4520000E+00   0.4010056E+00   0.1198374E+01   0.1207376E+01   0.1012343E+01
   0.1500000E+00   0.4530000E+00   0.4080057E+00   0.1181971E+01   0.1180571E+01   0.9707451E+00
   0.1500000E+00   0.4540000E+00   0.3872054E+00   0.1183772E+01   0.1195574E+01   0.9927422E+00
   0.1500000E+00   0.4550000E+00   0.3920055E+00   0.1186372E+01   0.1195574E+01   0.1016144E+01
   0.1500000E+00   0.4560000E+00   0.3638050E+00   0.1171770E+01   0.1211776E+01   0.9585467E+00
   0.1500000E+00   0.4570000E+00   0.3986056E+00   0.1165769E+01   0.1218978E+01   0.1002742E+01
   0.1500000E+00   0.4580000E+00   0.3854054E+00   0.1169569E+01   0.1201375E+01   0.9757444E+00
   0.1500000E+00   0.4590000E+00   0.3486047E+00   0.1179971E+01   0.1210376E+01   0.9751445E+00
   0.1500000E+00   0.4600000E+00   0.3768052E+00   0.1170770E+01   0.1217777E+01   0.9845433E+00
   0.1500000E+00   0.4610000E+00   0.3518048E+00   0.1153767E+01   0.1226979E+01   0.1002142E+01
   0.1500000E+00   0.4620000E+00   0.3408046E+00   0.1141765E+01   0.1224779E+01   0.9993413E+00
   0.1500000E+00   0.4630000E+00   0.3456047E+00   0.1142365E+01   0.1234580E+01   0.9815437E+00
   0.1500000E+00   0.4640000E+00   0.3400046E+00   0.1143165E+01   0.1243182E+01   0.9863430E+00
   0.1500000E+00   0.4650000E+00   0.3332045E+00   0.1163768E+01   0.1252183E+01   0.1011743E+01
   0.1500000E+00   0.4660000E+00   0.3266044E+00   0.1112160E+01   0.1242782E+01   0.9973416E+00
   0.1500000E+00   0.4670000E+00   0.3348045E+00   0.1141565E+01   0.1236981E+01   0.9869429E+00
   0.1500000E+00   0.4680000E+00   0.3120041E+00   0.1144765E+01   0.1245182E+01   0.1003742E+01
   0.1500000E+00   0.4690000E+00   0.3098041E+00   0.1139764E+01   0.1229779E+01   0.9843433E+00
   0.1500000E+00   0.4700000E+00   0.2984039E+00   0.1133363E+01   0.1262985E+01   0.9955418E+00
   0.1500000E+00   0.4710000E+00   0.2840036E+00   0.1131163E+01   0.1265785E+01   0.9763443E+00
   0.1500000E+00   0.4720000E+00   0.2792036E+00   0.1129363E+01   0.1260584E+01   0.9833434E+00
   0.1500000E+00   0.4730000E+00   0.2820036E+00   0.1115160E+01   0.1264985E+01   0.9709451E+00
   0.1500000E+00   0.4740000E+00   0.2844037E+00   0.1091956E+01   0.1249183E+01   0.9817436E+00
   0.1500000E+00   0.4750000E+00   0.2706034E+00   0.1137764E+01   0.1254984E+01   0.9899426E+00
   0.1500000E+00   0.4760000E+00   0.2786036E+00   0.1091556E+01   0.1312393E+01   0.9959418E+00
   0.1500000E+00   0.4770000E+00   0.2716034E+00   0.1138364E+01   0.1300391E+01   0.1003542E+01
   0.1500000E+00   0.4780000E+00   0.2628033E+00   0.1058351E+01   0.1267186E+01   0.9709451E+00
   0.1500000E+00   0.4790000E+00   0.2708034E+00   0.1079955E+01   0.1275387E+01   0.9979415E+00
   0.1500000E+00   0.4800000E+00   0.2602032E+00   0.1070553E+01   0.1234580E+01   0.9457484E+00
   0.1500000E+00   0.4810000E+00   0.2406029E+00   0.1102558E+01   0.1258584E+01   0.9481481E+00
   0.1500000E+00   0.4820000E+00   0.2500031E+00   0.1072953E+01   0.1296590E+01   0.9773442E+00
   0.1500000E+00   0.4830000E+00   0.2252027E+00   0.1096357E+01   0.1265785E+01   0.9617463E+00
   0.1500000E+00   0.4840000E+00   0.2326028E+00   0.1063752E+01   0.1282188E+01   0.9543473E+00
   0.1500000E+00   0.4850000E+00   0.2356028E+00   0.1065952E+01   0.1300791E+01   0.9851432E+00
   0.1500000E+00   0.4860000E+00   0.2324028E+00   0.1041148E+01   0.1308592E+01   0.9753445E+00
   0.1500000E+00   0.4870000E+00   0.2354028E+00   0.1076954E+01   0.1287389E+01   0.9667456E+00
   0.1500000E+00   0.4880000E+00   0.2258027E+00   0.1060551E+01   0.1338997E+01   0.1009743E+01
   0.1500000E+00   0.4890000E+00   0.2250027E+00   0.1051950E+01   0.1329596E+01   0.9923422E+00
   0.1500000E+00   0.4900000E+00   0.2326028E+00   0.1056751E+01   0.1335397E+01   0.9785441E+00
   0.1500000E+00   0.4910000E+00   0.2026023E+00   0.1030346E+01   0.1295790E+01   0.9557471E+00
   0.1500000E+00   0.4920000E+00   0.2260027E+00   0.1056351E+01   0.1319994E+01   0.9931421E+00
   0.1500000E+00   0.4930000E+00   0.1876020E+00   0.1054350E+01   0.1305392E+01   0.9593466E+00
   0.1500000E+00   0.4940000E+00   0.2028023E+00   0.1020345E+01   0.1338197E+01   0.9783441E+00
   0.1500000E+00   0.4950000E+00   0.1940021E+00   0.1036747E+01   0.1348999E+01   0.9905425E+00
   0.1500000E+00   0.4960000E+00   0.1880020E+00   0.1026546E+01   0.1311393E+01   0.9613463E+00
   0.1500000E+00   0.4970000E+00   0.1822019E+00   0.1024345E+01   0.1345399E+01   0.9853432E+00
   0.1500000E+00   0.4980000E+00   0.1756018E+00   0.1016944E+01   0.1343398E+01   0.9653458E+00
   0.1500000E+00   0.4990000E+00   0.1824019E+00   0.1023145E+01   0.1338997E+01   0.9771442E+00
   0.1500000E+00   0.5000000E+00   0.1656017E+00   0.1026946E+01   0.1324195E+01   0.9687454E+00
   0.1500000E+00   0.5009999E+00   0.1610016E+00   0.1018744E+01   0.1351600E+01   0.9745446E+00
   0.1500000E+00   0.5019999E+00   0.1794019E+00   0.9897426E+00   0.1360001E+01   0.9689453E+00
   0.1500000E+00   0.5030000E+00   0.1556015E+00   0.1010143E+01   0.1334797E+01   0.9711450E+00
   0.1500000E+00   0.5039999E+00   0.1586015E+00   0.9939420E+00   0.1317194E+01   0.9457484E+00
   0.1500000E+00   0.5049999E+00   0.1516014E+00   0.9953418E+00   0.1357801E+01   0.9617463E+00
   0.1500000E+00   0.5059999E+00   0.1520014E+00   0.9693453E+00   0.1380004E+01   0.9729448E+00
   0.1500000E+00   0.5070000E+00   0.1522014E+00   0.9833434E+00   0.1346799E+01   0.9765443E+00
   0.1500000E+00   0.5080000E+00   0.1464013E+00   0.9787440E+00   0.1352600E+01   0.9609464E+00
   0.1500000E+00   0.5089999E+00   0.1360012E+00   0.9945419E+00   0.1380404E+01   0.9661457E+00
   0.1500000E+00   0.5099999E+00   0.1418013E+00   0.9673455E+00   0.1425212E+01   0.9891427E+00
   0.1500000E+00   0.5109999E+00   0.1462013E+00   0.9469482E+00   0.1386205E+01   0.9571469E+00
   0.1500000E+00   0.5120000E+00   0.1356011E+00   0.9671456E+00   0.1346599E+01   0.9503478E+00
   0.1500000E+00   0.5130000E+00   0.1304011E+00   0.9395492E+00   0.1377804E+01   0.9739447E+00
   0.1500000E+00   0.5139999E+00   0.1310011E+00   0.9467483E+00   0.1401808E+01   0.9819436E+00
   0.1500000E+00   0.5149999E+00   0.1150008E+00   0.9709451E+00   0.1389806E+01   0.9529474E+00
   0.1500000E+00   0.5159999E+00   0.1218009E+00   0.9467483E+00   0.1409409E+01   0.9829435E+00
   0.1500000E+00   0.5170000E+00   0.1144008E+00   0.9447485E+00   0.1417210E+01   0.9743446E+00
   0.1500000E+00   0.5179999E+00   0.1142008E+00   0.9349498E+00   0.1374803E+01   0.9587467E+00
   0.1500000E+00   0.5189999E+00   0.1160008E+00   0.9347498E+00   0.1425612E+01   0.9803438E+00
   0.1500000E+00   0.5199999E+00   0.9360044E-01   0.9197518E+00   0.1404608E+01   0.9547472E+00
   0.1500000E+00   0.5210000E+00   0.1086007E+00   0.9309503E+00   0.1454817E+01   0.9921423E+00
   0.1500000E+00   0.5220000E+00   0.1060006E+00   0.9145525E+00   0.1424212E+01   0.9899426E+00
   0.1500000E+00   0.5229999E+00   0.1126008E+00   0.9321502E+00   0.1431813E+01   0.9747446E+00
   0.1500000E+00   0.5239999E+00   0.9180041E-01   0.9199518E+00   0.1429212E+01   0.9819436E+00
   0.1500000E+00   0.5249999E+00   0.8800034E-01   0.8889559E+00   0.1424612E+01   0.9649459E+00
   0.1500000E+00   0.5260000E+00   0.1002005E+00   0.9349498E+00   0.1426412E+01   0.9747446E+00
   0.1500000E+00   0.5270000E+00   0.1030006E+00   0.9043539E+00   0.1398007E+01   0.9475482E+00
   0.1500000E+00   0.5279999E+00   0.8880036E-01   0.9161523E+00   0.1412410E+01   0.9853432E+00
   0.1500000E+00   0.5289999E+00   0.8900036E-01   0.8861563E+00   0.1440414E+01   0.9827435E+00
   0.1500000E+00   0.5299999E+00   0.8180024E-01   0.8773574E+00   0.1416610E+01   0.9353498E+00
   0.1500000E+00   0.5310000E+00   0.8460028E-01   0.8837566E+00   0.1420811E+01   0.9489480E+00
   0.1500000E+00   0.5319999E+00   0.8480029E-01   0.8737579E+00   0.1429813E+01   0.9463483E+00
   0.1500000E+00   0.5329999E+00   0.8940037E-01   0.8939552E+00   0.1461818E+01   0.9703451E+00
   0.1500000E+00   0.5339999E+00   0.8300026E-01   0.8743578E+00   0.1441815E+01   0.9497479E+00
   0.1500000E+00   0.5350000E+00   0.7840018E-01   0.8827567E+00   0.1451816E+01   0.9645459E+00
   0.1500000E+00   0.5360000E+00   0.8880036E-01   0.8743578E+00   0.1449416E+01   0.9651458E+00
   0.1500000E+00   0.5369999E+00   0.8720033E-01   0.8613595E+00   0.1449816E+01   0.9805438E+00
   0.1500000E+00   0.5379999E+00   0.6619997E-01   0.8841565E+00   0.1440814E+01   0.9543473E+00
   0.1500000E+00   0.5389999E+00   0.7400011E-01   0.8537605E+00   0.1476820E+01   0.9583467E+00
   0.1500000E+00   0.5400000E+00   0.6479995E-01   0.8661589E+00   0.1451016E+01   0.9489480E+00
   0.1500000E+00   0.5409999E+00   0.6960003E-01   0.8527607E+00   0.1480021E+01   0.9603465E+00
   0.1500000E+00   0.5419999E+00   0.7760017E-01   0.8241645E+00   0.1479421E+01   0.9781441E+00
   0.1500000E+00   0.5429999E+00   0.6659998E-01   0.8431619E+00   0.1492223E+01   0.9741446E+00
   0.1500000E+00   0.5439999E+00   0.6299992E-01   0.8457616E+00   0.1491023E+01   0.9701452E+00
   0.1500000E+00   0.5450000E+00   0.5519992E-01   0.8223647E+00   0.1467619E+01   0.9429488E+00
   0.1500000E+00   0.5459999E+00   0.5939992E-01   0.8377627E+00   0.1486822E+01   0.9595466E+00
   0.1500000E+00   0.5469999E+00   0.6679998E-01   0.8345631E+00   0.1484022E+01   0.9731448E+00
   0.1500000E+00   0.5479999E+00   0.5639992E-01   0.8235645E+00   0.1505825E+01   0.9655458E+00
   0.1500000E+00   0.5490000E+00   0.6119991E-01   0.8093664E+00   0.1467019E+01   0.9553471E+00
   0.1500000E+00   0.5500000E+00   0.5939992E-01   0.8145657E+00   0.1498424E+01   0.9631461E+00
   0.1500000E+00   0.5509999E+00   0.5179993E-01   0.8173653E+00   0.1488622E+01   0.9493479E+00
   0.1500000E+00   0.5519999E+00   0.5159993E-01   0.8031672E+00   0.1498224E+01   0.9653458E+00
   0.1500000E+00   0.5529999E+00   0.4419994E-01   0.8079666E+00   0.1539031E+01   0.9873429E+00
   0.1500000E+00   0.5540000E+00   0.5519992E-01   0.7811701E+00   0.1499424E+01   0.9599465E+00
   0.1500000E+00   0.5549999E+00   0.4679994E-01   0.8037671E+00   0.1512226E+01   0.9517476E+00
   0.1500000E+00   0.5559999E+00   0.5439993E-01   0.7933685E+00   0.1510626E+01   0.9433487E+00
   0.1500000E+00   0.5569999E+00   0.4479994E-01   0.7651722E+00   0.1536230E+01   0.9739447E+00
   0.1500000E+00   0.5579999E+00   0.3739996E-01   0.7835698E+00   0.1506625E+01   0.9637460E+00
   0.1500000E+00   0.5590000E+00   0.4579994E-01   0.7713714E+00   0.1501224E+01   0.9549472E+00
   0.1500000E+00   0.5599999E+00   0.3839995E-01   0.7533738E+00   0.1530029E+01   0.9539473E+00
   0.1500000E+00   0.5609999E+00   0.3559996E-01   0.7689717E+00   0.1538431E+01   0.9569469E+00
   0.1500000E+00   0.5619999E+00   0.4219995E-01   0.7617727E+00   0.1533430E+01   0.9705451E+00
   0.1500000E+00   0.5630000E+00   0.4479994E-01   0.7617727E+00   0.1521228E+01   0.9723449E+00
   0.1500000E+00   0.5640000E+00   0.4199995E-01   0.7507741E+00   0.1549432E+01   0.9879428E+00
   0.1500000E+00   0.5649999E+00   0.3519996E-01   0.7553735E+00   0.1533430E+01   0.9717450E+00
   0.1500000E+00   0.5659999E+00   0.3499996E-01   0.7361761E+00   0.1516227E+01   0.9479481E+00
   0.1500000E+00   0.5669999E+00   0.3059997E-01   0.7301769E+00   0.1530429E+01   0.9449485E+00
   0.1500000E+00   0.5680000E+00   0.3979995E-01   0.7489744E+00   0.1536430E+01   0.9887427E+00
   0.1500000E+00   0.5689999E+00   0.3119997E-01   0.7229778E+00   0.1574036E+01   0.9795439E+00
   0.1500000E+00   0.5699999E+00   0.3599996E-01   0.7239777E+00   0.1565035E+01   0.9655458E+00
   0.1500000E+00   0.5709999E+00   0.3299996E-01   0.7495743E+00   0.1559634E+01   0.9733447E+00
   0.1500000E+00   0.5719999E+00   0.2999997E-01   0.7071799E+00   0.1541031E+01   0.9731448E+00
   0.1500000E+00   0.5730000E+00   0.3019997E-01   0.7155788E+00   0.1589439E+01   0.9895426E+00
   0.1500000E+00   0.5739999E+00   0.3899995E-01   0.7141790E+00   0.1591639E+01   0.9879428E+00
   0.1500000E+00   0.5749999E+00   0.3419996E-01   0.6951815E+00   0.1566235E+01   0.9479481E+00
   0.1500000E+00   0.5759999E+00   0.2559998E-01   0.7035804E+00   0.1580638E+01   0.9657457E+00
   0.1500000E+00   0.5770000E+00   0.2439998E-01   0.7065800E+00   0.1587839E+01   0.9745446E+00
   0.1500000E+00   0.5779999E+00   0.2399998E-01   0.6771839E+00   0.1571436E+01   0.9509477E+00
   0.1500000E+00   0.5789999E+00   0.2819997E-01   0.6999809E+00   0.1574036E+01   0.9575468E+00
   0.1500000E+00   0.5799999E+00   0.2419998E-01   0.6903821E+00   0.1572236E+01   0.9661457E+00
   0.1500000E+00   0.5809999E+00   0.2179998E-01   0.6787837E+00   0.1599441E+01   0.9923422E+00
   0.1500000E+00   0.5820000E+00   0.2359998E-01   0.6647855E+00   0.1608042E+01   0.9555471E+00
   0.1500000E+00   0.5829999E+00   0.2479998E-01   0.6577864E+00   0.1605642E+01   0.9721449E+00
   0.1500000E+00   0.5839999E+00   0.1999998E-01   0.6857827E+00   0.1580638E+01   0.9429488E+00
   0.1500000E+00   0.5849999E+00   0.2059998E-01   0.6721845E+00   0.1578237E+01   0.9667456E+00
   0.1500000E+00   0.5860000E+00   0.1999998E-01   0.6467879E+00   0.1592239E+01   0.9799439E+00
   0.1500000E+00   0.5870000E+00   0.2279998E-01   0.6461880E+00   0.1603441E+01   0.9637460E+00
   0.1500000E+00   0.5879999E+00   0.2239998E-01   0.6577864E+00   0.1603041E+01   0.9697452E+00
   0.1500000E+00   0.5889999E+00   0.1739999E-01   0.6543869E+00   0.1626445E+01   0.9749445E+00
   0.1500000E+00   0.5899999E+00   0.1759999E-01   0.6567866E+00   0.1586038E+01   0.9605464E+00
   0.1500000E+00   0.5910000E+00   0.1859999E-01   0.6257907E+00   0.1631046E+01   0.9701452E+00
   0.1500000E+00   0.5919999E+00   0.1539999E-01   0.6609860E+00   0.1618844E+01   0.9661457E+00
   0.1500000E+00   0.5929999E+00   0.1619999E-01   0.6407887E+00   0.1617444E+01   0.9799439E+00
   0.1500000E+00   0.5939999E+00   0.1459999E-01   0.6383890E+00   0.1635447E+01   0.9747446E+00
   0.1500000E+00   0.5949999E+00   0.1959999E-01   0.6153920E+00   0.1588839E+01   0.9587467E+00
   0.1500000E+00   0.5960000E+00   0.1879999E-01   0.6159920E+00   0.1615843E+01   0.9731448E+00
   0.1500000E+00   0.5969999E+00   0.1320000E-01   0.5969945E+00   0.1621644E+01   0.9747446E+00
   0.1500000E+00   0.5979999E+00   0.2019998E-01   0.6025937E+00   0.1622645E+01   0.9629461E+00
   0.1500000E+00   0.5989999E+00   0.1200000E-01   0.6103927E+00   0.1629446E+01   0.9631461E+00
   0.1500000E+00   0.6000000E+00   0.1639999E-01   0.5945948E+00   0.1644648E+01   0.9869429E+00
   0.1500000E+00   0.6010000E+00   0.1300000E-01   0.6019938E+00   0.1650649E+01   0.9753445E+00
   0.1500000E+00   0.6019999E+00   0.1220000E-01   0.6027937E+00   0.1622445E+01   0.9679455E+00
   0.1500000E+00   0.6029999E+00   0.9400002E-02   0.5917951E+00   0.1648849E+01   0.9609464E+00
   0.1500000E+00   0.6039999E+00   0.1339999E-01   0.5971944E+00   0.1643448E+01   0.9799439E+00
   0.1500000E+00   0.6050000E+00   0.1100000E-01   0.6053934E+00   0.1662251E+01   0.9921423E+00
   0.1500000E+00   0.6059999E+00   0.1080000E-01   0.5811965E+00   0.1631446E+01   0.9695452E+00
   0.1500000E+00   0.6069999E+00   0.1100000E-01   0.5817965E+00   0.1680454E+01   0.9781441E+00
   0.1500000E+00   0.6079999E+00   0.7200004E-02   0.6015939E+00   0.1651449E+01   0.9649459E+00
   0.1500000E+00   0.6089999E+00   0.1280000E-01   0.5853960E+00   0.1658250E+01   0.9739447E+00
   0.1500000E+00   0.6100000E+00   0.1000000E-01   0.5839962E+00   0.1696057E+01   0.1005342E+01
   0.1500000E+00   0.6109999E+00   0.7000003E-02   0.5667984E+00   0.1667452E+01   0.9659457E+00
   0.1500000E+00   0.6119999E+00   0.6400003E-02   0.5565998E+00   0.1652249E+01   0.9619462E+00
   0.1500000E+00   0.6129999E+00   0.7800004E-02   0.5555999E+00   0.1683455E+01   0.9897426E+00
   0.1500000E+00   0.6140000E+00   0.8000004E-02   0.5625990E+00   0.1674053E+01   0.9947419E+00
   0.1500000E+00   0.6149999E+00   0.9600001E-02   0.5366024E+00   0.1673053E+01   0.9621462E+00
   0.1500000E+00   0.6159999E+00   0.1020000E-01   0.5422017E+00   0.1674053E+01   0.9569469E+00
   0.1500000E+00   0.6169999E+00   0.8200004E-02   0.5244040E+00   0.1668252E+01   0.9601465E+00
   0.1500000E+00   0.6179999E+00   0.7800004E-02   0.5506006E+00   0.1693056E+01   0.9831434E+00
   0.1500000E+00   0.6190000E+00   0.1000000E-01   0.5725977E+00   0.1679254E+01   0.9973416E+00
   0.1500000E+00   0.6199999E+00   0.6000003E-02   0.5440015E+00   0.1680654E+01   0.9825435E+00
   0.1500000E+00   0.6209999E+00   0.1120000E-01   0.5246040E+00   0.1731263E+01   0.1002542E+01
   0.1500000E+00   0.6219999E+00   0.6800003E-02   0.5416018E+00   0.1692256E+01   0.9801438E+00
   0.1500000E+00   0.6229999E+00   0.4400002E-02   0.5244040E+00   0.1646048E+01   0.9471482E+00
   0.1500000E+00   0.6240000E+00   0.5200002E-02   0.5252039E+00   0.1657850E+01   0.9857431E+00
   0.1500000E+00   0.6249999E+00   0.4600002E-02   0.5142054E+00   0.1691056E+01   0.9761444E+00
   0.1500000E+00   0.6259999E+00   0.5600003E-02   0.5158052E+00   0.1691456E+01   0.9667456E+00
   0.1500000E+00   0.6269999E+00   0.4200002E-02   0.5020070E+00   0.1711859E+01   0.9935421E+00
   0.1500000E+00   0.6280000E+00   0.7000003E-02   0.4864071E+00   0.1708659E+01   0.9861431E+00
   0.1500000E+00   0.6289999E+00   0.4400002E-02   0.4760069E+00   0.1676053E+01   0.9717450E+00
   0.1500000E+00   0.6299999E+00   0.4200002E-02   0.5094060E+00   0.1683255E+01   0.9667456E+00
   0.1500000E+00   0.6309999E+00   0.7600004E-02   0.5100060E+00   0.1694857E+01   0.9875429E+00
   0.1500000E+00   0.6319999E+00   0.7000003E-02   0.5026069E+00   0.1734863E+01   0.9885427E+00
   0.1500000E+00   0.6330000E+00   0.5600003E-02   0.4880071E+00   0.1692456E+01   0.9673455E+00
   0.1500000E+00   0.6339999E+00   0.5200002E-02   0.4734069E+00   0.1664652E+01   0.9539473E+00
   0.1500000E+00   0.6349999E+00   0.2600001E-02   0.4800070E+00   0.1715460E+01   0.9881428E+00
   0.1500000E+00   0.6359999E+00   0.3000001E-02   0.4840070E+00   0.1727062E+01   0.9929422E+00
   0.1500000E+00   0.6369999E+00   0.4400002E-02   0.4724068E+00   0.1745265E+01   0.9819436E+00
   0.1500000E+00   0.6380000E+00   0.4600002E-02   0.4764069E+00   0.1734863E+01   0.9907424E+00
   0.1500000E+00   0.6389999E+00   0.3200001E-02   0.4710068E+00   0.1720661E+01   0.9709451E+00
   0.1500000E+00   0.6399999E+00   0.2600001E-02   0.4576066E+00   0.1769869E+01   0.1012543E+01
   0.1500000E+00   0.6409999E+00   0.2400001E-02   0.4560066E+00   0.1718861E+01   0.9701452E+00
   0.1500000E+00   0.6420000E+00   0.4600002E-02   0.4508065E+00   0.1713460E+01   0.9517476E+00
   0.1500000E+00   0.6429999E+00   0.1800000E-02   0.4380063E+00   0.1748865E+01   0.9781441E+00
   0.1500000E+00   0.6439999E+00   0.2400001E-02   0.4450064E+00   0.1760267E+01   0.1022145E+01
   0.1500000E+00   0.6449999E+00   0.3800001E-02   0.4490064E+00   0.1722061E+01   0.9829435E+00
   0.1500000E+00   0.6459999E+00   0.2600001E-02   0.4414063E+00   0.1725062E+01   0.9741446E+00
   0.1500000E+00   0.6470000E+00   0.2000000E-02   0.4402063E+00   0.1742464E+01   0.9749445E+00
   0.1500000E+00   0.6479999E+00   0.3400001E-02   0.4314061E+00   0.1732663E+01   0.9903425E+00
   0.1500000E+00   0.6489999E+00   0.2800001E-02   0.4494064E+00   0.1743865E+01   0.9789440E+00
   0.1500000E+00   0.6499999E+00   0.2200000E-02   0.4276061E+00   0.1730462E+01   0.9785441E+00
   0.1500000E+00   0.6509999E+00   0.4600002E-02   0.4254060E+00   0.1760267E+01   0.9841433E+00
   0.1500000E+00   0.6520000E+00   0.2200000E-02   0.4178059E+00   0.1753466E+01   0.9629461E+00
   0.1500000E+00   0.6529999E+00   0.2000000E-02   0.4220060E+00   0.1744065E+01   0.9741446E+00
   0.1500000E+00   0.6539999E+00   0.1400000E-02   0.4102058E+00   0.1776070E+01   0.9941420E+00
   0.1500000E+00   0.6549999E+00   0.1600000E-02   0.4122058E+00   0.1735263E+01   0.9609464E+00
   0.1500000E+00   0.6560000E+00   0.1800000E-02   0.4182059E+00   0.1776470E+01   0.9847432E+00
   0.1500000E+00   0.6569999E+00   0.6000001E-03   0.4090058E+00   0.1741264E+01   0.9809437E+00
   0.1500000E+00   0.6579999E+00   0.4000000E-03   0.4110058E+00   0.1781471E+01   0.9845433E+00
   0.1500000E+00   0.6589999E+00   0.8000001E-03   0.3892054E+00   0.1737464E+01   0.9513476E+00
   0.1500000E+00   0.6599999E+00   0.1800000E-02   0.3924055E+00   0.1778070E+01   0.1000741E+01
   0.1500000E+00   0.6610000E+00   0.1600000E-02   0.3962055E+00   0.1768069E+01   0.9867430E+00
   0.1500000E+00   0.6619999E+00   0.1600000E-02   0.3732052E+00   0.1771469E+01   0.9639460E+00
   0.1500000E+00   0.6629999E+00   0.1400000E-02   0.3822053E+00   0.1776670E+01   0.9743446E+00
   0.1500000E+00   0.6639999E+00   0.1400000E-02   0.3878054E+00   0.1773070E+01   0.9675455E+00
   0.1500000E+00   0.6649999E+00   0.6000001E-03   0.3764052E+00   0.1768069E+01   0.9707451E+00
   0.1500000E+00   0.6659999E+00   0.2800001E-02   0.3858054E+00   0.1816677E+01   0.1012943E+01
   0.1500000E+00   0.6669999E+00   0.2400001E-02   0.3622050E+00   0.1769669E+01   0.9753445E+00
   0.1500000E+00   0.6679999E+00   0.4000000E-03   0.3700051E+00   0.1777070E+01   0.9751445E+00
   0.1500000E+00   0.6689999E+00   0.6000001E-03   0.3768052E+00   0.1749466E+01   0.9643459E+00
   0.1500000E+00   0.6700000E+00   0.1000000E-02   0.3652050E+00   0.1774070E+01   0.9963417E+00
   0.1500000E+00   0.6709999E+00   0.6000001E-03   0.3594049E+00   0.1756067E+01   0.9985414E+00
   0.1500000E+00   0.6719999E+00   0.2000000E-03   0.3596049E+00   0.1773670E+01   0.9831434E+00
   0.1500000E+00   0.6729999E+00   0.8000001E-03   0.3522048E+00   0.1765068E+01   0.9899426E+00
   0.1500000E+00   0.6739999E+00   0.1000000E-02   0.3444047E+00   0.1779070E+01   0.9771442E+00
   0.1500000E+00   0.6750000E+00   0.1400000E-02   0.3558049E+00   0.1768869E+01   0.9727448E+00
   0.1500000E+00   0.6759999E+00   0.2000000E-02   0.3466047E+00   0.1755667E+01   0.9457484E+00
   0.1500000E+00   0.6769999E+00   0.8000001E-03   0.3474047E+00   0.1771269E+01   0.9517476E+00
   0.1500000E+00   0.6779999E+00   0.1200000E-02   0.3436047E+00   0.1776470E+01   0.9815437E+00
   0.1500000E+00   0.6789999E+00   0.1200000E-02   0.3378046E+00   0.1755867E+01   0.9611464E+00
   0.1500000E+00   0.6799999E+00   0.1000000E-02   0.3342045E+00   0.1770269E+01   0.9661457E+00
   0.1500000E+00   0.6809999E+00   0.1600000E-02   0.3174042E+00   0.1781671E+01   0.9707451E+00
   0.1500000E+00   0.6819999E+00   0.1000000E-02   0.3152042E+00   0.1811476E+01   0.9935421E+00
   0.1500000E+00   0.6829999E+00   0.4000000E-03   0.3238043E+00   0.1801274E+01   0.9805438E+00
   0.1500000E+00   0.6840000E+00   0.0000000E+00   0.3210043E+00   0.1769869E+01   0.9679455E+00
   0.1500000E+00   0.6849999E+00   0.0000000E+00   0.3100041E+00   0.1782071E+01   0.9789440E+00
   0.1500000E+00   0.6859999E+00   0.6000001E-03   0.3306044E+00   0.1786872E+01   0.9647459E+00
   0.1500000E+00   0.6869999E+00   0.6000001E-03   0.3156042E+00   0.1776670E+01   0.9677455E+00
   0.1500000E+00   0.6879999E+00   0.1600000E-02   0.2978039E+00   0.1798674E+01   0.9643459E+00
   0.1500000E+00   0.6890000E+00   0.2000000E-03   0.3028040E+00   0.1811676E+01   0.9801438E+00
   0.1500000E+00   0.6899999E+00   0.0000000E+00   0.2978039E+00   0.1771869E+01   0.9697452E+00
   0.1500000E+00   0.6909999E+00   0.1000000E-02   0.2976039E+00   0.1776670E+01   0.9769443E+00
   0.1500000E+00   0.6919999E+00   0.8000001E-03   0.2810036E+00   0.1799274E+01   0.9633461E+00
   0.1500000E+00   0.6929999E+00   0.0000000E+00   0.3052040E+00   0.1819477E+01   0.9749445E+00
   0.1500000E+00   0.6939999E+00   0.0000000E+00   0.2944038E+00   0.1788472E+01   0.9561470E+00
   0.1500000E+00   0.6949999E+00   0.2000000E-03   0.2790036E+00   0.1802074E+01   0.9801438E+00
   0.1500000E+00   0.6959999E+00   0.1400000E-02   0.2968039E+00   0.1789472E+01   0.9639460E+00
   0.1500000E+00   0.6969999E+00   0.2000000E-03   0.2924038E+00   0.1775270E+01   0.9589466E+00
   0.1500000E+00   0.6980000E+00   0.0000000E+00   0.2792036E+00   0.1785872E+01   0.9675455E+00
   0.1500000E+00   0.6989999E+00   0.0000000E+00   0.2796036E+00   0.1805675E+01   0.9643459E+00
   0.1500000E+00   0.6999999E+00   0.2000000E-03   0.2798036E+00   0.1797474E+01   0.9829435E+00
   0.1500000E+00   0.7009999E+00   0.0000000E+00   0.2630033E+00   0.1794273E+01   0.9687454E+00
   0.1500000E+00   0.7019999E+00   0.2000000E-03   0.2576032E+00   0.1795473E+01   0.9673455E+00
   0.1500000E+00   0.7029999E+00   0.4000000E-03   0.2652033E+00   0.1808675E+01   0.9775442E+00
   0.1500000E+00   0.7039999E+00   0.0000000E+00   0.2684034E+00   0.1784471E+01   0.9539473E+00
   0.1500000E+00   0.7049999E+00   0.2000000E-03   0.2626033E+00   0.1777270E+01   0.9601465E+00
   0.1500000E+00   0.7059999E+00   0.0000000E+00   0.2586032E+00   0.1770669E+01   0.9423488E+00
   0.1500000E+00   0.7070000E+00   0.4000000E-03   0.2622033E+00   0.1797674E+01   0.9691453E+00
   0.1500000E+00   0.7079999E+00   0.0000000E+00   0.2430030E+00   0.1806275E+01   0.9813437E+00
   0.1500000E+00   0.7089999E+00   0.1000000E-02   0.2394029E+00   0.1773070E+01   0.9495479E+00
   0.1500000E+00   0.7099999E+00   0.0000000E+00   0.2460030E+00   0.1809476E+01   0.9689453E+00
   0.1500000E+00   0.7109999E+00   0.0000000E+00   0.2460030E+00   0.1802474E+01   0.9633461E+00
   0.1500000E+00   0.7120000E+00   0.0000000E+00   0.2358028E+00   0.1810676E+01   0.9709451E+00
   0.1500000E+00   0.7129999E+00   0.0000000E+00   0.2388029E+00   0.1789272E+01   0.9687454E+00
   0.1500000E+00   0.7139999E+00   0.0000000E+00   0.2178025E+00   0.1783471E+01   0.9427488E+00
   0.1500000E+00   0.7149999E+00   0.1000000E-02   0.2348028E+00   0.1788872E+01   0.9389493E+00
   0.1500000E+00   0.7159999E+00   0.0000000E+00   0.2338028E+00   0.1799674E+01   0.9653458E+00
   0.1500000E+00   0.7169999E+00   0.0000000E+00   0.2280027E+00   0.1773470E+01   0.9563470E+00
   0.1500000E+00   0.7179999E+00   0.0000000E+00   0.2258027E+00   0.1815277E+01   0.9601465E+00
   0.1500000E+00   0.7189999E+00   0.0000000E+00   0.2202026E+00   0.1841081E+01   0.9773442E+00
   0.1500000E+00   0.7199999E+00   0.4000000E-03   0.2156025E+00   0.1807275E+01   0.9661457E+00
   0.1500000E+00   0.7210000E+00   0.1000000E-02   0.2142025E+00   0.1788672E+01   0.9497479E+00
   0.1500000E+00   0.7219999E+00   0.0000000E+00   0.2202026E+00   0.1788872E+01   0.9417489E+00
   0.1500000E+00   0.7229999E+00   0.0000000E+00   0.2278027E+00   0.1826078E+01   0.9695452E+00
   0.1500000E+00   0.7239999E+00   0.0000000E+00   0.2014023E+00   0.1776270E+01   0.9407490E+00
   0.1500000E+00   0.7249999E+00   0.0000000E+00   0.2146025E+00   0.1783071E+01   0.9547472E+00
   0.1500000E+00   0.7260000E+00   0.0000000E+00   0.2006022E+00   0.1781071E+01   0.9509477E+00
   0.1500000E+00   0.7269999E+00   0.2000000E-03   0.2166025E+00   0.1801074E+01   0.9603465E+00
   0.1500000E+00   0.7279999E+00   0.2000000E-03   0.2102024E+00   0.1806275E+01   0.9707451E+00
   0.1500000E+00   0.7289999E+00   0.0000000E+00   0.2066023E+00   0.1822278E+01   0.9785441E+00
   0.1500000E+00   0.7299999E+00   0.2000000E-03   0.1864020E+00   0.1818677E+01   0.9553471E+00
   0.1500000E+00   0.7309999E+00   0.0000000E+00   0.1960022E+00   0.1812076E+01   0.9555471E+00
   0.1500000E+00   0.7319999E+00   0.0000000E+00   0.1948022E+00   0.1779671E+01   0.9445485E+00
   0.1500000E+00   0.7329999E+00   0.0000000E+00   0.1836020E+00   0.1802874E+01   0.9601465E+00
   0.1500000E+00   0.7339999E+00   0.0000000E+00   0.1924021E+00   0.1820677E+01   0.9765443E+00
   0.1500000E+00   0.7350000E+00   0.0000000E+00   0.1746018E+00   0.1810876E+01   0.9653458E+00
   0.1500000E+00   0.7359999E+00   0.0000000E+00   0.1786019E+00   0.1773870E+01   0.9255511E+00
   0.1500000E+00   0.7369999E+00   0.0000000E+00   0.1824019E+00   0.1801874E+01   0.9361497E+00
   0.1500000E+00   0.7379999E+00   0.0000000E+00   0.1846020E+00   0.1786272E+01   0.9309503E+00
   0.1500000E+00   0.7389999E+00   0.0000000E+00   0.1866020E+00   0.1787672E+01   0.9367496E+00
   0.1500000E+00   0.7399999E+00   0.0000000E+00   0.1792019E+00   0.1810476E+01   0.9337500E+00
   0.1500000E+00   0.7409999E+00   0.0000000E+00   0.1696017E+00   0.1775670E+01   0.9271508E+00
   0.1500000E+00   0.7419999E+00   0.0000000E+00   0.1676017E+00   0.1760467E+01   0.9183520E+00
   0.1500000E+00   0.7429999E+00   0.0000000E+00   0.1588015E+00   0.1732863E+01   0.8997545E+00
   0.1500000E+00   0.7439999E+00   0.0000000E+00   0.1696017E+00   0.1763068E+01   0.9305504E+00
   0.1500000E+00   0.7449999E+00   0.0000000E+00   0.1716018E+00   0.1774670E+01   0.9417489E+00
   0.1500000E+00   0.7459999E+00   0.0000000E+00   0.1640016E+00   0.1779871E+01   0.9405491E+00
   0.1500000E+00   0.7469999E+00   0.0000000E+00   0.1706017E+00   0.1778070E+01   0.9397492E+00
   0.1500000E+00   0.7479999E+00   0.0000000E+00   0.1572015E+00   0.1774670E+01   0.9273508E+00
   0.1500000E+00   0.7490000E+00   0.0000000E+00   0.1646016E+00   0.1754266E+01   0.9081534E+00
   0.1500000E+00   0.7499999E+00   0.0000000E+00   0.1606016E+00   0.1776870E+01   0.9213516E+00
   0.1500000E+00   0.7509999E+00   0.0000000E+00   0.1476014E+00   0.1770269E+01   0.9351498E+00
   0.1500000E+00   0.7519999E+00   0.0000000E+00   0.1530014E+00   0.1747665E+01   0.9057537E+00
   0.1500000E+00   0.7529999E+00   0.0000000E+00   0.1494014E+00   0.1757467E+01   0.9165522E+00
   0.1500000E+00   0.7539999E+00   0.0000000E+00   0.1576015E+00   0.1788672E+01   0.9245512E+00
   0.1500000E+00   0.7549999E+00   0.0000000E+00   0.1408012E+00   0.1747665E+01   0.9075534E+00
   0.1500000E+00   0.7559999E+00   0.0000000E+00   0.1446013E+00   0.1753866E+01   0.9047538E+00
   0.1500000E+00   0.7569999E+00   0.0000000E+00   0.1414012E+00   0.1783271E+01   0.9289506E+00
   0.1500000E+00   0.7579999E+00   0.0000000E+00   0.1366012E+00   0.1743265E+01   0.9119529E+00
   0.1500000E+00   0.7589999E+00   0.0000000E+00   0.1326011E+00   0.1761668E+01   0.9205517E+00
   0.1500000E+00   0.7599999E+00   0.0000000E+00   0.1286010E+00   0.1736463E+01   0.8923554E+00
   0.1500000E+00   0.7609999E+00   0.0000000E+00   0.1330011E+00   0.1732263E+01   0.9097531E+00
   0.1500000E+00   0.7619999E+00   0.0000000E+00   0.1370012E+00   0.1752466E+01   0.9129527E+00
   0.1500000E+00   0.7630000E+00   0.0000000E+00   0.1256010E+00   0.1745265E+01   0.8915555E+00
   0.1500000E+00   0.7639999E+00   0.0000000E+00   0.1206009E+00   0.1768469E+01   0.9219515E+00
   0.1500000E+00   0.7649999E+00   0.0000000E+00   0.1248010E+00   0.1771069E+01   0.9295505E+00
   0.1500000E+00   0.7659999E+00   0.0000000E+00   0.1264010E+00   0.1746065E+01   0.8925554E+00
   0.1500000E+00   0.7669999E+00   0.0000000E+00   0.1208009E+00   0.1707459E+01   0.8831567E+00
   0.1500000E+00   0.7679999E+00   0.0000000E+00   0.1242010E+00   0.1755667E+01   0.9047538E+00
   0.1500000E+00   0.7689999E+00   0.0000000E+00   0.1174008E+00   0.1721061E+01   0.8789572E+00
   0.1500000E+00   0.7699999E+00   0.0000000E+00   0.1238009E+00   0.1736063E+01   0.9047538E+00
   0.1500000E+00   0.7709999E+00   0.0000000E+00   0.1064007E+00   0.1714060E+01   0.8791572E+00
   0.1500000E+00   0.7719999E+00   0.0000000E+00   0.1064007E+00   0.1692856E+01   0.8723581E+00
   0.1500000E+00   0.7729999E+00   0.0000000E+00   0.1058006E+00   0.1710659E+01   0.8861563E+00
   0.1500000E+00   0.7739999E+00   0.0000000E+00   0.1118007E+00   0.1720861E+01   0.9001544E+00
   0.1500000E+00   0.7749999E+00   0.0000000E+00   0.1020006E+00   0.1729262E+01   0.8793572E+00
   0.1500000E+00   0.7759999E+00   0.0000000E+00   0.1090007E+00   0.1693056E+01   0.8787572E+00
   0.1500000E+00   0.7770000E+00   0.0000000E+00   0.1048006E+00   0.1681654E+01   0.8483613E+00
   0.1500000E+00   0.7779999E+00   0.0000000E+00   0.1046006E+00   0.1723261E+01   0.8869562E+00
   0.1500000E+00   0.7789999E+00   0.0000000E+00   0.9820051E-01   0.1735663E+01   0.8803570E+00
   0.1500000E+00   0.7799999E+00   0.0000000E+00   0.9800051E-01   0.1727462E+01   0.8969548E+00
   0.1500000E+00   0.7809999E+00   0.0000000E+00   0.9400044E-01   0.1728862E+01   0.8967549E+00
   0.1500000E+00   0.7819999E+00   0.0000000E+00   0.9780051E-01   0.1708459E+01   0.8875561E+00
   0.1500000E+00   0.7829999E+00   0.0000000E+00   0.8920036E-01   0.1700057E+01   0.8775574E+00
   0.1500000E+00   0.7839999E+00   0.0000000E+00   0.8600031E-01   0.1711259E+01   0.8599597E+00
   0.1500000E+00   0.7849999E+00   0.0000000E+00   0.9420045E-01   0.1710259E+01   0.8733580E+00
   0.1500000E+00   0.7859999E+00   0.0000000E+00   0.8840035E-01   0.1687855E+01   0.8643591E+00
   0.1500000E+00   0.7869999E+00   0.0000000E+00   0.8760034E-01   0.1697257E+01   0.8589599E+00
   0.1500000E+00   0.7879999E+00   0.0000000E+00   0.8300026E-01   0.1637247E+01   0.8479613E+00
   0.1500000E+00   0.7889999E+00   0.0000000E+00   0.8640032E-01   0.1695457E+01   0.8591598E+00
   0.1500000E+00   0.7899999E+00   0.0000000E+00   0.8820035E-01   0.1682855E+01   0.8651590E+00
   0.1500000E+00   0.7909999E+00   0.0000000E+00   0.8680032E-01   0.1691456E+01   0.8613595E+00
   0.1500000E+00   0.7919999E+00   0.0000000E+00   0.9020038E-01   0.1666852E+01   0.8523607E+00
   0.1500000E+00   0.7929999E+00   0.0000000E+00   0.7480012E-01   0.1673253E+01   0.8423620E+00
   0.1500000E+00   0.7939999E+00   0.0000000E+00   0.7660015E-01   0.1687655E+01   0.8609596E+00
   0.1500000E+00   0.7949999E+00   0.0000000E+00   0.7400011E-01   0.1671653E+01   0.8553603E+00
   0.1500000E+00   0.7959999E+00   0.0000000E+00   0.7100005E-01   0.1647449E+01   0.8289638E+00
   0.1500000E+00   0.7969999E+00   0.0000000E+00   0.7520013E-01   0.1653250E+01   0.8399624E+00
   0.1500000E+00   0.7979999E+00   0.0000000E+00   0.7680015E-01   0.1660451E+01   0.8443618E+00
   0.1500000E+00   0.7989999E+00   0.0000000E+00   0.6679998E-01   0.1639047E+01   0.8357629E+00
   0.1500000E+00   0.7999999E+00   0.0000000E+00   0.6800000E-01   0.1609442E+01   0.8333632E+00
   0.1500000E+00   0.8009999E+00   0.0000000E+00   0.6479995E-01   0.1657050E+01   0.8421621E+00
   0.1500000E+00   0.8019999E+00   0.0000000E+00   0.6019992E-01   0.1654050E+01   0.8457616E+00
   0.1500000E+00   0.8029999E+00   0.0000000E+00   0.6900002E-01   0.1675053E+01   0.8459616E+00
   0.1500000E+00   0.8039999E+00   0.0000000E+00   0.6659998E-01   0.1624445E+01   0.8315635E+00
   0.1500000E+00   0.8049999E+00   0.0000000E+00   0.6539996E-01   0.1605242E+01   0.8287638E+00
   0.1500000E+00   0.8059999E+00   0.0000000E+00   0.6599997E-01   0.1631246E+01   0.8211648E+00
   0.1500000E+00   0.8069999E+00   0.0000000E+00   0.5679992E-01   0.1597440E+01   0.8077666E+00
   0.1500000E+00   0.8079999E+00   0.0000000E+00   0.6039992E-01   0.1625445E+01   0.8055669E+00
   0.1500000E+00   0.8089999E+00   0.0000000E+00   0.5659992E-01   0.1610443E+01   0.8167654E+00
   0.1500000E+00   0.8099999E+00   0.0000000E+00   0.6459995E-01   0.1589239E+01   0.8019674E+00
   0.1500000E+00   0.8109999E+00   0.0000000E+00   0.5499993E-01   0.1592039E+01   0.8207649E+00
   0.1500000E+00   0.8119999E+00   0.0000000E+00   0.5539992E-01   0.1564835E+01   0.7987678E+00
   0.1500000E+00   0.8129999E+00   0.0000000E+00   0.5579992E-01   0.1604842E+01   0.8185652E+00
   0.1500000E+00   0.8139999E+00   0.0000000E+00   0.5579992E-01   0.1581238E+01   0.7917687E+00
   0.1500000E+00   0.8149999E+00   0.0000000E+00   0.5399993E-01   0.1591239E+01   0.7909688E+00
   0.1500000E+00   0.8159999E+00   0.0000000E+00   0.5759992E-01   0.1565235E+01   0.7999676E+00
   0.1500000E+00   0.8169999E+00   0.0000000E+00   0.5239993E-01   0.1564035E+01   0.7933685E+00
   0.1500000E+00   0.8179999E+00   0.0000000E+00   0.4699994E-01   0.1584638E+01   0.7959682E+00
   0.1500000E+00   0.8189999E+00   0.0000000E+00   0.4979993E-01   0.1568636E+01   0.7803702E+00
   0.1500000E+00   0.8199999E+00   0.2000000E-03   0.4499994E-01   0.1583838E+01   0.8043671E+00
   0.1500000E+00   0.8209999E+00   0.0000000E+00   0.4759994E-01   0.1548032E+01   0.7861695E+00
   0.1500000E+00   0.8219999E+00   0.0000000E+00   0.4399994E-01   0.1569036E+01   0.7947683E+00
   0.1500000E+00   0.8229999E+00   0.0000000E+00   0.4539994E-01   0.1531629E+01   0.7697716E+00
   0.1500000E+00   0.8239999E+00   0.0000000E+00   0.4079995E-01   0.1552033E+01   0.7963681E+00
   0.1500000E+00   0.8249999E+00   0.0000000E+00   0.4199995E-01   0.1505825E+01   0.7647723E+00
   0.1500000E+00   0.8259999E+00   0.0000000E+00   0.4419994E-01   0.1514627E+01   0.7755709E+00
   0.1500000E+00   0.8269999E+00   0.0000000E+00   0.3979995E-01   0.1508826E+01   0.7643723E+00
   0.1500000E+00   0.8279999E+00   0.0000000E+00   0.4139995E-01   0.1510026E+01   0.7735711E+00
   0.1500000E+00   0.8289999E+00   0.0000000E+00   0.3659996E-01   0.1482821E+01   0.7593730E+00
   0.1500000E+00   0.8299999E+00   0.0000000E+00   0.3999995E-01   0.1477620E+01   0.7541737E+00
   0.1500000E+00   0.8309999E+00   0.0000000E+00   0.3699996E-01   0.1500224E+01   0.7433751E+00
   0.1500000E+00   0.8319999E+00   0.0000000E+00   0.3939995E-01   0.1472820E+01   0.7459748E+00
   0.1500000E+00   0.8329999E+00   0.0000000E+00   0.3539996E-01   0.1481621E+01   0.7399756E+00
   0.1500000E+00   0.8339999E+00   0.0000000E+00   0.3579996E-01   0.1492023E+01   0.7623726E+00
   0.1500000E+00   0.8349999E+00   0.0000000E+00   0.3659996E-01   0.1491223E+01   0.7569733E+00
   0.1500000E+00   0.8359999E+00   0.0000000E+00   0.3159996E-01   0.1484422E+01   0.7359761E+00
   0.1500000E+00   0.8369999E+00   0.0000000E+00   0.3139997E-01   0.1481221E+01   0.7577732E+00
   0.1500000E+00   0.8379999E+00   0.0000000E+00   0.3299996E-01   0.1471219E+01   0.7513741E+00
   0.1500000E+00   0.8389999E+00   0.0000000E+00   0.2939997E-01   0.1435213E+01   0.7337764E+00
   0.1500000E+00   0.8399999E+00   0.0000000E+00   0.2679997E-01   0.1449216E+01   0.7467747E+00
   0.1500000E+00   0.8409999E+00   0.0000000E+00   0.2779997E-01   0.1450016E+01   0.7389757E+00
   0.1500000E+00   0.8419999E+00   0.0000000E+00   0.3119997E-01   0.1444415E+01   0.7321766E+00
   0.1500000E+00   0.8429999E+00   0.0000000E+00   0.2859997E-01   0.1413010E+01   0.7201782E+00
   0.1500000E+00   0.8439999E+00   0.0000000E+00   0.2999997E-01   0.1426412E+01   0.7111794E+00
   0.1500000E+00   0.8449999E+00   0.0000000E+00   0.2819997E-01   0.1435614E+01   0.7219779E+00
   0.1500000E+00   0.8459999E+00   0.0000000E+00   0.2439998E-01   0.1416610E+01   0.7213780E+00
   0.1500000E+00   0.8469999E+00   0.0000000E+00   0.2239998E-01   0.1383805E+01   0.6873825E+00
   0.1500000E+00   0.8479999E+00   0.0000000E+00   0.3059997E-01   0.1402008E+01   0.7031804E+00
   0.1500000E+00   0.8489999E+00   0.0000000E+00   0.2339998E-01   0.1388406E+01   0.6959814E+00
   0.1500000E+00   0.8499999E+00   0.0000000E+00   0.2639997E-01   0.1404808E+01   0.6955814E+00
   0.1500000E+00   0.8509999E+00   0.0000000E+00   0.2339998E-01   0.1376404E+01   0.6741843E+00
   0.1500000E+00   0.8519999E+00   0.0000000E+00   0.2519998E-01   0.1370403E+01   0.7017806E+00
   0.1500000E+00   0.8529999E+00   0.0000000E+00   0.2119998E-01   0.1344998E+01   0.6733844E+00
   0.1500000E+00   0.8539999E+00   0.0000000E+00   0.2359998E-01   0.1356200E+01   0.6919819E+00
   0.1500000E+00   0.8549999E+00   0.0000000E+00   0.2219998E-01   0.1328196E+01   0.6757841E+00
   0.1500000E+00   0.8559999E+00   0.0000000E+00   0.2159998E-01   0.1334397E+01   0.6703848E+00
   0.1500000E+00   0.8569999E+00   0.0000000E+00   0.1739999E-01   0.1322795E+01   0.6683850E+00
   0.1500000E+00   0.8579999E+00   0.0000000E+00   0.2279998E-01   0.1320794E+01   0.6585863E+00
   0.1500000E+00   0.8589999E+00   0.0000000E+00   0.1639999E-01   0.1291590E+01   0.6365892E+00
   0.1500000E+00   0.8599999E+00   0.0000000E+00   0.1399999E-01   0.1311193E+01   0.6583863E+00
   0.1500000E+00   0.8609999E+00   0.0000000E+00   0.1839999E-01   0.1322595E+01   0.6683850E+00
   0.1500000E+00   0.8619999E+00   0.0000000E+00   0.1839999E-01   0.1338997E+01   0.6735843E+00
   0.1500000E+00   0.8629999E+00   0.0000000E+00   0.1419999E-01   0.1299591E+01   0.6559867E+00
   0.1500000E+00   0.8639999E+00   0.0000000E+00   0.1539999E-01   0.1286989E+01   0.6473878E+00
   0.1500000E+00   0.8649999E+00   0.0000000E+00   0.1619999E-01   0.1289589E+01   0.6561866E+00
   0.1500000E+00   0.8659999E+00   0.0000000E+00   0.1379999E-01   0.1253383E+01   0.6291902E+00
   0.1500000E+00   0.8669999E+00   0.0000000E+00   0.1200000E-01   0.1249583E+01   0.6343895E+00
   0.1500000E+00   0.8679999E+00   0.0000000E+00   0.1559999E-01   0.1245582E+01   0.6237909E+00
   0.1500000E+00   0.8689999E+00   0.0000000E+00   0.1599999E-01   0.1256984E+01   0.6281903E+00
   0.1500000E+00   0.8699999E+00   0.0000000E+00   0.1240000E-01   0.1223978E+01   0.6051934E+00
   0.1500000E+00   0.8709999E+00   0.0000000E+00   0.1419999E-01   0.1235180E+01   0.6259906E+00
   0.1500000E+00   0.8719999E+00   0.0000000E+00   0.1220000E-01   0.1206776E+01   0.6021938E+00
   0.1500000E+00   0.8729999E+00   0.0000000E+00   0.1100000E-01   0.1248182E+01   0.6319898E+00
   0.1500000E+00   0.8739999E+00   0.0000000E+00   0.1100000E-01   0.1206375E+01   0.5921951E+00
   0.1500000E+00   0.8749999E+00   0.0000000E+00   0.1280000E-01   0.1226579E+01   0.6203914E+00
   0.1500000E+00   0.8759999E+00   0.0000000E+00   0.1100000E-01   0.1185972E+01   0.5989942E+00
   0.1500000E+00   0.8769999E+00   0.0000000E+00   0.1020000E-01   0.1193173E+01   0.6039935E+00
   0.1500000E+00   0.8779999E+00   0.0000000E+00   0.9000002E-02   0.1164769E+01   0.5859959E+00
   0.1500000E+00   0.8789999E+00   0.0000000E+00   0.1339999E-01   0.1173970E+01   0.5953947E+00
   0.1500000E+00   0.8799999E+00   0.0000000E+00   0.9000002E-02   0.1143365E+01   0.5789968E+00
   0.1500000E+00   0.8809999E+00   0.0000000E+00   0.8800003E-02   0.1107959E+01   0.5528003E+00
   0.1500000E+00   0.8819999E+00   0.0000000E+00   0.7600004E-02   0.1139764E+01   0.5793968E+00
   0.1500000E+00   0.8829999E+00   0.0000000E+00   0.7800004E-02   0.1112160E+01   0.5540001E+00
   0.1500000E+00   0.8839999E+00   0.0000000E+00   0.1140000E-01   0.1114760E+01   0.5731976E+00
   0.1500000E+00   0.8849999E+00   0.0000000E+00   0.8000004E-02   0.1102358E+01   0.5460012E+00
   0.1500000E+00   0.8859999E+00   0.0000000E+00   0.9200002E-02   0.1105359E+01   0.5619991E+00
   0.1500000E+00   0.8869999E+00   0.0000000E+00   0.7200004E-02   0.1101958E+01   0.5554000E+00
   0.1500000E+00   0.8879999E+00   0.0000000E+00   0.8000004E-02   0.1086156E+01   0.5408019E+00
   0.1500000E+00   0.8889999E+00   0.0000000E+00   0.9200002E-02   0.1066752E+01   0.5322030E+00
   0.1500000E+00   0.8899999E+00   0.0000000E+00   0.5200002E-02   0.1072153E+01   0.5320030E+00
   0.1500000E+00   0.8909999E+00   0.0000000E+00   0.5600003E-02   0.1052350E+01   0.5428016E+00
   0.1500000E+00   0.8919999E+00   0.0000000E+00   0.7800004E-02   0.1030946E+01   0.5192047E+00
   0.1500000E+00   0.8929999E+00   0.0000000E+00   0.4200002E-02   0.1038548E+01   0.5234042E+00
   0.1500000E+00   0.8939999E+00   0.0000000E+00   0.5600003E-02   0.1012543E+01   0.5142054E+00
   0.1500000E+00   0.8949999E+00   0.0000000E+00   0.3400001E-02   0.1016744E+01   0.5168051E+00
   0.1500000E+00   0.8959999E+00   0.0000000E+00   0.5800003E-02   0.1012743E+01   0.5136055E+00
   0.1500000E+00   0.8969999E+00   0.0000000E+00   0.6000003E-02   0.9993413E+00   0.5126056E+00
   0.1500000E+00   0.8979999E+00   0.0000000E+00   0.3600001E-02   0.9787440E+00   0.5060065E+00
   0.1500000E+00   0.8989999E+00   0.0000000E+00   0.6600003E-02   0.9713450E+00   0.4824070E+00
   0.1500000E+00   0.8999999E+00   0.0000000E+00   0.4800002E-02   0.9545472E+00   0.4706068E+00
   0.1500000E+00   0.9009999E+00   0.0000000E+00   0.4400002E-02   0.9519476E+00   0.4776069E+00
   0.1500000E+00   0.9019999E+00   0.0000000E+00   0.3200001E-02   0.9395492E+00   0.4752069E+00
   0.1500000E+00   0.9029999E+00   0.0000000E+00   0.3200001E-02   0.9163523E+00   0.4626067E+00
   0.1500000E+00   0.9039999E+00   0.0000000E+00   0.3200001E-02   0.9039539E+00   0.4676068E+00
   0.1500000E+00   0.9049999E+00   0.0000000E+00   0.3600001E-02   0.8979547E+00   0.4468064E+00
   0.1500000E+00   0.9059999E+00   0.0000000E+00   0.2800001E-02   0.9049538E+00   0.4606066E+00
   0.1500000E+00   0.9069999E+00   0.0000000E+00   0.2800001E-02   0.8623594E+00   0.4392063E+00
   0.1500000E+00   0.9079999E+00   0.0000000E+00   0.3400001E-02   0.8645591E+00   0.4372062E+00
   0.1500000E+00   0.9089999E+00   0.0000000E+00   0.2600001E-02   0.8423620E+00   0.4206060E+00
   0.1500000E+00   0.9099999E+00   0.0000000E+00   0.2000000E-02   0.8665588E+00   0.4328062E+00
   0.1500000E+00   0.9109999E+00   0.0000000E+00   0.2600001E-02   0.8401623E+00   0.4328062E+00
   0.1500000E+00   0.9119999E+00   0.0000000E+00   0.3000001E-02   0.8103663E+00   0.4140058E+00
   0.1500000E+00   0.9129999E+00   0.0000000E+00   0.2800001E-02   0.8251643E+00   0.4142058E+00
   0.1500000E+00   0.9139999E+00   0.0000000E+00   0.2000000E-02   0.8133659E+00   0.3986056E+00
   0.1500000E+00   0.9149999E+00   0.0000000E+00   0.4200002E-02   0.7921687E+00   0.3906054E+00
   0.1500000E+00   0.9159999E+00   0.0000000E+00   0.2400001E-02   0.7921687E+00   0.3812053E+00
   0.1500000E+00   0.9169999E+00   0.0000000E+00   0.2600001E-02   0.7767707E+00   0.3860054E+00
   0.1500000E+00   0.9179999E+00   0.0000000E+00   0.1800000E-02   0.7715714E+00   0.3896054E+00
   0.1500000E+00   0.9189999E+00   0.0000000E+00   0.2400001E-02   0.7357761E+00   0.3594049E+00
   0.1500000E+00   0.9199999E+00   0.0000000E+00   0.2400001E-02   0.7215780E+00   0.3614050E+00
   0.1500000E+00   0.9209999E+00   0.0000000E+00   0.1000000E-02   0.7317767E+00   0.3676051E+00
   0.1500000E+00   0.9219999E+00   0.0000000E+00   0.1800000E-02   0.7045802E+00   0.3508048E+00
   0.1500000E+00   0.9229999E+00   0.0000000E+00   0.2200000E-02   0.6819832E+00   0.3364045E+00
   0.1500000E+00   0.9239999E+00   0.0000000E+00   0.1600000E-02   0.7093796E+00   0.3522048E+00
   0.1500000E+00   0.9249999E+00   0.0000000E+00   0.1000000E-02   0.6833830E+00   0.3556049E+00
   0.1500000E+00   0.9259999E+00   0.0000000E+00   0.8000001E-03   0.6781837E+00   0.3344045E+00
   0.1500000E+00   0.9269999E+00   0.0000000E+00   0.1000000E-02   0.6439883E+00   0.3256043E+00
   0.1500000E+00   0.9279999E+00   0.0000000E+00   0.1600000E-02   0.6521872E+00   0.3358045E+00
   0.1500000E+00   0.9289999E+00   0.0000000E+00   0.1000000E-02   0.6443882E+00   0.3270044E+00
   0.1500000E+00   0.9299999E+00   0.0000000E+00   0.1000000E-02   0.6383890E+00   0.3148042E+00
   0.1500000E+00   0.9309999E+00   0.0000000E+00   0.4000000E-03   0.6353894E+00   0.3140042E+00
   0.1500000E+00   0.9319999E+00   0.0000000E+00   0.1400000E-02   0.5969945E+00   0.3044040E+00
   0.1500000E+00   0.9329999E+00   0.0000000E+00   0.0000000E+00   0.5897954E+00   0.2944038E+00
   0.1500000E+00   0.9339999E+00   0.0000000E+00   0.4000000E-03   0.5735976E+00   0.2898037E+00
   0.1500000E+00   0.9349999E+00   0.0000000E+00   0.1000000E-02   0.5593994E+00   0.2782035E+00
   0.1500000E+00   0.9359999E+00   0.0000000E+00   0.6000001E-03   0.5717978E+00   0.2904038E+00
   0.1500000E+00   0.9369999E+00   0.0000000E+00   0.6000001E-03   0.5446014E+00   0.2740035E+00
   0.1500000E+00   0.9379999E+00   0.0000000E+00   0.2000000E-03   0.5408019E+00   0.2736035E+00
   0.1500000E+00   0.9389999E+00   0.0000000E+00   0.0000000E+00   0.5474010E+00   0.2692034E+00
   0.1500000E+00   0.9399999E+00   0.0000000E+00   0.6000001E-03   0.5018070E+00   0.2492031E+00
   0.1500000E+00   0.9409999E+00   0.0000000E+00   0.8000001E-03   0.4854071E+00   0.2314028E+00
   0.1500000E+00   0.9419999E+00   0.0000000E+00   0.4000000E-03   0.4890071E+00   0.2464030E+00
   0.1500000E+00   0.9429999E+00   0.0000000E+00   0.2000000E-03   0.4704068E+00   0.2356028E+00
   0.1500000E+00   0.9439999E+00   0.0000000E+00   0.2000000E-03   0.4814070E+00   0.2414029E+00
   0.1500000E+00   0.9449999E+00   0.0000000E+00   0.0000000E+00   0.4614066E+00   0.2300027E+00
   0.1500000E+00   0.9459999E+00   0.0000000E+00   0.6000001E-03   0.4316061E+00   0.2082024E+00
   0.1500000E+00   0.9469999E+00   0.0000000E+00   0.2000000E-03   0.4196059E+00   0.2090024E+00
   0.1500000E+00   0.9479999E+00   0.0000000E+00   0.0000000E+00   0.4104058E+00   0.1970022E+00
   0.1500000E+00   0.9489999E+00   0.0000000E+00   0.0000000E+00   0.3942055E+00   0.1920021E+00
   0.1500000E+00   0.9499999E+00   0.0000000E+00   0.4000000E-03   0.3988056E+00   0.1896021E+00
   0.1500000E+00   0.9509999E+00   0.0000000E+00   0.2000000E-03   0.3662050E+00   0.1802019E+00
   0.1500000E+00   0.9519999E+00   0.0000000E+00   0.0000000E+00   0.3754052E+00   0.1862020E+00
   0.1500000E+00   0.9529999E+00   0.0000000E+00   0.0000000E+00   0.3516048E+00   0.1748018E+00
   0.1500000E+00   0.9539999E+00   0.0000000E+00   0.0000000E+00   0.3428046E+00   0.1636016E+00
   0.1500000E+00   0.9549999E+00   0.0000000E+00   0.4000000E-03   0.3260044E+00   0.1666017E+00
   0.1500000E+00   0.9559999E+00   0.0000000E+00   0.0000000E+00   0.3260044E+00   0.1622016E+00
   0.1500000E+00   0.9569999E+00   0.0000000E+00   0.2000000E-03   0.3086041E+00   0.1510014E+00
   0.1500000E+00   0.9579999E+00   0.0000000E+00   0.0000000E+00   0.3062040E+00   0.1438013E+00
   0.1500000E+00   0.9589999E+00   0.0000000E+00   0.0000000E+00   0.2840036E+00   0.1424013E+00
   0.1500000E+00   0.9599999E+00   0.0000000E+00   0.0000000E+00   0.2848037E+00   0.1390012E+00
   0.1500000E+00   0.9609999E+00   0.0000000E+00   0.2000000E-03   0.2714034E+00   0.1404012E+00
   0.1500000E+00   0.9619999E+00   0.0000000E+00   0.0000000E+00   0.2528031E+00   0.1242010E+00
   0.1500000E+00   0.9629999E+00   0.0000000E+00   0.0000000E+00   0.2436030E+00   0.1194009E+00
   0.1500000E+00   0.9639999E+00   0.0000000E+00   0.0000000E+00   0.2322028E+00   0.1160008E+00
   0.1500000E+00   0.9649999E+00   0.0000000E+00   0.0000000E+00   0.2270027E+00   0.1136008E+00
   0.1500000E+00   0.9659999E+00   0.0000000E+00   0.0000000E+00   0.2138025E+00   0.1110007E+00
   0.1500000E+00   0.9669999E+00   0.0000000E+00   0.0000000E+00   0.2002022E+00   0.9580047E-01
   0.1500000E+00   0.9679999E+00   0.0000000E+00   0.0000000E+00   0.1972022E+00   0.1042006E+00
   0.1500000E+00   0.9689999E+00   0.0000000E+00   0.0000000E+00   0.1788019E+00   0.9340043E-01
   0.1500000E+00   0.9699999E+00   0.0000000E+00   0.0000000E+00   0.1786019E+00   0.9040038E-01
   0.1500000E+00   0.9709999E+00   0.0000000E+00   0.0000000E+00   0.1594016E+00   0.8340026E-01
   0.1500000E+00   0.9719999E+00   0.0000000E+00   0.0000000E+00   0.1568015E+00   0.8440028E-01
   0.1500000E+00   0.9729999E+00   0.0000000E+00   0.0000000E+00   0.1404012E+00   0.7160006E-01
   0.1500000E+00   0.9739999E+00   0.0000000E+00   0.0000000E+00   0.1364012E+00   0.6539996E-01
   0.1500000E+00   0.9749999E+00   0.0000000E+00   0.0000000E+00   0.1270010E+00   0.6259991E-01
   0.1500000E+00   0.9759999E+00   0.0000000E+00   0.0000000E+00   0.1130008E+00   0.5799992E-01
   0.1500000E+00   0.9769999E+00   0.0000000E+00   0.0000000E+00   0.1124008E+00   0.5559992E-01
   0.1500000E+00   0.9779999E+00   0.0000000E+00   0.0000000E+00   0.9980054E-01   0.5319993E-01
   0.1500000E+00   0.9789999E+00   0.0000000E+00   0.0000000E+00   0.8940037E-01   0.4379994E-01
   0.1500000E+00   0.9799999E+00   0.0000000E+00   0.0000000E+00   0.8160023E-01   0.4059995E-01
   0.1500000E+00   0.9809999E+00   0.0000000E+00   0.0000000E+00   0.7800017E-01   0.3959995E-01
   0.1500000E+00   0.9819999E+00   0.0000000E+00   0.0000000E+00   0.6479995E-01   0.3099997E-01
   0.1500000E+00   0.9829999E+00   0.0000000E+00   0.0000000E+00   0.6159991E-01   0.3039997E-01
   0.1500000E+00   0.9839999E+00   0.0000000E+00   0.0000000E+00   0.5339993E-01   0.2479998E-01
   0.1500000E+00   0.9849999E+00   0.0000000E+00   0.0000000E+00   0.4459994E-01   0.2379998E-01
   0.1500000E+00   0.9859999E+00   0.0000000E+00   0.0000000E+00   0.4759994E-01   0.2219998E-01
   0.1500000E+00   0.9869999E+00   0.0000000E+00   0.0000000E+00   0.3499996E-01   0.1499999E-01
   0.1500000E+00   0.9879999E+00   0.0000000E+00   0.0000000E+00   0.3419996E-01   0.1639999E-01
   0.1500000E+00   0.9889999E+00   0.0000000E+00   0.0000000E+00   0.2399998E-01   0.1260000E-01
   0.1500000E+00   0.9899999E+00   0.0000000E+00   0.0000000E+00   0.1959999E-01   0.9600001E-02
   0.1500000E+00   0.9909999E+00   0.0000000E+00   0.0000000E+00   0.1679999E-01   0.8400003E-02
   0.1500000E+00   0.9919999E+00   0.0000000E+00   0.0000000E+00   0.1419999E-01   0.6600003E-02
   0.1500000E+00   0.9929999E+00   0.0000000E+00   0.0000000E+00   0.1220000E-01   0.6000003E-02
   0.1500000E+00   0.9939999E+00   0.0000000E+00   0.0000000E+00   0.7600004E-02   0.4000002E-02
   0.1500000E+00   0.9949999E+00   0.0000000E+00   0.0000000E+00   0.4000002E-02   0.2200000E-02
   0.1500000E+00   0.9959999E+00   0.0000000E+00   0.0000000E+00   0.3400001E-02   0.2200000E-02
   0.1500000E+00   0.9969999E+00   0.0000000E+00   0.0000000E+00   0.1000000E-02   0.2000000E-03
   0.1500000E+00   0.9979999E+00   0.0000000E+00   0.0000000E+00   0.4000000E-03   0.2000000E-03
   0.1500000E+00   0.9989999E+00   0.0000000E+00   0.0000000E+00   0.2000000E-03   0.0000000E+00
   0.1500000E+00   0.9999999E+00   0.0000000E+00   0.0000000E+00   0.0000000E+00   0.0000000E+00

