   0.1200000E+00  -0.5820766E-10   0.5387073E+02   0.1814033E+03   0.3627777E+01   0.6077420E+02
   0.1200000E+00   0.9999999E-03   0.6543869E+00   0.3902054E+00   0.5479993E-01   0.2968039E+00
   0.1200000E+00   0.2000000E-02   0.8673587E+00   0.5474010E+00   0.7440011E-01   0.3812053E+00
   0.1200000E+00   0.3000000E-02   0.1104359E+01   0.6595862E+00   0.8740033E-01   0.4892071E+00
   0.1200000E+00   0.4000000E-02   0.1258384E+01   0.7909688E+00   0.1026006E+00   0.5609992E+00
   0.1200000E+00   0.4999999E-02   0.1536830E+01   0.8761576E+00   0.1284010E+00   0.6593862E+00
   0.1200000E+00   0.6000000E-02   0.1699857E+01   0.9913424E+00   0.1284010E+00   0.7217780E+00
   0.1200000E+00   0.6999999E-02   0.1797674E+01   0.1108759E+01   0.1392012E+00   0.7969680E+00
   0.1200000E+00   0.7999999E-02   0.1907692E+01   0.1160168E+01   0.1538015E+00   0.8411622E+00
   0.1200000E+00   0.9000000E-02   0.2012709E+01   0.1224178E+01   0.1574015E+00   0.8909556E+00
   0.1200000E+00   0.9999999E-02   0.2100324E+01   0.1215377E+01   0.1672017E+00   0.8983546E+00
   0.1200000E+00   0.1100000E-01   0.2200340E+01   0.1289989E+01   0.1756018E+00   0.9549472E+00
   0.1200000E+00   0.1200000E-01   0.2285754E+01   0.1303992E+01   0.1906021E+00   0.9789440E+00
   0.1200000E+00   0.1300000E-01   0.2352566E+01   0.1413410E+01   0.2070024E+00   0.1053150E+01
   0.1200000E+00   0.1400000E-01   0.2487188E+01   0.1450016E+01   0.2058023E+00   0.1096357E+01
   0.1200000E+00   0.1500000E-01   0.2548798E+01   0.1510226E+01   0.2072024E+00   0.1093157E+01
   0.1200000E+00   0.1600000E-01   0.2598206E+01   0.1563235E+01   0.2122024E+00   0.1148966E+01
   0.1200000E+00   0.1700000E-01   0.2681820E+01   0.1620244E+01   0.2206026E+00   0.1202575E+01
   0.1200000E+00   0.1800000E-01   0.2796839E+01   0.1636647E+01   0.2426030E+00   0.1208376E+01
   0.1200000E+00   0.1900000E-01   0.2872252E+01   0.1674053E+01   0.2396029E+00   0.1273387E+01
   0.1200000E+00   0.2000000E-01   0.2899656E+01   0.1706458E+01   0.2424030E+00   0.1257984E+01
   0.1200000E+00   0.2100000E-01   0.3008674E+01   0.1723661E+01   0.2624033E+00   0.1309993E+01
   0.1200000E+00   0.2200000E-01   0.3104090E+01   0.1786272E+01   0.2628033E+00   0.1365402E+01
   0.1200000E+00   0.2300000E-01   0.3169901E+01   0.1780871E+01   0.2674034E+00   0.1345399E+01
   0.1200000E+00   0.2400000E-01   0.3300923E+01   0.1815277E+01   0.2852037E+00   0.1431013E+01
   0.1200000E+00   0.2500000E-01   0.3326527E+01   0.1867885E+01   0.2762035E+00   0.1447015E+01
   0.1200000E+00   0.2600000E-01   0.3333128E+01   0.1937097E+01   0.2988039E+00   0.1454617E+01
   0.1200000E+00   0.2700000E-01   0.3491755E+01   0.1903691E+01   0.3058040E+00   0.1505625E+01
   0.1200000E+00   0.2800000E-01   0.3589371E+01   0.1970302E+01   0.3148042E+00   0.1534230E+01
   0.1200000E+00   0.2900000E-01   0.3656782E+01   0.2019510E+01   0.3090041E+00   0.1598841E+01
   0.1200000E+00   0.3000000E-01   0.3726393E+01   0.2027512E+01   0.3226043E+00   0.1611843E+01
   0.1200000E+00   0.3100000E-01   0.3841012E+01   0.2074519E+01   0.3394046E+00   0.1650249E+01
   0.1200000E+00   0.3200000E-01   0.3861216E+01   0.2109125E+01   0.3446047E+00   0.1661251E+01
   0.1200000E+00   0.3300000E-01   0.3949630E+01   0.2135329E+01   0.3454047E+00   0.1681854E+01
   0.1200000E+00   0.3400000E-01   0.3961833E+01   0.2176536E+01   0.3662050E+00   0.1692856E+01
   0.1200000E+00   0.3500000E-01   0.4071765E+01   0.2230345E+01   0.3762052E+00   0.1777670E+01
   0.1200000E+00   0.3599999E-01   0.4141893E+01   0.2202141E+01   0.3944055E+00   0.1778870E+01
   0.1200000E+00   0.3700000E-01   0.4172861E+01   0.2248348E+01   0.3864054E+00   0.1826078E+01
   0.1200000E+00   0.3800000E-01   0.4307123E+01   0.2308758E+01   0.4006056E+00   0.1839681E+01
   0.1200000E+00   0.3900000E-01   0.4339090E+01   0.2300557E+01   0.3898054E+00   0.1822078E+01
   0.1200000E+00   0.4000000E-01   0.4363465E+01   0.2358967E+01   0.4078057E+00   0.1917093E+01
   0.1200000E+00   0.4100000E-01   0.4407220E+01   0.2356766E+01   0.4228060E+00   0.1897490E+01
   0.1200000E+00   0.4200000E-01   0.4512712E+01   0.2386371E+01   0.4206060E+00   0.1933296E+01
   0.1200000E+00   0.4300000E-01   0.4565058E+01   0.2412375E+01   0.4362062E+00   0.1964701E+01
   0.1200000E+00   0.4400000E-01   0.4614408E+01   0.2493789E+01   0.4446064E+00   0.1985705E+01
   0.1200000E+00   0.4499999E-01   0.4706513E+01   0.2439380E+01   0.4660067E+00   0.2023711E+01
   0.1200000E+00   0.4600000E-01   0.4771846E+01   0.2530995E+01   0.4646067E+00   0.2056116E+01
   0.1200000E+00   0.4699999E-01   0.4843572E+01   0.2548198E+01   0.4500065E+00   0.2094523E+01
   0.1200000E+00   0.4800000E-01   0.4872542E+01   0.2538996E+01   0.4582066E+00   0.2088122E+01
   0.1200000E+00   0.4899999E-01   0.5027583E+01   0.2565801E+01   0.4844070E+00   0.2139930E+01
   0.1200000E+00   0.5000000E-01   0.5026185E+01   0.2589405E+01   0.4834070E+00   0.2134729E+01
   0.1200000E+00   0.5100000E-01   0.5052957E+01   0.2650815E+01   0.5112058E+00   0.2210342E+01
   0.1200000E+00   0.5199999E-01   0.5046963E+01   0.2718426E+01   0.5390021E+00   0.2196140E+01
   0.1200000E+00   0.5300000E-01   0.5248157E+01   0.2702824E+01   0.5392021E+00   0.2226545E+01
   0.1200000E+00   0.5399999E-01   0.5246159E+01   0.2681420E+01   0.5346027E+00   0.2236746E+01
   0.1200000E+00   0.5500000E-01   0.5199606E+01   0.2779236E+01   0.5448014E+00   0.2262351E+01
   0.1200000E+00   0.5599999E-01   0.5345656E+01   0.2760633E+01   0.5236042E+00   0.2305758E+01
   0.1200000E+00   0.5700000E-01   0.5269135E+01   0.2729828E+01   0.5645987E+00   0.2277953E+01
   0.1200000E+00   0.5799999E-01   0.5373228E+01   0.2753832E+01   0.5697981E+00   0.2288355E+01
   0.1200000E+00   0.5900000E-01   0.5371030E+01   0.2775836E+01   0.5803967E+00   0.2308158E+01
   0.1200000E+00   0.5999999E-01   0.5481717E+01   0.2821443E+01   0.5727977E+00   0.2389172E+01
   0.1200000E+00   0.6099999E-01   0.5369832E+01   0.2811842E+01   0.5765972E+00   0.2327361E+01
   0.1200000E+00   0.6200000E-01   0.5482316E+01   0.2813242E+01   0.5957946E+00   0.2356966E+01
   0.1200000E+00   0.6299999E-01   0.5538259E+01   0.2817043E+01   0.6049934E+00   0.2373169E+01
   0.1200000E+00   0.6400000E-01   0.5567229E+01   0.2833645E+01   0.5823964E+00   0.2395173E+01
   0.1200000E+00   0.6500000E-01   0.5547849E+01   0.2858049E+01   0.6185916E+00   0.2430979E+01
   0.1200000E+00   0.6599999E-01   0.5518679E+01   0.2847248E+01   0.6319898E+00   0.2412575E+01
   0.1200000E+00   0.6699999E-01   0.5626967E+01   0.2864650E+01   0.6233910E+00   0.2427578E+01
   0.1200000E+00   0.6800000E-01   0.5653540E+01   0.2828645E+01   0.6283903E+00   0.2420777E+01
   0.1200000E+00   0.6899999E-01   0.5746045E+01   0.2859250E+01   0.6559867E+00   0.2462384E+01
   0.1200000E+00   0.6999999E-01   0.5691102E+01   0.2921260E+01   0.6431884E+00   0.2507391E+01
   0.1200000E+00   0.7099999E-01   0.5686306E+01   0.2896656E+01   0.6385890E+00   0.2462584E+01
   0.1200000E+00   0.7200000E-01   0.5597198E+01   0.2948064E+01   0.6615859E+00   0.2472585E+01
   0.1200000E+00   0.7299999E-01   0.5720272E+01   0.2923660E+01   0.6889823E+00   0.2496989E+01
   0.1200000E+00   0.7399999E-01   0.5687905E+01   0.2875052E+01   0.6831831E+00   0.2462784E+01
   0.1200000E+00   0.7500000E-01   0.5748243E+01   0.2891455E+01   0.7089797E+00   0.2522594E+01
   0.1200000E+00   0.7599999E-01   0.5687705E+01   0.2875652E+01   0.7059801E+00   0.2490788E+01
   0.1200000E+00   0.7699999E-01   0.5765625E+01   0.2862250E+01   0.6839830E+00   0.2508791E+01
   0.1200000E+00   0.7799999E-01   0.5658735E+01   0.2843647E+01   0.6989810E+00   0.2486588E+01
   0.1200000E+00   0.7900000E-01   0.5745046E+01   0.2923660E+01   0.7257774E+00   0.2523194E+01
   0.1200000E+00   0.7999999E-01   0.5738253E+01   0.2918859E+01   0.7353762E+00   0.2527795E+01
   0.1200000E+00   0.8099999E-01   0.5806583E+01   0.2890055E+01   0.7301769E+00   0.2535996E+01
   0.1200000E+00   0.8199999E-01   0.5701691E+01   0.2870651E+01   0.7441750E+00   0.2524394E+01
   0.1200000E+00   0.8300000E-01   0.5710282E+01   0.2906657E+01   0.7455748E+00   0.2523194E+01
   0.1200000E+00   0.8399999E-01   0.5693299E+01   0.2854849E+01   0.7377759E+00   0.2497990E+01
   0.1200000E+00   0.8499999E-01   0.5748043E+01   0.2897456E+01   0.7693717E+00   0.2520993E+01
   0.1200000E+00   0.8600000E-01   0.5780010E+01   0.2891855E+01   0.7651722E+00   0.2581604E+01
   0.1200000E+00   0.8699999E-01   0.5690103E+01   0.2838646E+01   0.7781705E+00   0.2540197E+01
   0.1200000E+00   0.8799999E-01   0.5692101E+01   0.2879653E+01   0.7721713E+00   0.2515593E+01
   0.1200000E+00   0.8899999E-01   0.5654140E+01   0.2850648E+01   0.7783705E+00   0.2520993E+01
   0.1200000E+00   0.9000000E-01   0.5703089E+01   0.2853849E+01   0.8109662E+00   0.2555799E+01
   0.1200000E+00   0.9099999E-01   0.5561635E+01   0.2842047E+01   0.8139658E+00   0.2506591E+01
   0.1200000E+00   0.9199999E-01   0.5553043E+01   0.2868451E+01   0.8207649E+00   0.2517393E+01
   0.1200000E+00   0.9299999E-01   0.5636757E+01   0.2874052E+01   0.8185652E+00   0.2548598E+01
   0.1200000E+00   0.9399999E-01   0.5579616E+01   0.2908058E+01   0.8241645E+00   0.2552999E+01
   0.1200000E+00   0.9499999E-01   0.5646547E+01   0.2875852E+01   0.8311635E+00   0.2517593E+01
   0.1200000E+00   0.9599999E-01   0.5701091E+01   0.2861050E+01   0.8235645E+00   0.2526994E+01
   0.1200000E+00   0.9700000E-01   0.5623171E+01   0.2854249E+01   0.8361629E+00   0.2549798E+01
   0.1200000E+00   0.9799999E-01   0.5608187E+01   0.2880053E+01   0.8373627E+00   0.2509392E+01
   0.1200000E+00   0.9899999E-01   0.5569227E+01   0.2895056E+01   0.8497611E+00   0.2552799E+01
   0.1200000E+00   0.9999999E-01   0.5613781E+01   0.2829845E+01   0.8751577E+00   0.2572202E+01
   0.1200000E+00   0.1010000E+00   0.5540656E+01   0.2867651E+01   0.8625594E+00   0.2540597E+01
   0.1200000E+00   0.1020000E+00   0.5580815E+01   0.2873652E+01   0.8631593E+00   0.2505991E+01
   0.1200000E+00   0.1030000E+00   0.5643550E+01   0.2864050E+01   0.8883560E+00   0.2572002E+01
   0.1200000E+00   0.1040000E+00   0.5506491E+01   0.2846247E+01   0.8727580E+00   0.2518393E+01
   0.1200000E+00   0.1050000E+00   0.5590605E+01   0.2860450E+01   0.8813569E+00   0.2565401E+01
   0.1200000E+00   0.1060000E+00   0.5444555E+01   0.2872252E+01   0.9185520E+00   0.2556799E+01
   0.1200000E+00   0.1070000E+00   0.5519278E+01   0.2890655E+01   0.9247512E+00   0.2575202E+01
   0.1200000E+00   0.1080000E+00   0.5403597E+01   0.2912058E+01   0.9267509E+00   0.2516793E+01
   0.1200000E+00   0.1090000E+00   0.5476922E+01   0.2866251E+01   0.9347498E+00   0.2543197E+01
   0.1200000E+00   0.1100000E+00   0.5482116E+01   0.2890455E+01   0.9417489E+00   0.2572002E+01
   0.1200000E+00   0.1110000E+00   0.5391609E+01   0.2881253E+01   0.9387493E+00   0.2542397E+01
   0.1200000E+00   0.1120000E+00   0.5428971E+01   0.2925661E+01   0.9547472E+00   0.2592005E+01
   0.1200000E+00   0.1130000E+00   0.5411389E+01   0.2909658E+01   0.9559470E+00   0.2558000E+01
   0.1200000E+00   0.1140000E+00   0.5408192E+01   0.2913659E+01   0.9593466E+00   0.2554399E+01
   0.1200000E+00   0.1150000E+00   0.5294709E+01   0.2881253E+01   0.9529474E+00   0.2527595E+01
   0.1200000E+00   0.1160000E+00   0.5313090E+01   0.2905857E+01   0.9677455E+00   0.2554599E+01
   0.1200000E+00   0.1170000E+00   0.5272332E+01   0.2934862E+01   0.9737447E+00   0.2538396E+01
   0.1200000E+00   0.1180000E+00   0.5250754E+01   0.2903857E+01   0.9769443E+00   0.2534196E+01
   0.1200000E+00   0.1190000E+00   0.5218187E+01   0.2884454E+01   0.1003542E+01   0.2565201E+01
   0.1200000E+00   0.1200000E+00   0.5172634E+01   0.2918059E+01   0.9869429E+00   0.2519593E+01
   0.1200000E+00   0.1210000E+00   0.5183823E+01   0.2893255E+01   0.1020345E+01   0.2528995E+01
   0.1200000E+00   0.1220000E+00   0.5144463E+01   0.2888855E+01   0.1033347E+01   0.2512992E+01
   0.1200000E+00   0.1230000E+00   0.5122685E+01   0.2888054E+01   0.1027346E+01   0.2495189E+01
   0.1200000E+00   0.1240000E+00   0.5040770E+01   0.2882653E+01   0.1037948E+01   0.2510392E+01
   0.1200000E+00   0.1250000E+00   0.5005206E+01   0.2871452E+01   0.1032747E+01   0.2506791E+01
   0.1200000E+00   0.1260000E+00   0.4999612E+01   0.2858649E+01   0.1074554E+01   0.2484187E+01
   0.1200000E+00   0.1270000E+00   0.5010201E+01   0.2870651E+01   0.1058951E+01   0.2518193E+01
   0.1200000E+00   0.1280000E+00   0.4992419E+01   0.2874252E+01   0.1064152E+01   0.2505391E+01
   0.1200000E+00   0.1290000E+00   0.4960452E+01   0.2823844E+01   0.1070553E+01   0.2472185E+01
   0.1200000E+00   0.1300000E+00   0.4996815E+01   0.2868451E+01   0.1078154E+01   0.2533596E+01
   0.1200000E+00   0.1310000E+00   0.4921093E+01   0.2825044E+01   0.1071753E+01   0.2470185E+01
   0.1200000E+00   0.1320000E+00   0.4730688E+01   0.2815642E+01   0.1072753E+01   0.2437380E+01
   0.1200000E+00   0.1330000E+00   0.4782035E+01   0.2853049E+01   0.1100758E+01   0.2441780E+01
   0.1200000E+00   0.1340000E+00   0.4747471E+01   0.2852248E+01   0.1093957E+01   0.2438580E+01
   0.1200000E+00   0.1350000E+00   0.4738880E+01   0.2803240E+01   0.1124162E+01   0.2460783E+01
   0.1200000E+00   0.1360000E+00   0.4678741E+01   0.2792439E+01   0.1101158E+01   0.2394973E+01
   0.1200000E+00   0.1370000E+00   0.4638183E+01   0.2755432E+01   0.1108759E+01   0.2378770E+01
   0.1200000E+00   0.1380000E+00   0.4580442E+01   0.2816643E+01   0.1139164E+01   0.2412976E+01
   0.1200000E+00   0.1390000E+00   0.4551073E+01   0.2783437E+01   0.1114760E+01   0.2400774E+01
   0.1200000E+00   0.1400000E+00   0.4588634E+01   0.2819843E+01   0.1135964E+01   0.2430178E+01
   0.1200000E+00   0.1410000E+00   0.4496928E+01   0.2808841E+01   0.1157567E+01   0.2404974E+01
   0.1200000E+00   0.1420000E+00   0.4453173E+01   0.2822844E+01   0.1164168E+01   0.2412976E+01
   0.1200000E+00   0.1430000E+00   0.4408619E+01   0.2815642E+01   0.1179371E+01   0.2412375E+01
   0.1200000E+00   0.1440000E+00   0.4449976E+01   0.2763034E+01   0.1159768E+01   0.2362967E+01
   0.1200000E+00   0.1450000E+00   0.4375853E+01   0.2773235E+01   0.1155167E+01   0.2383171E+01
   0.1200000E+00   0.1460000E+00   0.4248983E+01   0.2785637E+01   0.1174770E+01   0.2353566E+01
   0.1200000E+00   0.1470000E+00   0.4296934E+01   0.2765834E+01   0.1186572E+01   0.2337563E+01
   0.1200000E+00   0.1480000E+00   0.4192841E+01   0.2774035E+01   0.1192573E+01   0.2335563E+01
   0.1200000E+00   0.1490000E+00   0.4197835E+01   0.2708425E+01   0.1204975E+01   0.2308758E+01
   0.1200000E+00   0.1500000E+00   0.4113122E+01   0.2720026E+01   0.1194574E+01   0.2300757E+01
   0.1200000E+00   0.1510000E+00   0.4086350E+01   0.2748231E+01   0.1200174E+01   0.2307558E+01
   0.1200000E+00   0.1520000E+00   0.4059378E+01   0.2710225E+01   0.1203575E+01   0.2272752E+01
   0.1200000E+00   0.1530000E+00   0.3986037E+01   0.2724627E+01   0.1220778E+01   0.2297356E+01
   0.1200000E+00   0.1540000E+00   0.4017421E+01   0.2730228E+01   0.1228379E+01   0.2278153E+01
   0.1200000E+00   0.1550000E+00   0.3945030E+01   0.2701223E+01   0.1233180E+01   0.2247148E+01
   0.1200000E+00   0.1560000E+00   0.3905223E+01   0.2680220E+01   0.1250983E+01   0.2271352E+01
   0.1200000E+00   0.1570000E+00   0.3816008E+01   0.2721827E+01   0.1212577E+01   0.2255949E+01
   0.1200000E+00   0.1580000E+00   0.3800406E+01   0.2687221E+01   0.1261585E+01   0.2228545E+01
   0.1200000E+00   0.1590000E+00   0.3765400E+01   0.2652415E+01   0.1244582E+01   0.2237346E+01
   0.1200000E+00   0.1600000E+00   0.3665583E+01   0.2706424E+01   0.1237581E+01   0.2215543E+01
   0.1200000E+00   0.1610000E+00   0.3658382E+01   0.2674819E+01   0.1242782E+01   0.2184938E+01
   0.1200000E+00   0.1620000E+00   0.3756598E+01   0.2641213E+01   0.1241981E+01   0.2210342E+01
   0.1200000E+00   0.1630000E+00   0.3607374E+01   0.2673819E+01   0.1265785E+01   0.2233746E+01
   0.1200000E+00   0.1640000E+00   0.3515558E+01   0.2599406E+01   0.1278787E+01   0.2190339E+01
   0.1200000E+00   0.1650000E+00   0.3512958E+01   0.2638213E+01   0.1254383E+01   0.2157733E+01
   0.1200000E+00   0.1660000E+00   0.3451148E+01   0.2615809E+01   0.1318994E+01   0.2173936E+01
   0.1200000E+00   0.1670000E+00   0.3482353E+01   0.2595606E+01   0.1298791E+01   0.2160534E+01
   0.1200000E+00   0.1680000E+00   0.3437946E+01   0.2660617E+01   0.1309393E+01   0.2199340E+01
   0.1200000E+00   0.1690000E+00   0.3363733E+01   0.2575603E+01   0.1296390E+01   0.2137730E+01
   0.1200000E+00   0.1700000E+00   0.3291521E+01   0.2606808E+01   0.1313793E+01   0.2119927E+01
   0.1200000E+00   0.1710000E+00   0.3249714E+01   0.2588605E+01   0.1319194E+01   0.2118127E+01
   0.1200000E+00   0.1720000E+00   0.3174902E+01   0.2591205E+01   0.1343998E+01   0.2116726E+01
   0.1200000E+00   0.1730000E+00   0.3151698E+01   0.2588405E+01   0.1330196E+01   0.2108325E+01
   0.1200000E+00   0.1740000E+00   0.3129894E+01   0.2593806E+01   0.1364002E+01   0.2088522E+01
   0.1200000E+00   0.1750000E+00   0.3116692E+01   0.2582404E+01   0.1318194E+01   0.2092922E+01
   0.1200000E+00   0.1760000E+00   0.3147497E+01   0.2554199E+01   0.1379004E+01   0.2124928E+01
   0.1200000E+00   0.1770000E+00   0.3015476E+01   0.2544797E+01   0.1350599E+01   0.2084521E+01
   0.1200000E+00   0.1780000E+00   0.2980070E+01   0.2549398E+01   0.1346399E+01   0.2053316E+01
   0.1200000E+00   0.1790000E+00   0.2983870E+01   0.2512992E+01   0.1365202E+01   0.2084121E+01
   0.1200000E+00   0.1800000E+00   0.2885054E+01   0.2514392E+01   0.1389406E+01   0.2056916E+01
   0.1200000E+00   0.1810000E+00   0.2811642E+01   0.2519593E+01   0.1385205E+01   0.2019510E+01
   0.1200000E+00   0.1820000E+00   0.2788238E+01   0.2516993E+01   0.1394807E+01   0.2035513E+01
   0.1200000E+00   0.1830000E+00   0.2792439E+01   0.2506191E+01   0.1420611E+01   0.2041514E+01
   0.1200000E+00   0.1840000E+00   0.2706024E+01   0.2423777E+01   0.1382205E+01   0.2018510E+01
   0.1200000E+00   0.1850000E+00   0.2737829E+01   0.2502190E+01   0.1393206E+01   0.1989705E+01
   0.1200000E+00   0.1860000E+00   0.2670618E+01   0.2473586E+01   0.1394407E+01   0.1968102E+01
   0.1200000E+00   0.1870000E+00   0.2593806E+01   0.2472785E+01   0.1428212E+01   0.1971502E+01
   0.1200000E+00   0.1880000E+00   0.2570602E+01   0.2457383E+01   0.1407409E+01   0.1968302E+01
   0.1200000E+00   0.1890000E+00   0.2569001E+01   0.2429378E+01   0.1408809E+01   0.1959700E+01
   0.1200000E+00   0.1900000E+00   0.2487388E+01   0.2438180E+01   0.1397007E+01   0.1939297E+01
   0.1200000E+00   0.1910000E+00   0.2466584E+01   0.2414776E+01   0.1440414E+01   0.1936297E+01
   0.1200000E+00   0.1920000E+00   0.2396773E+01   0.2415176E+01   0.1428412E+01   0.1933896E+01
   0.1200000E+00   0.1930000E+00   0.2410575E+01   0.2382370E+01   0.1481621E+01   0.1944498E+01
   0.1200000E+00   0.1940000E+00   0.2407775E+01   0.2371769E+01   0.1444015E+01   0.1898690E+01
   0.1200000E+00   0.1950000E+00   0.2285754E+01   0.2422177E+01   0.1443415E+01   0.1916693E+01
   0.1200000E+00   0.1960000E+00   0.2286355E+01   0.2347165E+01   0.1463618E+01   0.1867285E+01
   0.1200000E+00   0.1970000E+00   0.2260750E+01   0.2373169E+01   0.1440014E+01   0.1865085E+01
   0.1200000E+00   0.1980000E+00   0.2180537E+01   0.2322561E+01   0.1447415E+01   0.1858084E+01
   0.1200000E+00   0.1990000E+00   0.2187938E+01   0.2337163E+01   0.1471019E+01   0.1871086E+01
   0.1200000E+00   0.2000000E+00   0.2150732E+01   0.2337763E+01   0.1484222E+01   0.1854083E+01
   0.1200000E+00   0.2010000E+00   0.2120727E+01   0.2301357E+01   0.1500224E+01   0.1861684E+01
   0.1200000E+00   0.2020000E+00   0.2119527E+01   0.2328362E+01   0.1478821E+01   0.1834080E+01
   0.1200000E+00   0.2030000E+00   0.2052116E+01   0.2307958E+01   0.1456617E+01   0.1835280E+01
   0.1200000E+00   0.2040000E+00   0.2014309E+01   0.2293756E+01   0.1519827E+01   0.1859284E+01
   0.1200000E+00   0.2050000E+00   0.1988905E+01   0.2298557E+01   0.1510626E+01   0.1859284E+01
   0.1200000E+00   0.2060000E+00   0.1909892E+01   0.2272552E+01   0.1533430E+01   0.1816877E+01
   0.1200000E+00   0.2070000E+00   0.1910892E+01   0.2270752E+01   0.1506225E+01   0.1779070E+01
   0.1200000E+00   0.2080000E+00   0.1915093E+01   0.2264551E+01   0.1536230E+01   0.1815277E+01
   0.1200000E+00   0.2090000E+00   0.1874686E+01   0.2196540E+01   0.1524228E+01   0.1803074E+01
   0.1200000E+00   0.2100000E+00   0.1831479E+01   0.2243948E+01   0.1509826E+01   0.1762068E+01
   0.1200000E+00   0.2110000E+00   0.1768069E+01   0.2232546E+01   0.1513826E+01   0.1756867E+01
   0.1200000E+00   0.2120000E+00   0.1739864E+01   0.2234346E+01   0.1592640E+01   0.1788672E+01
   0.1200000E+00   0.2130000E+00   0.1736663E+01   0.2180137E+01   0.1550633E+01   0.1772269E+01
   0.1200000E+00   0.2140000E+00   0.1684255E+01   0.2206341E+01   0.1581238E+01   0.1738464E+01
   0.1200000E+00   0.2150000E+00   0.1675053E+01   0.2218343E+01   0.1536230E+01   0.1732463E+01
   0.1200000E+00   0.2160000E+00   0.1621844E+01   0.2192739E+01   0.1580438E+01   0.1734263E+01
   0.1200000E+00   0.2170000E+00   0.1569836E+01   0.2162334E+01   0.1544632E+01   0.1682655E+01
   0.1200000E+00   0.2180000E+00   0.1573836E+01   0.2167935E+01   0.1554033E+01   0.1742864E+01
   0.1200000E+00   0.2190000E+00   0.1565435E+01   0.2171936E+01   0.1533430E+01   0.1693856E+01
   0.1200000E+00   0.2200000E+00   0.1530629E+01   0.2153733E+01   0.1571636E+01   0.1695657E+01
   0.1200000E+00   0.2210000E+00   0.1481421E+01   0.2149132E+01   0.1568436E+01   0.1680254E+01
   0.1200000E+00   0.2220000E+00   0.1428412E+01   0.2120327E+01   0.1580838E+01   0.1698057E+01
   0.1200000E+00   0.2230000E+00   0.1423011E+01   0.2159734E+01   0.1590239E+01   0.1682454E+01
   0.1200000E+00   0.2240000E+00   0.1380804E+01   0.2103324E+01   0.1643048E+01   0.1682054E+01
   0.1200000E+00   0.2250000E+00   0.1354400E+01   0.2080520E+01   0.1596640E+01   0.1673453E+01
   0.1200000E+00   0.2260000E+00   0.1346799E+01   0.2062517E+01   0.1592440E+01   0.1649249E+01
   0.1200000E+00   0.2270000E+00   0.1330596E+01   0.2101324E+01   0.1588839E+01   0.1642448E+01
   0.1200000E+00   0.2280000E+00   0.1263785E+01   0.2095323E+01   0.1657250E+01   0.1650049E+01
   0.1200000E+00   0.2290000E+00   0.1292990E+01   0.2056516E+01   0.1613443E+01   0.1651849E+01
   0.1200000E+00   0.2300000E+00   0.1260785E+01   0.2050915E+01   0.1644448E+01   0.1655450E+01
   0.1200000E+00   0.2310000E+00   0.1213377E+01   0.2006908E+01   0.1618244E+01   0.1613243E+01
   0.1200000E+00   0.2320000E+00   0.1170970E+01   0.1998907E+01   0.1641848E+01   0.1632046E+01
   0.1200000E+00   0.2330000E+00   0.1208976E+01   0.2009709E+01   0.1652650E+01   0.1627245E+01
   0.1200000E+00   0.2340000E+00   0.1193573E+01   0.1967102E+01   0.1652049E+01   0.1609042E+01
   0.1200000E+00   0.2350000E+00   0.1129763E+01   0.1996307E+01   0.1624845E+01   0.1583238E+01
   0.1200000E+00   0.2360000E+00   0.1076554E+01   0.1989305E+01   0.1640447E+01   0.1568636E+01
   0.1200000E+00   0.2370000E+00   0.1085155E+01   0.1955500E+01   0.1676453E+01   0.1599441E+01
   0.1200000E+00   0.2380000E+00   0.1074754E+01   0.1949899E+01   0.1671853E+01   0.1595640E+01
   0.1200000E+00   0.2390000E+00   0.1024545E+01   0.1957900E+01   0.1674853E+01   0.1562034E+01
   0.1200000E+00   0.2400000E+00   0.1019745E+01   0.1945698E+01   0.1657850E+01   0.1559434E+01
   0.1200000E+00   0.2410000E+00   0.1003942E+01   0.1953099E+01   0.1684255E+01   0.1550833E+01
   0.1200000E+00   0.2420000E+00   0.9853432E+00   0.1922894E+01   0.1694056E+01   0.1551833E+01
   0.1200000E+00   0.2430000E+00   0.9611464E+00   0.1886088E+01   0.1677654E+01   0.1553433E+01
   0.1200000E+00   0.2440000E+00   0.9087533E+00   0.1910292E+01   0.1687455E+01   0.1551433E+01
   0.1200000E+00   0.2450000E+00   0.9453484E+00   0.1891489E+01   0.1710459E+01   0.1558834E+01
   0.1200000E+00   0.2460000E+00   0.8919555E+00   0.1890489E+01   0.1677454E+01   0.1542631E+01
   0.1200000E+00   0.2470000E+00   0.8841565E+00   0.1844081E+01   0.1705858E+01   0.1520828E+01
   0.1200000E+00   0.2480000E+00   0.8947551E+00   0.1856883E+01   0.1711259E+01   0.1547432E+01
   0.1200000E+00   0.2490000E+00   0.8515608E+00   0.1877687E+01   0.1692656E+01   0.1544432E+01
   0.1200000E+00   0.2500000E+00   0.8263642E+00   0.1852083E+01   0.1721261E+01   0.1530229E+01
   0.1200000E+00   0.2510000E+00   0.7735711E+00   0.1822678E+01   0.1746065E+01   0.1523028E+01
   0.1200000E+00   0.2520000E+00   0.7865694E+00   0.1817077E+01   0.1727462E+01   0.1489823E+01
   0.1200000E+00   0.2530000E+00   0.7657722E+00   0.1783671E+01   0.1719261E+01   0.1489823E+01
   0.1200000E+00   0.2540000E+00   0.7539737E+00   0.1792473E+01   0.1786872E+01   0.1534430E+01
   0.1200000E+00   0.2550000E+00   0.7187784E+00   0.1802074E+01   0.1734063E+01   0.1494823E+01
   0.1200000E+00   0.2560000E+00   0.7411754E+00   0.1755867E+01   0.1739864E+01   0.1484822E+01
   0.1200000E+00   0.2570000E+00   0.7009807E+00   0.1787872E+01   0.1734663E+01   0.1486022E+01
   0.1200000E+00   0.2580000E+00   0.6797835E+00   0.1757867E+01   0.1758467E+01   0.1477620E+01
   0.1200000E+00   0.2590000E+00   0.6557867E+00   0.1756667E+01   0.1711659E+01   0.1477020E+01
   0.1200000E+00   0.2600000E+00   0.6507874E+00   0.1725462E+01   0.1763268E+01   0.1449816E+01
   0.1200000E+00   0.2610000E+00   0.6591862E+00   0.1702658E+01   0.1757067E+01   0.1457817E+01
   0.1200000E+00   0.2620000E+00   0.6377891E+00   0.1708859E+01   0.1770669E+01   0.1471219E+01
   0.1200000E+00   0.2630000E+00   0.6011939E+00   0.1707459E+01   0.1757267E+01   0.1454017E+01
   0.1200000E+00   0.2640000E+00   0.5751973E+00   0.1699657E+01   0.1779070E+01   0.1459217E+01
   0.1200000E+00   0.2650000E+00   0.5759972E+00   0.1675453E+01   0.1743265E+01   0.1437014E+01
   0.1200000E+00   0.2660000E+00   0.5607992E+00   0.1652049E+01   0.1752066E+01   0.1417811E+01
   0.1200000E+00   0.2670000E+00   0.5705979E+00   0.1659851E+01   0.1810076E+01   0.1452016E+01
   0.1200000E+00   0.2680000E+00   0.5328029E+00   0.1641648E+01   0.1780071E+01   0.1433213E+01
   0.1200000E+00   0.2690000E+00   0.5276036E+00   0.1628646E+01   0.1798474E+01   0.1434813E+01
   0.1200000E+00   0.2700000E+00   0.5134055E+00   0.1641448E+01   0.1809476E+01   0.1437414E+01
   0.1200000E+00   0.2710000E+00   0.4938072E+00   0.1641648E+01   0.1808675E+01   0.1451816E+01
   0.1200000E+00   0.2720000E+00   0.4962072E+00   0.1612443E+01   0.1787472E+01   0.1431013E+01
   0.1200000E+00   0.2730000E+00   0.4606066E+00   0.1590039E+01   0.1837280E+01   0.1431613E+01
   0.1200000E+00   0.2740000E+00   0.4630067E+00   0.1586839E+01   0.1798674E+01   0.1438214E+01
   0.1200000E+00   0.2750000E+00   0.4318061E+00   0.1592239E+01   0.1832679E+01   0.1425612E+01
   0.1200000E+00   0.2760000E+00   0.4430063E+00   0.1564435E+01   0.1818477E+01   0.1415610E+01
   0.1200000E+00   0.2770000E+00   0.4508065E+00   0.1552633E+01   0.1828079E+01   0.1425012E+01
   0.1200000E+00   0.2780000E+00   0.4226060E+00   0.1556634E+01   0.1814076E+01   0.1393807E+01
   0.1200000E+00   0.2790000E+00   0.4148059E+00   0.1569836E+01   0.1830279E+01   0.1427012E+01
   0.1200000E+00   0.2800000E+00   0.3896054E+00   0.1525428E+01   0.1826278E+01   0.1390006E+01
   0.1200000E+00   0.2810000E+00   0.3828053E+00   0.1509426E+01   0.1853683E+01   0.1410809E+01
   0.1200000E+00   0.2820000E+00   0.3842053E+00   0.1485422E+01   0.1833079E+01   0.1372203E+01
   0.1200000E+00   0.2830000E+00   0.3828053E+00   0.1503425E+01   0.1789272E+01   0.1366002E+01
   0.1200000E+00   0.2840000E+00   0.3608049E+00   0.1510626E+01   0.1873486E+01   0.1430213E+01
   0.1200000E+00   0.2850000E+00   0.3732052E+00   0.1490623E+01   0.1826878E+01   0.1390806E+01
   0.1200000E+00   0.2860000E+00   0.3356045E+00   0.1479021E+01   0.1855883E+01   0.1399808E+01
   0.1200000E+00   0.2870000E+00   0.3334045E+00   0.1487422E+01   0.1902691E+01   0.1394207E+01
   0.1200000E+00   0.2880000E+00   0.3146042E+00   0.1471820E+01   0.1888889E+01   0.1400808E+01
   0.1200000E+00   0.2890000E+00   0.3246043E+00   0.1414410E+01   0.1835880E+01   0.1354400E+01
   0.1200000E+00   0.2900000E+00   0.3178042E+00   0.1442015E+01   0.1863284E+01   0.1373003E+01
   0.1200000E+00   0.2910000E+00   0.2878037E+00   0.1411009E+01   0.1905491E+01   0.1358801E+01
   0.1200000E+00   0.2920000E+00   0.2814036E+00   0.1420411E+01   0.1902491E+01   0.1381605E+01
   0.1200000E+00   0.2930000E+00   0.2876037E+00   0.1387205E+01   0.1845281E+01   0.1359801E+01
   0.1200000E+00   0.2940000E+00   0.2880037E+00   0.1385805E+01   0.1916293E+01   0.1370803E+01
   0.1200000E+00   0.2950000E+00   0.2662033E+00   0.1407809E+01   0.1889689E+01   0.1374803E+01
   0.1200000E+00   0.2960000E+00   0.2538031E+00   0.1385205E+01   0.1891489E+01   0.1360601E+01
   0.1200000E+00   0.2970000E+00   0.2500031E+00   0.1387806E+01   0.1896090E+01   0.1364402E+01
   0.1200000E+00   0.2980000E+00   0.2648033E+00   0.1379804E+01   0.1927895E+01   0.1385805E+01
   0.1200000E+00   0.2990000E+00   0.2526031E+00   0.1339398E+01   0.1867285E+01   0.1342998E+01
   0.1200000E+00   0.3000000E+00   0.2258027E+00   0.1342998E+01   0.1902691E+01   0.1353200E+01
   0.1200000E+00   0.3010000E+00   0.2210026E+00   0.1342398E+01   0.1907292E+01   0.1358401E+01
   0.1200000E+00   0.3020000E+00   0.2102024E+00   0.1337797E+01   0.1877287E+01   0.1332196E+01
   0.1200000E+00   0.3030000E+00   0.2078024E+00   0.1336997E+01   0.1912293E+01   0.1338397E+01
   0.1200000E+00   0.3040000E+00   0.2036023E+00   0.1283588E+01   0.1911492E+01   0.1324795E+01
   0.1200000E+00   0.3050000E+00   0.1940021E+00   0.1291790E+01   0.1922694E+01   0.1344398E+01
   0.1200000E+00   0.3060000E+00   0.1914021E+00   0.1281988E+01   0.1926295E+01   0.1325395E+01
   0.1200000E+00   0.3070000E+00   0.1836020E+00   0.1274987E+01   0.1906692E+01   0.1316594E+01
   0.1200000E+00   0.3080000E+00   0.1728018E+00   0.1271186E+01   0.1943298E+01   0.1348199E+01
   0.1200000E+00   0.3090000E+00   0.1876020E+00   0.1278187E+01   0.1954700E+01   0.1346799E+01
   0.1200000E+00   0.3100000E+00   0.1792019E+00   0.1263985E+01   0.1926295E+01   0.1331396E+01
   0.1200000E+00   0.3110000E+00   0.1668017E+00   0.1243782E+01   0.1919694E+01   0.1316994E+01
   0.1200000E+00   0.3120000E+00   0.1656017E+00   0.1246382E+01   0.1925895E+01   0.1310593E+01
   0.1200000E+00   0.3130000E+00   0.1436013E+00   0.1228979E+01   0.1913893E+01   0.1295590E+01
   0.1200000E+00   0.3140000E+00   0.1514014E+00   0.1200575E+01   0.1933896E+01   0.1307792E+01
   0.1200000E+00   0.3150000E+00   0.1414012E+00   0.1206776E+01   0.1935296E+01   0.1300591E+01
   0.1200000E+00   0.3160000E+00   0.1530014E+00   0.1208176E+01   0.1946298E+01   0.1303192E+01
   0.1200000E+00   0.3170000E+00   0.1340011E+00   0.1179571E+01   0.1970302E+01   0.1307992E+01
   0.1200000E+00   0.3180000E+00   0.1312011E+00   0.1147566E+01   0.1944898E+01   0.1294390E+01
   0.1200000E+00   0.3190000E+00   0.1344011E+00   0.1133163E+01   0.1994306E+01   0.1310593E+01
   0.1200000E+00   0.3200000E+00   0.1388012E+00   0.1179971E+01   0.1984305E+01   0.1340598E+01
   0.1200000E+00   0.3210000E+00   0.1208009E+00   0.1163568E+01   0.1963701E+01   0.1304392E+01
   0.1200000E+00   0.3220000E+00   0.1236009E+00   0.1115760E+01   0.1971302E+01   0.1308993E+01
   0.1200000E+00   0.3230000E+00   0.1142008E+00   0.1133963E+01   0.1987705E+01   0.1290389E+01
   0.1200000E+00   0.3240000E+00   0.1102007E+00   0.1114160E+01   0.1968502E+01   0.1288589E+01
   0.1200000E+00   0.3250000E+00   0.1160008E+00   0.1120961E+01   0.1975103E+01   0.1281788E+01
   0.1200000E+00   0.3260000E+00   0.1092007E+00   0.1097357E+01   0.1952899E+01   0.1272186E+01
   0.1200000E+00   0.3270000E+00   0.9420045E-01   0.1107759E+01   0.1967702E+01   0.1266185E+01
   0.1200000E+00   0.3280000E+00   0.1056006E+00   0.1075354E+01   0.1960501E+01   0.1296590E+01
   0.1200000E+00   0.3290000E+00   0.9540047E-01   0.1071153E+01   0.1978904E+01   0.1295590E+01
   0.1200000E+00   0.3300000E+00   0.9140040E-01   0.1054950E+01   0.1976903E+01   0.1284588E+01
   0.1200000E+00   0.3310000E+00   0.9260042E-01   0.1043148E+01   0.1998107E+01   0.1272386E+01
   0.1200000E+00   0.3320000E+00   0.8640032E-01   0.1061952E+01   0.1953299E+01   0.1276787E+01
   0.1200000E+00   0.3330000E+00   0.8680032E-01   0.1024345E+01   0.1967102E+01   0.1268386E+01
   0.1200000E+00   0.3340000E+00   0.8860035E-01   0.1054150E+01   0.1937697E+01   0.1244982E+01
   0.1200000E+00   0.3350000E+00   0.8820035E-01   0.1018544E+01   0.1999507E+01   0.1301791E+01
   0.1200000E+00   0.3360000E+00   0.7960020E-01   0.1020945E+01   0.1964701E+01   0.1226979E+01
   0.1200000E+00   0.3370000E+00   0.7900019E-01   0.1014944E+01   0.2001507E+01   0.1278787E+01
   0.1200000E+00   0.3380000E+00   0.6639998E-01   0.9797439E+00   0.1972903E+01   0.1243382E+01
   0.1200000E+00   0.3390000E+00   0.7260008E-01   0.1003542E+01   0.1978504E+01   0.1271186E+01
   0.1200000E+00   0.3400000E+00   0.6960003E-01   0.9799439E+00   0.2011909E+01   0.1265185E+01
   0.1200000E+00   0.3410000E+00   0.5599992E-01   0.9903425E+00   0.2031112E+01   0.1293990E+01
   0.1200000E+00   0.3420000E+00   0.5759992E-01   0.9563470E+00   0.1998107E+01   0.1252583E+01
   0.1200000E+00   0.3430000E+00   0.5379993E-01   0.9343499E+00   0.2001107E+01   0.1238781E+01
   0.1200000E+00   0.3440000E+00   0.5539992E-01   0.9129527E+00   0.2018710E+01   0.1245982E+01
   0.1200000E+00   0.3450000E+00   0.4959993E-01   0.9511477E+00   0.2024111E+01   0.1258384E+01
   0.1200000E+00   0.3460000E+00   0.5379993E-01   0.9411490E+00   0.2016110E+01   0.1247582E+01
   0.1200000E+00   0.3470000E+00   0.5019993E-01   0.9287506E+00   0.1980304E+01   0.1233980E+01
   0.1200000E+00   0.3480000E+00   0.4639994E-01   0.9235513E+00   0.2016310E+01   0.1258784E+01
   0.1200000E+00   0.3490000E+00   0.4119995E-01   0.8905557E+00   0.2011909E+01   0.1225379E+01
   0.1200000E+00   0.3500000E+00   0.4139995E-01   0.9097531E+00   0.2009309E+01   0.1234380E+01
   0.1200000E+00   0.3510000E+00   0.4959993E-01   0.8579600E+00   0.2003108E+01   0.1225379E+01
   0.1200000E+00   0.3520000E+00   0.3899995E-01   0.8965549E+00   0.2018910E+01   0.1227979E+01
   0.1200000E+00   0.3530000E+00   0.4399994E-01   0.8609596E+00   0.2038513E+01   0.1236981E+01
   0.1200000E+00   0.3540000E+00   0.3959995E-01   0.8487612E+00   0.2043514E+01   0.1266986E+01
   0.1200000E+00   0.3550000E+00   0.4099995E-01   0.8531606E+00   0.2023911E+01   0.1225579E+01
   0.1200000E+00   0.3560000E+00   0.2999997E-01   0.8601597E+00   0.2027312E+01   0.1247982E+01
   0.1200000E+00   0.3570000E+00   0.4499994E-01   0.8445618E+00   0.2017510E+01   0.1212176E+01
   0.1200000E+00   0.3580000E+00   0.4179995E-01   0.8183652E+00   0.2018910E+01   0.1222578E+01
   0.1200000E+00   0.3590000E+00   0.3799995E-01   0.8021674E+00   0.2055316E+01   0.1258584E+01
   0.1200000E+00   0.3600000E+00   0.3059997E-01   0.7989678E+00   0.2023911E+01   0.1198374E+01
   0.1200000E+00   0.3610000E+00   0.3439996E-01   0.8085665E+00   0.2039314E+01   0.1206175E+01
   0.1200000E+00   0.3620000E+00   0.3559996E-01   0.8079666E+00   0.2033313E+01   0.1219578E+01
   0.1200000E+00   0.3630000E+00   0.3759995E-01   0.7939684E+00   0.2039514E+01   0.1227979E+01
   0.1200000E+00   0.3640000E+00   0.3039997E-01   0.8175653E+00   0.2044314E+01   0.1243982E+01
   0.1200000E+00   0.3650000E+00   0.2619997E-01   0.7471746E+00   0.2046115E+01   0.1194974E+01
   0.1200000E+00   0.3660000E+00   0.2679997E-01   0.7725713E+00   0.2023111E+01   0.1213577E+01
   0.1200000E+00   0.3670000E+00   0.2119998E-01   0.7659721E+00   0.1993106E+01   0.1192973E+01
   0.1200000E+00   0.3680000E+00   0.2259998E-01   0.7745710E+00   0.2038313E+01   0.1205975E+01
   0.1200000E+00   0.3690000E+00   0.2799997E-01   0.7683718E+00   0.2057917E+01   0.1237581E+01
   0.1200000E+00   0.3700000E+00   0.2259998E-01   0.7697716E+00   0.1998107E+01   0.1190973E+01
   0.1200000E+00   0.3710000E+00   0.2219998E-01   0.7359761E+00   0.2016310E+01   0.1202375E+01
   0.1200000E+00   0.3720000E+00   0.2339998E-01   0.7313767E+00   0.2040314E+01   0.1210776E+01
   0.1200000E+00   0.3730000E+00   0.2119998E-01   0.7385758E+00   0.2036113E+01   0.1226179E+01
   0.1200000E+00   0.3740000E+00   0.2459998E-01   0.7207781E+00   0.2019710E+01   0.1174770E+01
   0.1200000E+00   0.3750000E+00   0.1899999E-01   0.7187784E+00   0.2012909E+01   0.1198574E+01
   0.1200000E+00   0.3760000E+00   0.1859999E-01   0.6975812E+00   0.2021111E+01   0.1196374E+01
   0.1200000E+00   0.3770000E+00   0.2219998E-01   0.6949815E+00   0.2045315E+01   0.1198374E+01
   0.1200000E+00   0.3780000E+00   0.1739999E-01   0.6847829E+00   0.2029512E+01   0.1175770E+01
   0.1200000E+00   0.3790000E+00   0.1260000E-01   0.6833830E+00   0.2012709E+01   0.1175770E+01
   0.1200000E+00   0.3800000E+00   0.1599999E-01   0.6775838E+00   0.2048515E+01   0.1209176E+01
   0.1200000E+00   0.3810000E+00   0.1220000E-01   0.6557867E+00   0.2057517E+01   0.1200575E+01
   0.1200000E+00   0.3820000E+00   0.1339999E-01   0.6547868E+00   0.2035913E+01   0.1190173E+01
   0.1200000E+00   0.3830000E+00   0.1599999E-01   0.6503874E+00   0.2039514E+01   0.1178571E+01
   0.1200000E+00   0.3840000E+00   0.1359999E-01   0.6509873E+00   0.2046115E+01   0.1175370E+01
   0.1200000E+00   0.3850000E+00   0.1479999E-01   0.6375891E+00   0.2016710E+01   0.1185372E+01
   0.1200000E+00   0.3860000E+00   0.1439999E-01   0.6227911E+00   0.2023311E+01   0.1164769E+01
   0.1200000E+00   0.3870000E+00   0.1300000E-01   0.6269905E+00   0.2071919E+01   0.1207376E+01
   0.1200000E+00   0.3880000E+00   0.9200002E-02   0.6231910E+00   0.2032312E+01   0.1180771E+01
   0.1200000E+00   0.3890000E+00   0.7000003E-02   0.6317899E+00   0.2044514E+01   0.1178771E+01
   0.1200000E+00   0.3900000E+00   0.1160000E-01   0.6059933E+00   0.2051916E+01   0.1185972E+01
   0.1200000E+00   0.3910000E+00   0.7400004E-02   0.6101927E+00   0.2055116E+01   0.1191973E+01
   0.1200000E+00   0.3920000E+00   0.1000000E-01   0.6099927E+00   0.2041714E+01   0.1173970E+01
   0.1200000E+00   0.3930000E+00   0.6600003E-02   0.5909953E+00   0.2046915E+01   0.1188172E+01
   0.1200000E+00   0.3940000E+00   0.1100000E-01   0.5931950E+00   0.2054716E+01   0.1173770E+01
   0.1200000E+00   0.3950000E+00   0.8200004E-02   0.5779970E+00   0.2072719E+01   0.1181971E+01
   0.1200000E+00   0.3960000E+00   0.8200004E-02   0.5767971E+00   0.2055716E+01   0.1166969E+01
   0.1200000E+00   0.3970000E+00   0.8200004E-02   0.5827963E+00   0.2031112E+01   0.1164769E+01
   0.1200000E+00   0.3980000E+00   0.7800004E-02   0.5689982E+00   0.2012509E+01   0.1158568E+01
   0.1200000E+00   0.3990000E+00   0.9000002E-02   0.5559999E+00   0.2050715E+01   0.1189573E+01
   0.1200000E+00   0.4000000E+00   0.5600003E-02   0.5571997E+00   0.2020110E+01   0.1131763E+01
   0.1200000E+00   0.4010000E+00   0.6000003E-02   0.5591995E+00   0.2026311E+01   0.1152967E+01
   0.1200000E+00   0.4020000E+00   0.6800003E-02   0.5448014E+00   0.2045515E+01   0.1174770E+01
   0.1200000E+00   0.4030000E+00   0.5800003E-02   0.5412018E+00   0.2045115E+01   0.1155967E+01
   0.1200000E+00   0.4040000E+00   0.6400003E-02   0.5226043E+00   0.2024511E+01   0.1141165E+01
   0.1200000E+00   0.4050000E+00   0.7400004E-02   0.5220044E+00   0.2024111E+01   0.1144365E+01
   0.1200000E+00   0.4060000E+00   0.2000000E-02   0.5270037E+00   0.2042714E+01   0.1151166E+01
   0.1200000E+00   0.4070000E+00   0.5400002E-02   0.5104059E+00   0.2036113E+01   0.1144965E+01
   0.1200000E+00   0.4080000E+00   0.6000003E-02   0.5148053E+00   0.2096923E+01   0.1180971E+01
   0.1200000E+00   0.4090000E+00   0.4400002E-02   0.5052066E+00   0.2011109E+01   0.1134364E+01
   0.1200000E+00   0.4100000E+00   0.4000002E-02   0.5006072E+00   0.2047915E+01   0.1152166E+01
   0.1200000E+00   0.4110000E+00   0.5000002E-02   0.5048066E+00   0.2026311E+01   0.1121761E+01
   0.1200000E+00   0.4120000E+00   0.5200002E-02   0.4864071E+00   0.2034913E+01   0.1129963E+01
   0.1200000E+00   0.4130000E+00   0.3200001E-02   0.4988073E+00   0.1989105E+01   0.1114360E+01
   0.1200000E+00   0.4140000E+00   0.5600003E-02   0.4684068E+00   0.2043114E+01   0.1156367E+01
   0.1200000E+00   0.4150000E+00   0.1000000E-02   0.4868071E+00   0.2012909E+01   0.1126362E+01
   0.1200000E+00   0.4160000E+00   0.4400002E-02   0.4892071E+00   0.2034913E+01   0.1143165E+01
   0.1200000E+00   0.4170000E+00   0.2600001E-02   0.4752069E+00   0.2001707E+01   0.1116961E+01
   0.1200000E+00   0.4180000E+00   0.2400001E-02   0.4468064E+00   0.2029312E+01   0.1111360E+01
   0.1200000E+00   0.4190000E+00   0.3000001E-02   0.4360062E+00   0.2017710E+01   0.1089756E+01
   0.1200000E+00   0.4200000E+00   0.2200000E-02   0.4472064E+00   0.2013509E+01   0.1122762E+01
   0.1200000E+00   0.4210000E+00   0.2200000E-02   0.4350062E+00   0.2012309E+01   0.1131163E+01
   0.1200000E+00   0.4220000E+00   0.1800000E-02   0.4444064E+00   0.1998707E+01   0.1126362E+01
   0.1200000E+00   0.4230000E+00   0.5000002E-02   0.4360062E+00   0.2028912E+01   0.1128763E+01
   0.1200000E+00   0.4240000E+00   0.2000000E-02   0.4288061E+00   0.1998107E+01   0.1105159E+01
   0.1200000E+00   0.4250000E+00   0.1800000E-02   0.4180059E+00   0.1997907E+01   0.1099958E+01
   0.1200000E+00   0.4260000E+00   0.3200001E-02   0.4036057E+00   0.2001907E+01   0.1092757E+01
   0.1200000E+00   0.4270000E+00   0.3200001E-02   0.3926055E+00   0.1974103E+01   0.1083955E+01
   0.1200000E+00   0.4280000E+00   0.1000000E-02   0.4050057E+00   0.1966902E+01   0.1079955E+01
   0.1200000E+00   0.4290000E+00   0.2600001E-02   0.3912055E+00   0.2025511E+01   0.1115160E+01
   0.1200000E+00   0.4300000E+00   0.1000000E-02   0.3890054E+00   0.1984305E+01   0.1085956E+01
   0.1200000E+00   0.4310000E+00   0.1600000E-02   0.3890054E+00   0.2017910E+01   0.1117561E+01
   0.1200000E+00   0.4320000E+00   0.3000001E-02   0.3780052E+00   0.1996907E+01   0.1084355E+01
   0.1200000E+00   0.4330000E+00   0.1800000E-02   0.3888054E+00   0.1992706E+01   0.1088756E+01
   0.1200000E+00   0.4340000E+00   0.6000001E-03   0.3816053E+00   0.1976703E+01   0.1076554E+01
   0.1200000E+00   0.4350000E+00   0.2000000E-02   0.3718051E+00   0.1978904E+01   0.1095957E+01
   0.1200000E+00   0.4360000E+00   0.6000001E-03   0.3768052E+00   0.1978104E+01   0.1106759E+01
   0.1200000E+00   0.4370000E+00   0.8000001E-03   0.3708051E+00   0.1970702E+01   0.1074754E+01
   0.1200000E+00   0.4380000E+00   0.1600000E-02   0.3620050E+00   0.1959700E+01   0.1068953E+01
   0.1200000E+00   0.4390000E+00   0.1400000E-02   0.3602049E+00   0.1976303E+01   0.1086556E+01
   0.1200000E+00   0.4400000E+00   0.1000000E-02   0.3534048E+00   0.1930496E+01   0.1055951E+01
   0.1200000E+00   0.4410000E+00   0.1000000E-02   0.3444047E+00   0.1955900E+01   0.1074754E+01
   0.1200000E+00   0.4420000E+00   0.2000000E-03   0.3424046E+00   0.1979904E+01   0.1092357E+01
   0.1200000E+00   0.4430000E+00   0.4000000E-03   0.3346045E+00   0.1976503E+01   0.1084355E+01
   0.1200000E+00   0.4440000E+00   0.2000000E-03   0.3402046E+00   0.1948699E+01   0.1072153E+01
   0.1200000E+00   0.4450000E+00   0.2000000E-02   0.3344045E+00   0.1929095E+01   0.1040548E+01
   0.1200000E+00   0.4460000E+00   0.1000000E-02   0.3170042E+00   0.1952699E+01   0.1041748E+01
   0.1200000E+00   0.4470000E+00   0.1800000E-02   0.3282044E+00   0.1907092E+01   0.1019945E+01
   0.1200000E+00   0.4480000E+00   0.1000000E-02   0.3152042E+00   0.1936097E+01   0.1051750E+01
   0.1200000E+00   0.4490000E+00   0.6000001E-03   0.3218043E+00   0.1964501E+01   0.1052750E+01
   0.1200000E+00   0.4500000E+00   0.6000001E-03   0.3144042E+00   0.1946098E+01   0.1061551E+01
   0.1200000E+00   0.4510000E+00   0.0000000E+00   0.3158042E+00   0.1936097E+01   0.1061751E+01
   0.1200000E+00   0.4520000E+00   0.0000000E+00   0.3006039E+00   0.1929295E+01   0.1046349E+01
   0.1200000E+00   0.4530000E+00   0.2600001E-02   0.2968039E+00   0.1939297E+01   0.1032547E+01
   0.1200000E+00   0.4540000E+00   0.6000001E-03   0.2916038E+00   0.1933496E+01   0.1042348E+01
   0.1200000E+00   0.4550000E+00   0.2000000E-03   0.2962039E+00   0.1940497E+01   0.1054550E+01
   0.1200000E+00   0.4560000E+00   0.4000000E-03   0.2904038E+00   0.1918894E+01   0.1040948E+01
   0.1200000E+00   0.4570000E+00   0.0000000E+00   0.2806036E+00   0.1917093E+01   0.1033147E+01
   0.1200000E+00   0.4580000E+00   0.4000000E-03   0.2810036E+00   0.1942098E+01   0.1052950E+01
   0.1200000E+00   0.4590000E+00   0.6000001E-03   0.2902038E+00   0.1919094E+01   0.1032347E+01
   0.1200000E+00   0.4600000E+00   0.1600000E-02   0.2710034E+00   0.1945698E+01   0.1043548E+01
   0.1200000E+00   0.4610000E+00   0.1200000E-02   0.2792036E+00   0.1891489E+01   0.1002142E+01
   0.1200000E+00   0.4620000E+00   0.1000000E-02   0.2648033E+00   0.1928095E+01   0.1037347E+01
   0.1200000E+00   0.4630000E+00   0.2000000E-03   0.2662033E+00   0.1904491E+01   0.1038348E+01
   0.1200000E+00   0.4640000E+00   0.8000001E-03   0.2686034E+00   0.1914493E+01   0.1037147E+01
   0.1200000E+00   0.4650000E+00   0.0000000E+00   0.2480031E+00   0.1856683E+01   0.9931421E+00
   0.1200000E+00   0.4660000E+00   0.0000000E+00   0.2470030E+00   0.1850482E+01   0.9859431E+00
   0.1200000E+00   0.4670000E+00   0.4000000E-03   0.2412029E+00   0.1898090E+01   0.9907424E+00
   0.1200000E+00   0.4680000E+00   0.2000000E-03   0.2606032E+00   0.1875887E+01   0.9999412E+00
   0.1200000E+00   0.4690000E+00   0.0000000E+00   0.2324028E+00   0.1826278E+01   0.9857431E+00
   0.1200000E+00   0.4700000E+00   0.0000000E+00   0.2438030E+00   0.1886688E+01   0.1007342E+01
   0.1200000E+00   0.4710000E+00   0.2000000E-03   0.2336028E+00   0.1889289E+01   0.1016944E+01
   0.1200000E+00   0.4720000E+00   0.2000000E-03   0.2294027E+00   0.1890289E+01   0.1010943E+01
   0.1200000E+00   0.4730000E+00   0.0000000E+00   0.2230026E+00   0.1893690E+01   0.9945419E+00
   0.1200000E+00   0.4740000E+00   0.2000000E-03   0.2242026E+00   0.1886888E+01   0.9985414E+00
   0.1200000E+00   0.4750000E+00   0.0000000E+00   0.2264027E+00   0.1882488E+01   0.9973416E+00
   0.1200000E+00   0.4760000E+00   0.0000000E+00   0.2182025E+00   0.1865885E+01   0.9635460E+00
   0.1200000E+00   0.4770000E+00   0.8000001E-03   0.2148025E+00   0.1859484E+01   0.9979415E+00
   0.1200000E+00   0.4780000E+00   0.8000001E-03   0.2122024E+00   0.1842281E+01   0.9719449E+00
   0.1200000E+00   0.4790000E+00   0.2000000E-03   0.2206026E+00   0.1862084E+01   0.9897426E+00
   0.1200000E+00   0.4800000E+00   0.0000000E+00   0.2090024E+00   0.1827278E+01   0.9661457E+00
   0.1200000E+00   0.4810000E+00   0.0000000E+00   0.2108024E+00   0.1845682E+01   0.9671456E+00
   0.1200000E+00   0.4820000E+00   0.0000000E+00   0.1944021E+00   0.1801674E+01   0.9475482E+00
   0.1200000E+00   0.4830000E+00   0.0000000E+00   0.1948022E+00   0.1829879E+01   0.9743446E+00
   0.1200000E+00   0.4840000E+00   0.6000001E-03   0.2026023E+00   0.1774470E+01   0.9409490E+00
   0.1200000E+00   0.4850000E+00   0.0000000E+00   0.2002022E+00   0.1826478E+01   0.9749445E+00
   0.1200000E+00   0.4860000E+00   0.0000000E+00   0.1904021E+00   0.1823078E+01   0.9603465E+00
   0.1200000E+00   0.4870000E+00   0.0000000E+00   0.1884020E+00   0.1781471E+01   0.9385493E+00
   0.1200000E+00   0.4880000E+00   0.0000000E+00   0.1976022E+00   0.1826878E+01   0.9665456E+00
   0.1200000E+00   0.4890000E+00   0.6000001E-03   0.1912021E+00   0.1818077E+01   0.9317502E+00
   0.1200000E+00   0.4900000E+00   0.0000000E+00   0.1838020E+00   0.1774870E+01   0.9263510E+00
   0.1200000E+00   0.4910000E+00   0.0000000E+00   0.1842020E+00   0.1796073E+01   0.9397492E+00
   0.1200000E+00   0.4920000E+00   0.2000000E-03   0.1736018E+00   0.1779671E+01   0.9463483E+00
   0.1200000E+00   0.4930000E+00   0.4000000E-03   0.1692017E+00   0.1787872E+01   0.9455484E+00
   0.1200000E+00   0.4940000E+00   0.0000000E+00   0.1688017E+00   0.1758867E+01   0.9201518E+00
   0.1200000E+00   0.4950000E+00   0.0000000E+00   0.1602016E+00   0.1809876E+01   0.9533474E+00
   0.1200000E+00   0.4960000E+00   0.2000000E-03   0.1676017E+00   0.1744265E+01   0.9227514E+00
   0.1200000E+00   0.4970000E+00   0.0000000E+00   0.1702017E+00   0.1782671E+01   0.9377494E+00
   0.1200000E+00   0.4980000E+00   0.0000000E+00   0.1620016E+00   0.1785071E+01   0.9371495E+00
   0.1200000E+00   0.4990000E+00   0.0000000E+00   0.1690017E+00   0.1748665E+01   0.9269509E+00
   0.1200000E+00   0.5000000E+00   0.2000000E-03   0.1634016E+00   0.1738664E+01   0.9023541E+00
   0.1200000E+00   0.5009999E+00   0.0000000E+00   0.1496014E+00   0.1728462E+01   0.8895558E+00
   0.1200000E+00   0.5019999E+00   0.0000000E+00   0.1580015E+00   0.1761268E+01   0.9257510E+00
   0.1200000E+00   0.5030000E+00   0.0000000E+00   0.1464013E+00   0.1746265E+01   0.8961549E+00
   0.1200000E+00   0.5039999E+00   0.2000000E-03   0.1496014E+00   0.1734263E+01   0.9065536E+00
   0.1200000E+00   0.5049999E+00   0.0000000E+00   0.1454013E+00   0.1724862E+01   0.9079534E+00
   0.1200000E+00   0.5059999E+00   0.0000000E+00   0.1380012E+00   0.1706458E+01   0.8859563E+00
   0.1200000E+00   0.5070000E+00   0.0000000E+00   0.1462013E+00   0.1704058E+01   0.8801571E+00
   0.1200000E+00   0.5080000E+00   0.0000000E+00   0.1314011E+00   0.1719461E+01   0.8921555E+00
   0.1200000E+00   0.5089999E+00   0.0000000E+00   0.1412012E+00   0.1701258E+01   0.8917555E+00
   0.1200000E+00   0.5099999E+00   0.2000000E-03   0.1290010E+00   0.1703058E+01   0.8889559E+00
   0.1200000E+00   0.5109999E+00   0.0000000E+00   0.1412012E+00   0.1672053E+01   0.8857563E+00
   0.1200000E+00   0.5120000E+00   0.0000000E+00   0.1318011E+00   0.1692456E+01   0.8739579E+00
   0.1200000E+00   0.5130000E+00   0.0000000E+00   0.1240010E+00   0.1707859E+01   0.9005544E+00
   0.1200000E+00   0.5139999E+00   0.0000000E+00   0.1246010E+00   0.1644248E+01   0.8667588E+00
   0.1200000E+00   0.5149999E+00   0.0000000E+00   0.1218009E+00   0.1662651E+01   0.8529606E+00
   0.1200000E+00   0.5159999E+00   0.0000000E+00   0.1182009E+00   0.1663451E+01   0.8457616E+00
   0.1200000E+00   0.5170000E+00   0.0000000E+00   0.1208009E+00   0.1669652E+01   0.8571601E+00
   0.1200000E+00   0.5179999E+00   0.0000000E+00   0.1246010E+00   0.1655450E+01   0.8591598E+00
   0.1200000E+00   0.5189999E+00   0.0000000E+00   0.1218009E+00   0.1683055E+01   0.8675587E+00
   0.1200000E+00   0.5199999E+00   0.0000000E+00   0.1148008E+00   0.1648449E+01   0.8531606E+00
   0.1200000E+00   0.5210000E+00   0.0000000E+00   0.1122008E+00   0.1631646E+01   0.8547604E+00
   0.1200000E+00   0.5220000E+00   0.0000000E+00   0.1124008E+00   0.1630646E+01   0.8603597E+00
   0.1200000E+00   0.5229999E+00   0.0000000E+00   0.1104007E+00   0.1613243E+01   0.8333632E+00
   0.1200000E+00   0.5239999E+00   0.0000000E+00   0.1116007E+00   0.1628846E+01   0.8271641E+00
   0.1200000E+00   0.5249999E+00   0.0000000E+00   0.1062007E+00   0.1604842E+01   0.8435619E+00
   0.1200000E+00   0.5260000E+00   0.0000000E+00   0.1006006E+00   0.1608442E+01   0.8209649E+00
   0.1200000E+00   0.5270000E+00   0.0000000E+00   0.9940054E-01   0.1592239E+01   0.8199650E+00
   0.1200000E+00   0.5279999E+00   0.0000000E+00   0.9880053E-01   0.1604442E+01   0.8225647E+00
   0.1200000E+00   0.5289999E+00   0.0000000E+00   0.9780051E-01   0.1614043E+01   0.8291638E+00
   0.1200000E+00   0.5299999E+00   0.0000000E+00   0.1014006E+00   0.1597040E+01   0.8177653E+00
   0.1200000E+00   0.5310000E+00   0.0000000E+00   0.8620031E-01   0.1590439E+01   0.8091664E+00
   0.1200000E+00   0.5319999E+00   0.0000000E+00   0.9540047E-01   0.1581638E+01   0.8173653E+00
   0.1200000E+00   0.5329999E+00   0.0000000E+00   0.9700049E-01   0.1600241E+01   0.8213648E+00
   0.1200000E+00   0.5339999E+00   0.0000000E+00   0.8920036E-01   0.1589639E+01   0.8169654E+00
   0.1200000E+00   0.5350000E+00   0.0000000E+00   0.9180041E-01   0.1553033E+01   0.7975680E+00
   0.1200000E+00   0.5360000E+00   0.0000000E+00   0.9360044E-01   0.1553633E+01   0.8061668E+00
   0.1200000E+00   0.5369999E+00   0.0000000E+00   0.8660032E-01   0.1543231E+01   0.7917687E+00
   0.1200000E+00   0.5379999E+00   0.0000000E+00   0.8420028E-01   0.1537430E+01   0.7891691E+00
   0.1200000E+00   0.5389999E+00   0.0000000E+00   0.7880019E-01   0.1504425E+01   0.7637724E+00
   0.1200000E+00   0.5400000E+00   0.0000000E+00   0.7780017E-01   0.1535830E+01   0.7931685E+00
   0.1200000E+00   0.5409999E+00   0.0000000E+00   0.7840018E-01   0.1539431E+01   0.7745710E+00
   0.1200000E+00   0.5419999E+00   0.0000000E+00   0.8060022E-01   0.1546232E+01   0.7941684E+00
   0.1200000E+00   0.5429999E+00   0.0000000E+00   0.8400027E-01   0.1533230E+01   0.7889691E+00
   0.1200000E+00   0.5439999E+00   0.0000000E+00   0.7240008E-01   0.1495223E+01   0.7569733E+00
   0.1200000E+00   0.5450000E+00   0.0000000E+00   0.7760017E-01   0.1506025E+01   0.7655722E+00
   0.1200000E+00   0.5459999E+00   0.0000000E+00   0.7160006E-01   0.1505225E+01   0.7733712E+00
   0.1200000E+00   0.5469999E+00   0.0000000E+00   0.7100005E-01   0.1495423E+01   0.7439750E+00
   0.1200000E+00   0.5479999E+00   0.0000000E+00   0.6579997E-01   0.1496824E+01   0.7561734E+00
   0.1200000E+00   0.5490000E+00   0.0000000E+00   0.6639998E-01   0.1500424E+01   0.7783705E+00
   0.1200000E+00   0.5500000E+00   0.0000000E+00   0.6119991E-01   0.1527629E+01   0.7543737E+00
   0.1200000E+00   0.5509999E+00   0.0000000E+00   0.6679998E-01   0.1489823E+01   0.7459748E+00
   0.1200000E+00   0.5519999E+00   0.0000000E+00   0.6960003E-01   0.1446615E+01   0.7513741E+00
   0.1200000E+00   0.5529999E+00   0.0000000E+00   0.6760000E-01   0.1499824E+01   0.7637724E+00
   0.1200000E+00   0.5540000E+00   0.0000000E+00   0.6419994E-01   0.1447816E+01   0.7423753E+00
   0.1200000E+00   0.5549999E+00   0.0000000E+00   0.7000004E-01   0.1441414E+01   0.7297769E+00
   0.1200000E+00   0.5559999E+00   0.0000000E+00   0.6059992E-01   0.1470419E+01   0.7425752E+00
   0.1200000E+00   0.5569999E+00   0.0000000E+00   0.5959992E-01   0.1444015E+01   0.7377759E+00
   0.1200000E+00   0.5579999E+00   0.0000000E+00   0.6059992E-01   0.1441815E+01   0.7427752E+00
   0.1200000E+00   0.5590000E+00   0.2000000E-03   0.5799992E-01   0.1423812E+01   0.7379758E+00
   0.1200000E+00   0.5599999E+00   0.0000000E+00   0.5419993E-01   0.1386205E+01   0.7039803E+00
   0.1200000E+00   0.5609999E+00   0.0000000E+00   0.5399993E-01   0.1397007E+01   0.7039803E+00
   0.1200000E+00   0.5619999E+00   0.0000000E+00   0.5379993E-01   0.1405409E+01   0.7165787E+00
   0.1200000E+00   0.5630000E+00   0.0000000E+00   0.5459993E-01   0.1388606E+01   0.7031804E+00
   0.1200000E+00   0.5640000E+00   0.0000000E+00   0.5519992E-01   0.1407409E+01   0.7137790E+00
   0.1200000E+00   0.5649999E+00   0.0000000E+00   0.5159993E-01   0.1407009E+01   0.7319766E+00
   0.1200000E+00   0.5659999E+00   0.0000000E+00   0.5419993E-01   0.1407009E+01   0.7041803E+00
   0.1200000E+00   0.5669999E+00   0.0000000E+00   0.5079993E-01   0.1359201E+01   0.6887823E+00
   0.1200000E+00   0.5680000E+00   0.0000000E+00   0.4559994E-01   0.1357801E+01   0.6893823E+00
   0.1200000E+00   0.5689999E+00   0.0000000E+00   0.4639994E-01   0.1344398E+01   0.6767839E+00
   0.1200000E+00   0.5699999E+00   0.0000000E+00   0.4319995E-01   0.1351200E+01   0.6627858E+00
   0.1200000E+00   0.5709999E+00   0.0000000E+00   0.5379993E-01   0.1328996E+01   0.6811833E+00
   0.1200000E+00   0.5719999E+00   0.0000000E+00   0.5079993E-01   0.1360201E+01   0.6813833E+00
   0.1200000E+00   0.5730000E+00   0.0000000E+00   0.3779995E-01   0.1310193E+01   0.6629857E+00
   0.1200000E+00   0.5739999E+00   0.0000000E+00   0.4279995E-01   0.1322595E+01   0.6607860E+00
   0.1200000E+00   0.5749999E+00   0.0000000E+00   0.4379994E-01   0.1316994E+01   0.6707847E+00
   0.1200000E+00   0.5759999E+00   0.0000000E+00   0.4839994E-01   0.1320194E+01   0.6727844E+00
   0.1200000E+00   0.5770000E+00   0.0000000E+00   0.3879995E-01   0.1322195E+01   0.6903821E+00
   0.1200000E+00   0.5779999E+00   0.0000000E+00   0.4679994E-01   0.1300791E+01   0.6665853E+00
   0.1200000E+00   0.5789999E+00   0.0000000E+00   0.3959995E-01   0.1303592E+01   0.6707847E+00
   0.1200000E+00   0.5799999E+00   0.0000000E+00   0.3859995E-01   0.1292190E+01   0.6487876E+00
   0.1200000E+00   0.5809999E+00   0.0000000E+00   0.4219995E-01   0.1307192E+01   0.6669852E+00
   0.1200000E+00   0.5820000E+00   0.0000000E+00   0.4039995E-01   0.1289589E+01   0.6565866E+00
   0.1200000E+00   0.5829999E+00   0.0000000E+00   0.3479996E-01   0.1296790E+01   0.6517872E+00
   0.1200000E+00   0.5839999E+00   0.0000000E+00   0.3259996E-01   0.1243982E+01   0.6273904E+00
   0.1200000E+00   0.5849999E+00   0.0000000E+00   0.3819995E-01   0.1259384E+01   0.6375891E+00
   0.1200000E+00   0.5860000E+00   0.0000000E+00   0.3159996E-01   0.1229979E+01   0.6385890E+00
   0.1200000E+00   0.5870000E+00   0.0000000E+00   0.3219996E-01   0.1247382E+01   0.6285903E+00
   0.1200000E+00   0.5879999E+00   0.0000000E+00   0.3579996E-01   0.1238781E+01   0.6225911E+00
   0.1200000E+00   0.5889999E+00   0.0000000E+00   0.3499996E-01   0.1223978E+01   0.6111926E+00
   0.1200000E+00   0.5899999E+00   0.0000000E+00   0.3059997E-01   0.1196174E+01   0.5961946E+00
   0.1200000E+00   0.5910000E+00   0.0000000E+00   0.3019997E-01   0.1216577E+01   0.6205913E+00
   0.1200000E+00   0.5919999E+00   0.0000000E+00   0.2819997E-01   0.1218177E+01   0.6157920E+00
   0.1200000E+00   0.5929999E+00   0.0000000E+00   0.2939997E-01   0.1208376E+01   0.6121925E+00
   0.1200000E+00   0.5939999E+00   0.0000000E+00   0.3139997E-01   0.1194574E+01   0.6067932E+00
   0.1200000E+00   0.5949999E+00   0.0000000E+00   0.3419996E-01   0.1211376E+01   0.6223911E+00
   0.1200000E+00   0.5960000E+00   0.0000000E+00   0.2719997E-01   0.1178771E+01   0.6061932E+00
   0.1200000E+00   0.5969999E+00   0.0000000E+00   0.3219996E-01   0.1190373E+01   0.6021938E+00
   0.1200000E+00   0.5979999E+00   0.0000000E+00   0.3119997E-01   0.1173970E+01   0.5919951E+00
   0.1200000E+00   0.5989999E+00   0.0000000E+00   0.2939997E-01   0.1155167E+01   0.5945948E+00
   0.1200000E+00   0.6000000E+00   0.0000000E+00   0.2739997E-01   0.1159968E+01   0.5915952E+00
   0.1200000E+00   0.6010000E+00   0.0000000E+00   0.2479998E-01   0.1147766E+01   0.5759972E+00
   0.1200000E+00   0.6019999E+00   0.0000000E+00   0.2499998E-01   0.1144965E+01   0.5805966E+00
   0.1200000E+00   0.6029999E+00   0.0000000E+00   0.2339998E-01   0.1134364E+01   0.5743974E+00
   0.1200000E+00   0.6039999E+00   0.0000000E+00   0.2539998E-01   0.1129963E+01   0.5767971E+00
   0.1200000E+00   0.6050000E+00   0.0000000E+00   0.1899999E-01   0.1129763E+01   0.5669984E+00
   0.1200000E+00   0.6059999E+00   0.0000000E+00   0.1939999E-01   0.1129363E+01   0.5749974E+00
   0.1200000E+00   0.6069999E+00   0.0000000E+00   0.2399998E-01   0.1119161E+01   0.5563998E+00
   0.1200000E+00   0.6079999E+00   0.0000000E+00   0.2239998E-01   0.1097157E+01   0.5550000E+00
   0.1200000E+00   0.6089999E+00   0.0000000E+00   0.2139998E-01   0.1100358E+01   0.5603993E+00
   0.1200000E+00   0.6100000E+00   0.0000000E+00   0.2019998E-01   0.1107359E+01   0.5699980E+00
   0.1200000E+00   0.6109999E+00   0.0000000E+00   0.1639999E-01   0.1070353E+01   0.5306032E+00
   0.1200000E+00   0.6119999E+00   0.0000000E+00   0.1859999E-01   0.1080155E+01   0.5326030E+00
   0.1200000E+00   0.6129999E+00   0.0000000E+00   0.2059998E-01   0.1074954E+01   0.5326030E+00
   0.1200000E+00   0.6140000E+00   0.0000000E+00   0.1919999E-01   0.1062552E+01   0.5296034E+00
   0.1200000E+00   0.6149999E+00   0.0000000E+00   0.1779999E-01   0.1063952E+01   0.5346027E+00
   0.1200000E+00   0.6159999E+00   0.0000000E+00   0.2179998E-01   0.1053950E+01   0.5156052E+00
   0.1200000E+00   0.6169999E+00   0.0000000E+00   0.1879999E-01   0.1043148E+01   0.5248040E+00
   0.1200000E+00   0.6179999E+00   0.0000000E+00   0.1579999E-01   0.1018544E+01   0.5130056E+00
   0.1200000E+00   0.6190000E+00   0.0000000E+00   0.2219998E-01   0.1051150E+01   0.5288035E+00
   0.1200000E+00   0.6199999E+00   0.0000000E+00   0.1719999E-01   0.1046349E+01   0.5276036E+00
   0.1200000E+00   0.6209999E+00   0.0000000E+00   0.1519999E-01   0.1040548E+01   0.5226043E+00
   0.1200000E+00   0.6219999E+00   0.0000000E+00   0.1739999E-01   0.1030746E+01   0.5216044E+00
   0.1200000E+00   0.6229999E+00   0.0000000E+00   0.1879999E-01   0.1001541E+01   0.5084062E+00
   0.1200000E+00   0.6240000E+00   0.0000000E+00   0.1399999E-01   0.1016544E+01   0.5100060E+00
   0.1200000E+00   0.6249999E+00   0.0000000E+00   0.1200000E-01   0.1006342E+01   0.5134055E+00
   0.1200000E+00   0.6259999E+00   0.0000000E+00   0.1379999E-01   0.9867430E+00   0.4990073E+00
   0.1200000E+00   0.6269999E+00   0.0000000E+00   0.1559999E-01   0.9757444E+00   0.4902071E+00
   0.1200000E+00   0.6280000E+00   0.0000000E+00   0.1220000E-01   0.9725448E+00   0.4868071E+00
   0.1200000E+00   0.6289999E+00   0.0000000E+00   0.1240000E-01   0.9669456E+00   0.4820070E+00
   0.1200000E+00   0.6299999E+00   0.0000000E+00   0.1220000E-01   0.9749445E+00   0.5018070E+00
   0.1200000E+00   0.6309999E+00   0.0000000E+00   0.1180000E-01   0.9591466E+00   0.4820070E+00
   0.1200000E+00   0.6319999E+00   0.0000000E+00   0.1339999E-01   0.9577468E+00   0.4714068E+00
   0.1200000E+00   0.6330000E+00   0.0000000E+00   0.1040000E-01   0.9567469E+00   0.4752069E+00
   0.1200000E+00   0.6339999E+00   0.0000000E+00   0.1220000E-01   0.9261510E+00   0.4664067E+00
   0.1200000E+00   0.6349999E+00   0.0000000E+00   0.1120000E-01   0.9297505E+00   0.4726068E+00
   0.1200000E+00   0.6359999E+00   0.0000000E+00   0.1180000E-01   0.9071535E+00   0.4562066E+00
   0.1200000E+00   0.6369999E+00   0.0000000E+00   0.1100000E-01   0.8967549E+00   0.4440064E+00
   0.1200000E+00   0.6380000E+00   0.0000000E+00   0.1339999E-01   0.9205517E+00   0.4662067E+00
   0.1200000E+00   0.6389999E+00   0.0000000E+00   0.1060000E-01   0.9149525E+00   0.4616067E+00
   0.1200000E+00   0.6399999E+00   0.0000000E+00   0.9200002E-02   0.8985546E+00   0.4508065E+00
   0.1200000E+00   0.6409999E+00   0.0000000E+00   0.1120000E-01   0.9023541E+00   0.4540065E+00
   0.1200000E+00   0.6420000E+00   0.0000000E+00   0.8800003E-02   0.8959550E+00   0.4474064E+00
   0.1200000E+00   0.6429999E+00   0.0000000E+00   0.1020000E-01   0.8941552E+00   0.4470064E+00
   0.1200000E+00   0.6439999E+00   0.0000000E+00   0.9400002E-02   0.8865562E+00   0.4430063E+00
   0.1200000E+00   0.6449999E+00   0.0000000E+00   0.8400003E-02   0.8689585E+00   0.4382063E+00
   0.1200000E+00   0.6459999E+00   0.0000000E+00   0.9400002E-02   0.8745578E+00   0.4434063E+00
   0.1200000E+00   0.6470000E+00   0.0000000E+00   0.7000003E-02   0.8435619E+00   0.4382063E+00
   0.1200000E+00   0.6479999E+00   0.0000000E+00   0.7400004E-02   0.8499610E+00   0.4354062E+00
   0.1200000E+00   0.6489999E+00   0.0000000E+00   0.1020000E-01   0.8431619E+00   0.4260060E+00
   0.1200000E+00   0.6499999E+00   0.0000000E+00   0.8000004E-02   0.8383626E+00   0.4232060E+00
   0.1200000E+00   0.6509999E+00   0.0000000E+00   0.8400003E-02   0.8255643E+00   0.4020056E+00
   0.1200000E+00   0.6520000E+00   0.0000000E+00   0.7800004E-02   0.8411622E+00   0.4228060E+00
   0.1200000E+00   0.6529999E+00   0.0000000E+00   0.6200003E-02   0.8261642E+00   0.4156059E+00
   0.1200000E+00   0.6539999E+00   0.0000000E+00   0.8000004E-02   0.8023673E+00   0.3996056E+00
   0.1200000E+00   0.6549999E+00   0.0000000E+00   0.7200004E-02   0.8057669E+00   0.4092058E+00
   0.1200000E+00   0.6560000E+00   0.0000000E+00   0.6400003E-02   0.7925686E+00   0.3912055E+00
   0.1200000E+00   0.6569999E+00   0.0000000E+00   0.6400003E-02   0.7755709E+00   0.3946055E+00
   0.1200000E+00   0.6579999E+00   0.0000000E+00   0.6600003E-02   0.7693717E+00   0.3834053E+00
   0.1200000E+00   0.6589999E+00   0.0000000E+00   0.9400002E-02   0.7627726E+00   0.3902054E+00
   0.1200000E+00   0.6599999E+00   0.0000000E+00   0.5400002E-02   0.7769707E+00   0.3930055E+00
   0.1200000E+00   0.6610000E+00   0.0000000E+00   0.5400002E-02   0.7871693E+00   0.3802053E+00
   0.1200000E+00   0.6619999E+00   0.0000000E+00   0.4400002E-02   0.7489744E+00   0.3784052E+00
   0.1200000E+00   0.6629999E+00   0.0000000E+00   0.4400002E-02   0.7797703E+00   0.3926055E+00
   0.1200000E+00   0.6639999E+00   0.0000000E+00   0.5800003E-02   0.7503742E+00   0.3868054E+00
   0.1200000E+00   0.6649999E+00   0.0000000E+00   0.6200003E-02   0.7631725E+00   0.3848054E+00
   0.1200000E+00   0.6659999E+00   0.0000000E+00   0.6000003E-02   0.7471746E+00   0.3686051E+00
   0.1200000E+00   0.6669999E+00   0.0000000E+00   0.7200004E-02   0.7349762E+00   0.3662050E+00
   0.1200000E+00   0.6679999E+00   0.0000000E+00   0.4200002E-02   0.7237777E+00   0.3626050E+00
   0.1200000E+00   0.6689999E+00   0.0000000E+00   0.7000003E-02   0.7121792E+00   0.3714051E+00
   0.1200000E+00   0.6700000E+00   0.0000000E+00   0.4200002E-02   0.7101795E+00   0.3536048E+00
   0.1200000E+00   0.6709999E+00   0.0000000E+00   0.5600003E-02   0.7023805E+00   0.3570049E+00
   0.1200000E+00   0.6719999E+00   0.0000000E+00   0.4200002E-02   0.6861827E+00   0.3578049E+00
   0.1200000E+00   0.6729999E+00   0.0000000E+00   0.5200002E-02   0.6811833E+00   0.3476047E+00
   0.1200000E+00   0.6739999E+00   0.0000000E+00   0.3000001E-02   0.6697848E+00   0.3392046E+00
   0.1200000E+00   0.6750000E+00   0.0000000E+00   0.3000001E-02   0.6667852E+00   0.3498048E+00
   0.1200000E+00   0.6759999E+00   0.0000000E+00   0.4000002E-02   0.6769839E+00   0.3358045E+00
   0.1200000E+00   0.6769999E+00   0.0000000E+00   0.3800001E-02   0.6975812E+00   0.3602049E+00
   0.1200000E+00   0.6779999E+00   0.0000000E+00   0.3800001E-02   0.6495875E+00   0.3214043E+00
   0.1200000E+00   0.6789999E+00   0.0000000E+00   0.2400001E-02   0.6559867E+00   0.3374045E+00
   0.1200000E+00   0.6799999E+00   0.0000000E+00   0.2800001E-02   0.6407887E+00   0.3218043E+00
   0.1200000E+00   0.6809999E+00   0.0000000E+00   0.3000001E-02   0.6215912E+00   0.3050040E+00
   0.1200000E+00   0.6819999E+00   0.0000000E+00   0.3600001E-02   0.6355894E+00   0.3238043E+00
   0.1200000E+00   0.6829999E+00   0.0000000E+00   0.5000002E-02   0.6549868E+00   0.3228043E+00
   0.1200000E+00   0.6840000E+00   0.0000000E+00   0.4600002E-02   0.5999941E+00   0.3106041E+00
   0.1200000E+00   0.6849999E+00   0.0000000E+00   0.1200000E-02   0.6179917E+00   0.3098041E+00
   0.1200000E+00   0.6859999E+00   0.0000000E+00   0.2000000E-02   0.5993941E+00   0.2970039E+00
   0.1200000E+00   0.6869999E+00   0.0000000E+00   0.2400001E-02   0.6069931E+00   0.3100041E+00
   0.1200000E+00   0.6879999E+00   0.0000000E+00   0.3200001E-02   0.5925950E+00   0.2986039E+00
   0.1200000E+00   0.6890000E+00   0.0000000E+00   0.1800000E-02   0.5977944E+00   0.2976039E+00
   0.1200000E+00   0.6899999E+00   0.0000000E+00   0.3200001E-02   0.5907953E+00   0.3108041E+00
   0.1200000E+00   0.6909999E+00   0.0000000E+00   0.2200000E-02   0.5931950E+00   0.2898037E+00
   0.1200000E+00   0.6919999E+00   0.0000000E+00   0.1600000E-02   0.5757973E+00   0.2942038E+00
   0.1200000E+00   0.6929999E+00   0.0000000E+00   0.2400001E-02   0.5751973E+00   0.2948038E+00
   0.1200000E+00   0.6939999E+00   0.0000000E+00   0.3800001E-02   0.5661985E+00   0.2856037E+00
   0.1200000E+00   0.6949999E+00   0.0000000E+00   0.3400001E-02   0.5695981E+00   0.2860037E+00
   0.1200000E+00   0.6959999E+00   0.0000000E+00   0.1200000E-02   0.5591995E+00   0.2796036E+00
   0.1200000E+00   0.6969999E+00   0.0000000E+00   0.3000001E-02   0.5412018E+00   0.2762035E+00
   0.1200000E+00   0.6980000E+00   0.0000000E+00   0.2000000E-02   0.5376023E+00   0.2834036E+00
   0.1200000E+00   0.6989999E+00   0.0000000E+00   0.2000000E-02   0.5348027E+00   0.2768035E+00
   0.1200000E+00   0.6999999E+00   0.0000000E+00   0.2200000E-02   0.5028069E+00   0.2524031E+00
   0.1200000E+00   0.7009999E+00   0.0000000E+00   0.3000001E-02   0.5316031E+00   0.2738035E+00
   0.1200000E+00   0.7019999E+00   0.0000000E+00   0.1000000E-02   0.5336028E+00   0.2624033E+00
   0.1200000E+00   0.7029999E+00   0.0000000E+00   0.1600000E-02   0.5130056E+00   0.2410029E+00
   0.1200000E+00   0.7039999E+00   0.0000000E+00   0.1400000E-02   0.4944072E+00   0.2428030E+00
   0.1200000E+00   0.7049999E+00   0.0000000E+00   0.2200000E-02   0.5014071E+00   0.2416029E+00
   0.1200000E+00   0.7059999E+00   0.0000000E+00   0.1800000E-02   0.4854071E+00   0.2376029E+00
   0.1200000E+00   0.7070000E+00   0.0000000E+00   0.1600000E-02   0.4952072E+00   0.2482031E+00
   0.1200000E+00   0.7079999E+00   0.0000000E+00   0.1600000E-02   0.4846070E+00   0.2426030E+00
   0.1200000E+00   0.7089999E+00   0.0000000E+00   0.2200000E-02   0.4704068E+00   0.2368029E+00
   0.1200000E+00   0.7099999E+00   0.0000000E+00   0.1000000E-02   0.4666067E+00   0.2266027E+00
   0.1200000E+00   0.7109999E+00   0.0000000E+00   0.1800000E-02   0.4588066E+00   0.2332028E+00
   0.1200000E+00   0.7120000E+00   0.0000000E+00   0.8000001E-03   0.4672067E+00   0.2376029E+00
   0.1200000E+00   0.7129999E+00   0.0000000E+00   0.1800000E-02   0.4568066E+00   0.2302027E+00
   0.1200000E+00   0.7139999E+00   0.0000000E+00   0.2600001E-02   0.4368062E+00   0.2214026E+00
   0.1200000E+00   0.7149999E+00   0.0000000E+00   0.1800000E-02   0.4626067E+00   0.2262027E+00
   0.1200000E+00   0.7159999E+00   0.0000000E+00   0.2200000E-02   0.4416063E+00   0.2242026E+00
   0.1200000E+00   0.7169999E+00   0.0000000E+00   0.8000001E-03   0.4566066E+00   0.2254027E+00
   0.1200000E+00   0.7179999E+00   0.0000000E+00   0.6000001E-03   0.4396063E+00   0.2172025E+00
   0.1200000E+00   0.7189999E+00   0.0000000E+00   0.8000001E-03   0.4298061E+00   0.2162025E+00
   0.1200000E+00   0.7199999E+00   0.0000000E+00   0.8000001E-03   0.4276061E+00   0.2174025E+00
   0.1200000E+00   0.7210000E+00   0.0000000E+00   0.6000001E-03   0.4168059E+00   0.2098024E+00
   0.1200000E+00   0.7219999E+00   0.0000000E+00   0.1200000E-02   0.4170059E+00   0.2070024E+00
   0.1200000E+00   0.7229999E+00   0.0000000E+00   0.1000000E-02   0.3980056E+00   0.2058023E+00
   0.1200000E+00   0.7239999E+00   0.0000000E+00   0.8000001E-03   0.4026057E+00   0.2058023E+00
   0.1200000E+00   0.7249999E+00   0.0000000E+00   0.8000001E-03   0.3952055E+00   0.1954022E+00
   0.1200000E+00   0.7260000E+00   0.0000000E+00   0.6000001E-03   0.3984056E+00   0.1954022E+00
   0.1200000E+00   0.7269999E+00   0.0000000E+00   0.1200000E-02   0.3910055E+00   0.1974022E+00
   0.1200000E+00   0.7279999E+00   0.0000000E+00   0.1400000E-02   0.3806053E+00   0.1918021E+00
   0.1200000E+00   0.7289999E+00   0.0000000E+00   0.6000001E-03   0.3786052E+00   0.1854020E+00
   0.1200000E+00   0.7299999E+00   0.0000000E+00   0.8000001E-03   0.3638050E+00   0.1832020E+00
   0.1200000E+00   0.7309999E+00   0.0000000E+00   0.4000000E-03   0.3524048E+00   0.1760018E+00
   0.1200000E+00   0.7319999E+00   0.0000000E+00   0.4000000E-03   0.3504048E+00   0.1790019E+00
   0.1200000E+00   0.7329999E+00   0.0000000E+00   0.1200000E-02   0.3556049E+00   0.1712018E+00
   0.1200000E+00   0.7339999E+00   0.0000000E+00   0.4000000E-03   0.3474047E+00   0.1766018E+00
   0.1200000E+00   0.7350000E+00   0.0000000E+00   0.8000001E-03   0.3504048E+00   0.1746018E+00
   0.1200000E+00   0.7359999E+00   0.0000000E+00   0.1000000E-02   0.3564049E+00   0.1826019E+00
   0.1200000E+00   0.7369999E+00   0.0000000E+00   0.6000001E-03   0.3538048E+00   0.1720018E+00
   0.1200000E+00   0.7379999E+00   0.0000000E+00   0.0000000E+00   0.3428046E+00   0.1790019E+00
   0.1200000E+00   0.7389999E+00   0.0000000E+00   0.4000000E-03   0.3238043E+00   0.1636016E+00
   0.1200000E+00   0.7399999E+00   0.0000000E+00   0.4000000E-03   0.3342045E+00   0.1720018E+00
   0.1200000E+00   0.7409999E+00   0.0000000E+00   0.2000000E-03   0.3176042E+00   0.1570015E+00
   0.1200000E+00   0.7419999E+00   0.0000000E+00   0.4000000E-03   0.3118041E+00   0.1578015E+00
   0.1200000E+00   0.7429999E+00   0.0000000E+00   0.6000001E-03   0.3132041E+00   0.1524014E+00
   0.1200000E+00   0.7439999E+00   0.0000000E+00   0.2000000E-03   0.3024040E+00   0.1534014E+00
   0.1200000E+00   0.7449999E+00   0.0000000E+00   0.2000000E-03   0.3060040E+00   0.1520014E+00
   0.1200000E+00   0.7459999E+00   0.0000000E+00   0.4000000E-03   0.3032040E+00   0.1536015E+00
   0.1200000E+00   0.7469999E+00   0.0000000E+00   0.0000000E+00   0.2932038E+00   0.1480014E+00
   0.1200000E+00   0.7479999E+00   0.0000000E+00   0.4000000E-03   0.3052040E+00   0.1554015E+00
   0.1200000E+00   0.7490000E+00   0.0000000E+00   0.4000000E-03   0.2906038E+00   0.1522014E+00
   0.1200000E+00   0.7499999E+00   0.0000000E+00   0.4000000E-03   0.2942038E+00   0.1494014E+00
   0.1200000E+00   0.7509999E+00   0.0000000E+00   0.0000000E+00   0.2732035E+00   0.1368012E+00
   0.1200000E+00   0.7519999E+00   0.0000000E+00   0.2000000E-03   0.2818036E+00   0.1434013E+00
   0.1200000E+00   0.7529999E+00   0.0000000E+00   0.0000000E+00   0.2782035E+00   0.1382012E+00
   0.1200000E+00   0.7539999E+00   0.0000000E+00   0.2000000E-03   0.2834036E+00   0.1440013E+00
   0.1200000E+00   0.7549999E+00   0.0000000E+00   0.2000000E-03   0.2664033E+00   0.1326011E+00
   0.1200000E+00   0.7559999E+00   0.0000000E+00   0.4000000E-03   0.2576032E+00   0.1228009E+00
   0.1200000E+00   0.7569999E+00   0.0000000E+00   0.6000001E-03   0.2780035E+00   0.1374012E+00
   0.1200000E+00   0.7579999E+00   0.0000000E+00   0.2000000E-03   0.2638033E+00   0.1318011E+00
   0.1200000E+00   0.7589999E+00   0.0000000E+00   0.4000000E-03   0.2426030E+00   0.1242010E+00
   0.1200000E+00   0.7599999E+00   0.0000000E+00   0.4000000E-03   0.2504031E+00   0.1260010E+00
   0.1200000E+00   0.7609999E+00   0.0000000E+00   0.0000000E+00   0.2508031E+00   0.1254010E+00
   0.1200000E+00   0.7619999E+00   0.0000000E+00   0.2000000E-03   0.2404029E+00   0.1142008E+00
   0.1200000E+00   0.7630000E+00   0.0000000E+00   0.2000000E-03   0.2374029E+00   0.1240010E+00
   0.1200000E+00   0.7639999E+00   0.0000000E+00   0.6000001E-03   0.2316028E+00   0.1106007E+00
   0.1200000E+00   0.7649999E+00   0.0000000E+00   0.2000000E-03   0.2276027E+00   0.1084007E+00
   0.1200000E+00   0.7659999E+00   0.0000000E+00   0.0000000E+00   0.2332028E+00   0.1156008E+00
   0.1200000E+00   0.7669999E+00   0.0000000E+00   0.0000000E+00   0.2186026E+00   0.1042006E+00
   0.1200000E+00   0.7679999E+00   0.0000000E+00   0.0000000E+00   0.2198026E+00   0.1090007E+00
   0.1200000E+00   0.7689999E+00   0.0000000E+00   0.0000000E+00   0.2042023E+00   0.1002005E+00
   0.1200000E+00   0.7699999E+00   0.0000000E+00   0.2000000E-03   0.2068024E+00   0.1004006E+00
   0.1200000E+00   0.7709999E+00   0.0000000E+00   0.0000000E+00   0.2136025E+00   0.1046006E+00
   0.1200000E+00   0.7719999E+00   0.0000000E+00   0.2000000E-03   0.2104024E+00   0.1028006E+00
   0.1200000E+00   0.7729999E+00   0.0000000E+00   0.0000000E+00   0.2006022E+00   0.9780051E-01
   0.1200000E+00   0.7739999E+00   0.0000000E+00   0.0000000E+00   0.2030023E+00   0.1024006E+00
   0.1200000E+00   0.7749999E+00   0.0000000E+00   0.0000000E+00   0.1990022E+00   0.9700049E-01
   0.1200000E+00   0.7759999E+00   0.0000000E+00   0.2000000E-03   0.1842020E+00   0.8600031E-01
   0.1200000E+00   0.7770000E+00   0.0000000E+00   0.0000000E+00   0.1914021E+00   0.9440045E-01
   0.1200000E+00   0.7779999E+00   0.0000000E+00   0.0000000E+00   0.1768018E+00   0.8760034E-01
   0.1200000E+00   0.7789999E+00   0.0000000E+00   0.2000000E-03   0.1776019E+00   0.8180024E-01
   0.1200000E+00   0.7799999E+00   0.0000000E+00   0.0000000E+00   0.1718018E+00   0.8320026E-01
   0.1200000E+00   0.7809999E+00   0.0000000E+00   0.2000000E-03   0.1700017E+00   0.8120023E-01
   0.1200000E+00   0.7819999E+00   0.0000000E+00   0.0000000E+00   0.1718018E+00   0.8780034E-01
   0.1200000E+00   0.7829999E+00   0.0000000E+00   0.2000000E-03   0.1694017E+00   0.8080022E-01
   0.1200000E+00   0.7839999E+00   0.0000000E+00   0.0000000E+00   0.1576015E+00   0.7960020E-01
   0.1200000E+00   0.7849999E+00   0.0000000E+00   0.0000000E+00   0.1608016E+00   0.7820018E-01
   0.1200000E+00   0.7859999E+00   0.0000000E+00   0.2000000E-03   0.1440013E+00   0.7100005E-01
   0.1200000E+00   0.7869999E+00   0.0000000E+00   0.0000000E+00   0.1612016E+00   0.7640015E-01
   0.1200000E+00   0.7879999E+00   0.0000000E+00   0.2000000E-03   0.1486014E+00   0.7560013E-01
   0.1200000E+00   0.7889999E+00   0.0000000E+00   0.0000000E+00   0.1546015E+00   0.7640015E-01
   0.1200000E+00   0.7899999E+00   0.0000000E+00   0.0000000E+00   0.1500014E+00   0.7400011E-01
   0.1200000E+00   0.7909999E+00   0.0000000E+00   0.0000000E+00   0.1490014E+00   0.7240008E-01
   0.1200000E+00   0.7919999E+00   0.0000000E+00   0.0000000E+00   0.1404012E+00   0.6820001E-01
   0.1200000E+00   0.7929999E+00   0.0000000E+00   0.0000000E+00   0.1420013E+00   0.7240008E-01
   0.1200000E+00   0.7939999E+00   0.0000000E+00   0.0000000E+00   0.1318011E+00   0.6419994E-01
   0.1200000E+00   0.7949999E+00   0.0000000E+00   0.0000000E+00   0.1324011E+00   0.6339993E-01
   0.1200000E+00   0.7959999E+00   0.0000000E+00   0.0000000E+00   0.1426013E+00   0.7020004E-01
   0.1200000E+00   0.7969999E+00   0.0000000E+00   0.0000000E+00   0.1346011E+00   0.6639998E-01
   0.1200000E+00   0.7979999E+00   0.0000000E+00   0.2000000E-03   0.1258010E+00   0.5859992E-01
   0.1200000E+00   0.7989999E+00   0.0000000E+00   0.0000000E+00   0.1290010E+00   0.7320009E-01
   0.1200000E+00   0.7999999E+00   0.0000000E+00   0.0000000E+00   0.1154008E+00   0.5679992E-01
   0.1200000E+00   0.8009999E+00   0.0000000E+00   0.0000000E+00   0.1262010E+00   0.6159991E-01
   0.1200000E+00   0.8019999E+00   0.0000000E+00   0.0000000E+00   0.1190009E+00   0.5839992E-01
   0.1200000E+00   0.8029999E+00   0.0000000E+00   0.2000000E-03   0.1214009E+00   0.6079992E-01
   0.1200000E+00   0.8039999E+00   0.0000000E+00   0.0000000E+00   0.1042006E+00   0.5219993E-01
   0.1200000E+00   0.8049999E+00   0.0000000E+00   0.0000000E+00   0.9900053E-01   0.4979993E-01
   0.1200000E+00   0.8059999E+00   0.0000000E+00   0.2000000E-03   0.1142008E+00   0.5739992E-01
   0.1200000E+00   0.8069999E+00   0.0000000E+00   0.0000000E+00   0.1026006E+00   0.5379993E-01
   0.1200000E+00   0.8079999E+00   0.0000000E+00   0.0000000E+00   0.1092007E+00   0.5479993E-01
   0.1200000E+00   0.8089999E+00   0.0000000E+00   0.0000000E+00   0.1042006E+00   0.5039993E-01
   0.1200000E+00   0.8099999E+00   0.0000000E+00   0.0000000E+00   0.9900053E-01   0.5359993E-01
   0.1200000E+00   0.8109999E+00   0.0000000E+00   0.0000000E+00   0.9940054E-01   0.4779994E-01
   0.1200000E+00   0.8119999E+00   0.0000000E+00   0.0000000E+00   0.9740050E-01   0.4739994E-01
   0.1200000E+00   0.8129999E+00   0.0000000E+00   0.0000000E+00   0.9880053E-01   0.5019993E-01
   0.1200000E+00   0.8139999E+00   0.0000000E+00   0.0000000E+00   0.9040038E-01   0.4619994E-01
   0.1200000E+00   0.8149999E+00   0.0000000E+00   0.0000000E+00   0.9240042E-01   0.4639994E-01
   0.1200000E+00   0.8159999E+00   0.0000000E+00   0.0000000E+00   0.8780034E-01   0.3999995E-01
   0.1200000E+00   0.8169999E+00   0.0000000E+00   0.0000000E+00   0.8560030E-01   0.4199995E-01
   0.1200000E+00   0.8179999E+00   0.0000000E+00   0.0000000E+00   0.7660015E-01   0.3919995E-01
   0.1200000E+00   0.8189999E+00   0.0000000E+00   0.0000000E+00   0.8200024E-01   0.4299995E-01
   0.1200000E+00   0.8199999E+00   0.0000000E+00   0.0000000E+00   0.8100022E-01   0.3639996E-01
   0.1200000E+00   0.8209999E+00   0.0000000E+00   0.0000000E+00   0.7840018E-01   0.3839995E-01
   0.1200000E+00   0.8219999E+00   0.0000000E+00   0.0000000E+00   0.7240008E-01   0.3899995E-01
   0.1200000E+00   0.8229999E+00   0.0000000E+00   0.0000000E+00   0.7400011E-01   0.3679996E-01
   0.1200000E+00   0.8239999E+00   0.0000000E+00   0.0000000E+00   0.7300009E-01   0.3759995E-01
   0.1200000E+00   0.8249999E+00   0.0000000E+00   0.0000000E+00   0.7520013E-01   0.4039995E-01
   0.1200000E+00   0.8259999E+00   0.0000000E+00   0.0000000E+00   0.6579997E-01   0.3619996E-01
   0.1200000E+00   0.8269999E+00   0.0000000E+00   0.0000000E+00   0.6940003E-01   0.3559996E-01
   0.1200000E+00   0.8279999E+00   0.0000000E+00   0.0000000E+00   0.6639998E-01   0.3099997E-01
   0.1200000E+00   0.8289999E+00   0.0000000E+00   0.0000000E+00   0.6379993E-01   0.3379996E-01
   0.1200000E+00   0.8299999E+00   0.0000000E+00   0.0000000E+00   0.6059992E-01   0.3139997E-01
   0.1200000E+00   0.8309999E+00   0.0000000E+00   0.0000000E+00   0.6399994E-01   0.3179996E-01
   0.1200000E+00   0.8319999E+00   0.0000000E+00   0.0000000E+00   0.5519992E-01   0.2979997E-01
   0.1200000E+00   0.8329999E+00   0.0000000E+00   0.0000000E+00   0.5959992E-01   0.2939997E-01
   0.1200000E+00   0.8339999E+00   0.0000000E+00   0.0000000E+00   0.5719992E-01   0.3159996E-01
   0.1200000E+00   0.8349999E+00   0.0000000E+00   0.0000000E+00   0.5439993E-01   0.2819997E-01
   0.1200000E+00   0.8359999E+00   0.0000000E+00   0.0000000E+00   0.5559992E-01   0.2799997E-01
   0.1200000E+00   0.8369999E+00   0.0000000E+00   0.0000000E+00   0.5019993E-01   0.2359998E-01
   0.1200000E+00   0.8379999E+00   0.0000000E+00   0.0000000E+00   0.5199993E-01   0.2719997E-01
   0.1200000E+00   0.8389999E+00   0.0000000E+00   0.0000000E+00   0.5039993E-01   0.2579997E-01
   0.1200000E+00   0.8399999E+00   0.0000000E+00   0.0000000E+00   0.4859994E-01   0.2519998E-01
   0.1200000E+00   0.8409999E+00   0.0000000E+00   0.0000000E+00   0.4599994E-01   0.2519998E-01
   0.1200000E+00   0.8419999E+00   0.0000000E+00   0.0000000E+00   0.3939995E-01   0.2059998E-01
   0.1200000E+00   0.8429999E+00   0.0000000E+00   0.0000000E+00   0.3819995E-01   0.1899999E-01
   0.1200000E+00   0.8439999E+00   0.0000000E+00   0.0000000E+00   0.4599994E-01   0.2259998E-01
   0.1200000E+00   0.8449999E+00   0.0000000E+00   0.0000000E+00   0.4839994E-01   0.2439998E-01
   0.1200000E+00   0.8459999E+00   0.0000000E+00   0.0000000E+00   0.4099995E-01   0.1939999E-01
   0.1200000E+00   0.8469999E+00   0.0000000E+00   0.0000000E+00   0.3759995E-01   0.1899999E-01
   0.1200000E+00   0.8479999E+00   0.0000000E+00   0.0000000E+00   0.3259996E-01   0.1639999E-01
   0.1200000E+00   0.8489999E+00   0.0000000E+00   0.0000000E+00   0.4079995E-01   0.2159998E-01
   0.1200000E+00   0.8499999E+00   0.0000000E+00   0.0000000E+00   0.3819995E-01   0.2059998E-01
   0.1200000E+00   0.8509999E+00   0.0000000E+00   0.0000000E+00   0.3319996E-01   0.1519999E-01
   0.1200000E+00   0.8519999E+00   0.0000000E+00   0.0000000E+00   0.4419994E-01   0.2379998E-01
   0.1200000E+00   0.8529999E+00   0.0000000E+00   0.0000000E+00   0.3339996E-01   0.1599999E-01
   0.1200000E+00   0.8539999E+00   0.0000000E+00   0.0000000E+00   0.3299996E-01   0.1639999E-01
   0.1200000E+00   0.8549999E+00   0.0000000E+00   0.0000000E+00   0.3339996E-01   0.1739999E-01
   0.1200000E+00   0.8559999E+00   0.0000000E+00   0.0000000E+00   0.2899997E-01   0.1599999E-01
   0.1200000E+00   0.8569999E+00   0.0000000E+00   0.0000000E+00   0.2659997E-01   0.1280000E-01
   0.1200000E+00   0.8579999E+00   0.0000000E+00   0.0000000E+00   0.2459998E-01   0.1300000E-01
   0.1200000E+00   0.8589999E+00   0.0000000E+00   0.0000000E+00   0.2659997E-01   0.1479999E-01
   0.1200000E+00   0.8599999E+00   0.0000000E+00   0.0000000E+00   0.2479998E-01   0.1220000E-01
   0.1200000E+00   0.8609999E+00   0.0000000E+00   0.0000000E+00   0.2419998E-01   0.1260000E-01
   0.1200000E+00   0.8619999E+00   0.0000000E+00   0.0000000E+00   0.2759997E-01   0.1280000E-01
   0.1200000E+00   0.8629999E+00   0.0000000E+00   0.0000000E+00   0.2139998E-01   0.1020000E-01
   0.1200000E+00   0.8639999E+00   0.0000000E+00   0.0000000E+00   0.2199998E-01   0.8800003E-02
   0.1200000E+00   0.8649999E+00   0.0000000E+00   0.0000000E+00   0.2279998E-01   0.1260000E-01
   0.1200000E+00   0.8659999E+00   0.0000000E+00   0.0000000E+00   0.2199998E-01   0.1040000E-01
   0.1200000E+00   0.8669999E+00   0.0000000E+00   0.0000000E+00   0.1939999E-01   0.1120000E-01
   0.1200000E+00   0.8679999E+00   0.0000000E+00   0.0000000E+00   0.2039998E-01   0.9000002E-02
   0.1200000E+00   0.8689999E+00   0.0000000E+00   0.0000000E+00   0.2179998E-01   0.1040000E-01
   0.1200000E+00   0.8699999E+00   0.0000000E+00   0.0000000E+00   0.1779999E-01   0.7800004E-02
   0.1200000E+00   0.8709999E+00   0.0000000E+00   0.0000000E+00   0.2019998E-01   0.7600004E-02
   0.1200000E+00   0.8719999E+00   0.0000000E+00   0.0000000E+00   0.1719999E-01   0.8200004E-02
   0.1200000E+00   0.8729999E+00   0.0000000E+00   0.0000000E+00   0.1699999E-01   0.8200004E-02
   0.1200000E+00   0.8739999E+00   0.0000000E+00   0.0000000E+00   0.1739999E-01   0.9200002E-02
   0.1200000E+00   0.8749999E+00   0.0000000E+00   0.0000000E+00   0.1459999E-01   0.7400004E-02
   0.1200000E+00   0.8759999E+00   0.0000000E+00   0.0000000E+00   0.1320000E-01   0.6000003E-02
   0.1200000E+00   0.8769999E+00   0.0000000E+00   0.0000000E+00   0.1659999E-01   0.8000004E-02
   0.1200000E+00   0.8779999E+00   0.0000000E+00   0.0000000E+00   0.1000000E-01   0.4800002E-02
   0.1200000E+00   0.8789999E+00   0.0000000E+00   0.0000000E+00   0.1479999E-01   0.7000003E-02
   0.1200000E+00   0.8799999E+00   0.0000000E+00   0.0000000E+00   0.1339999E-01   0.7200004E-02
   0.1200000E+00   0.8809999E+00   0.0000000E+00   0.0000000E+00   0.1280000E-01   0.5000002E-02
   0.1200000E+00   0.8819999E+00   0.0000000E+00   0.0000000E+00   0.8600003E-02   0.4600002E-02
   0.1200000E+00   0.8829999E+00   0.0000000E+00   0.0000000E+00   0.9200002E-02   0.4600002E-02
   0.1200000E+00   0.8839999E+00   0.0000000E+00   0.0000000E+00   0.8400003E-02   0.4200002E-02
   0.1200000E+00   0.8849999E+00   0.0000000E+00   0.0000000E+00   0.1080000E-01   0.5400002E-02
   0.1200000E+00   0.8859999E+00   0.0000000E+00   0.0000000E+00   0.1060000E-01   0.5800003E-02
   0.1200000E+00   0.8869999E+00   0.0000000E+00   0.0000000E+00   0.1120000E-01   0.4600002E-02
   0.1200000E+00   0.8879999E+00   0.0000000E+00   0.0000000E+00   0.8200004E-02   0.4400002E-02
   0.1200000E+00   0.8889999E+00   0.0000000E+00   0.0000000E+00   0.9400002E-02   0.4400002E-02
   0.1200000E+00   0.8899999E+00   0.0000000E+00   0.0000000E+00   0.1040000E-01   0.4000002E-02
   0.1200000E+00   0.8909999E+00   0.0000000E+00   0.0000000E+00   0.8600003E-02   0.4000002E-02
   0.1200000E+00   0.8919999E+00   0.0000000E+00   0.0000000E+00   0.8400003E-02   0.4200002E-02
   0.1200000E+00   0.8929999E+00   0.0000000E+00   0.0000000E+00   0.7400004E-02   0.3200001E-02
   0.1200000E+00   0.8939999E+00   0.0000000E+00   0.0000000E+00   0.8600003E-02   0.3600001E-02
   0.1200000E+00   0.8949999E+00   0.0000000E+00   0.0000000E+00   0.6600003E-02   0.3000001E-02
   0.1200000E+00   0.8959999E+00   0.0000000E+00   0.0000000E+00   0.5800003E-02   0.2400001E-02
   0.1200000E+00   0.8969999E+00   0.0000000E+00   0.0000000E+00   0.6400003E-02   0.4200002E-02
   0.1200000E+00   0.8979999E+00   0.0000000E+00   0.0000000E+00   0.8000004E-02   0.3400001E-02
   0.1200000E+00   0.8989999E+00   0.0000000E+00   0.0000000E+00   0.5800003E-02   0.3800001E-02
   0.1200000E+00   0.8999999E+00   0.0000000E+00   0.0000000E+00   0.5800003E-02   0.3200001E-02
   0.1200000E+00   0.9009999E+00   0.0000000E+00   0.0000000E+00   0.5400002E-02   0.3000001E-02
   0.1200000E+00   0.9019999E+00   0.0000000E+00   0.0000000E+00   0.5400002E-02   0.2400001E-02
   0.1200000E+00   0.9029999E+00   0.0000000E+00   0.0000000E+00   0.2800001E-02   0.1600000E-02
   0.1200000E+00   0.9039999E+00   0.0000000E+00   0.0000000E+00   0.4800002E-02   0.2400001E-02
   0.1200000E+00   0.9049999E+00   0.0000000E+00   0.0000000E+00   0.3400001E-02   0.1200000E-02
   0.1200000E+00   0.9059999E+00   0.0000000E+00   0.0000000E+00   0.3200001E-02   0.1600000E-02
   0.1200000E+00   0.9069999E+00   0.0000000E+00   0.0000000E+00   0.2000000E-02   0.1000000E-02
   0.1200000E+00   0.9079999E+00   0.0000000E+00   0.0000000E+00   0.3200001E-02   0.2200000E-02
   0.1200000E+00   0.9089999E+00   0.0000000E+00   0.0000000E+00   0.3800001E-02   0.2200000E-02
   0.1200000E+00   0.9099999E+00   0.0000000E+00   0.0000000E+00   0.3000001E-02   0.1200000E-02
   0.1200000E+00   0.9109999E+00   0.0000000E+00   0.0000000E+00   0.4200002E-02   0.2400001E-02
   0.1200000E+00   0.9119999E+00   0.0000000E+00   0.0000000E+00   0.3600001E-02   0.1400000E-02
   0.1200000E+00   0.9129999E+00   0.0000000E+00   0.0000000E+00   0.2800001E-02   0.1200000E-02
   0.1200000E+00   0.9139999E+00   0.0000000E+00   0.0000000E+00   0.2000000E-02   0.6000001E-03
   0.1200000E+00   0.9149999E+00   0.0000000E+00   0.0000000E+00   0.3400001E-02   0.1800000E-02
   0.1200000E+00   0.9159999E+00   0.0000000E+00   0.0000000E+00   0.1400000E-02   0.6000001E-03
   0.1200000E+00   0.9169999E+00   0.0000000E+00   0.0000000E+00   0.3800001E-02   0.1000000E-02
   0.1200000E+00   0.9179999E+00   0.0000000E+00   0.0000000E+00   0.2000000E-02   0.1000000E-02
   0.1200000E+00   0.9189999E+00   0.0000000E+00   0.0000000E+00   0.2200000E-02   0.1200000E-02
   0.1200000E+00   0.9199999E+00   0.0000000E+00   0.0000000E+00   0.1800000E-02   0.4000000E-03
   0.1200000E+00   0.9209999E+00   0.0000000E+00   0.0000000E+00   0.1200000E-02   0.1000000E-02
   0.1200000E+00   0.9219999E+00   0.0000000E+00   0.0000000E+00   0.1400000E-02   0.1000000E-02
   0.1200000E+00   0.9229999E+00   0.0000000E+00   0.0000000E+00   0.1600000E-02   0.6000001E-03
   0.1200000E+00   0.9239999E+00   0.0000000E+00   0.0000000E+00   0.2200000E-02   0.8000001E-03
   0.1200000E+00   0.9249999E+00   0.0000000E+00   0.0000000E+00   0.1400000E-02   0.8000001E-03
   0.1200000E+00   0.9259999E+00   0.0000000E+00   0.0000000E+00   0.1600000E-02   0.1000000E-02
   0.1200000E+00   0.9269999E+00   0.0000000E+00   0.0000000E+00   0.1800000E-02   0.8000001E-03
   0.1200000E+00   0.9279999E+00   0.0000000E+00   0.0000000E+00   0.4000000E-03   0.4000000E-03
   0.1200000E+00   0.9289999E+00   0.0000000E+00   0.0000000E+00   0.6000001E-03   0.6000001E-03
   0.1200000E+00   0.9299999E+00   0.0000000E+00   0.0000000E+00   0.1200000E-02   0.6000001E-03
   0.1200000E+00   0.9309999E+00   0.0000000E+00   0.0000000E+00   0.0000000E+00   0.0000000E+00
   0.1200000E+00   0.9319999E+00   0.0000000E+00   0.0000000E+00   0.8000001E-03   0.4000000E-03
   0.1200000E+00   0.9329999E+00   0.0000000E+00   0.0000000E+00   0.6000001E-03   0.4000000E-03
   0.1200000E+00   0.9339999E+00   0.0000000E+00   0.0000000E+00   0.2000000E-03   0.2000000E-03
   0.1200000E+00   0.9349999E+00   0.0000000E+00   0.0000000E+00   0.0000000E+00   0.0000000E+00
   0.1200000E+00   0.9359999E+00   0.0000000E+00   0.0000000E+00   0.1000000E-02   0.8000001E-03
   0.1200000E+00   0.9369999E+00   0.0000000E+00   0.0000000E+00   0.0000000E+00   0.0000000E+00
   0.1200000E+00   0.9379999E+00   0.0000000E+00   0.0000000E+00   0.6000001E-03   0.4000000E-03
   0.1200000E+00   0.9389999E+00   0.0000000E+00   0.0000000E+00   0.8000001E-03   0.4000000E-03
   0.1200000E+00   0.9399999E+00   0.0000000E+00   0.0000000E+00   0.6000001E-03   0.4000000E-03
   0.1200000E+00   0.9409999E+00   0.0000000E+00   0.0000000E+00   0.0000000E+00   0.0000000E+00
   0.1200000E+00   0.9419999E+00   0.0000000E+00   0.0000000E+00   0.8000001E-03   0.6000001E-03
   0.1200000E+00   0.9429999E+00   0.0000000E+00   0.0000000E+00   0.4000000E-03   0.2000000E-03
   0.1200000E+00   0.9439999E+00   0.0000000E+00   0.0000000E+00   0.0000000E+00   0.0000000E+00
   0.1200000E+00   0.9449999E+00   0.0000000E+00   0.0000000E+00   0.4000000E-03   0.0000000E+00
   0.1200000E+00   0.9459999E+00   0.0000000E+00   0.0000000E+00   0.2000000E-03   0.0000000E+00
   0.1200000E+00   0.9469999E+00   0.0000000E+00   0.0000000E+00   0.4000000E-03   0.2000000E-03
   0.1200000E+00   0.9479999E+00   0.0000000E+00   0.0000000E+00   0.2000000E-03   0.0000000E+00
   0.1200000E+00   0.9489999E+00   0.0000000E+00   0.0000000E+00   0.0000000E+00   0.0000000E+00
   0.1200000E+00   0.9499999E+00   0.0000000E+00   0.0000000E+00   0.0000000E+00   0.0000000E+00
   0.1200000E+00   0.9509999E+00   0.0000000E+00   0.0000000E+00   0.0000000E+00   0.0000000E+00
   0.1200000E+00   0.9519999E+00   0.0000000E+00   0.0000000E+00   0.0000000E+00   0.0000000E+00
   0.1200000E+00   0.9529999E+00   0.0000000E+00   0.0000000E+00   0.2000000E-03   0.0000000E+00
   0.1200000E+00   0.9539999E+00   0.0000000E+00   0.0000000E+00   0.0000000E+00   0.0000000E+00
   0.1200000E+00   0.9549999E+00   0.0000000E+00   0.0000000E+00   0.0000000E+00   0.0000000E+00
   0.1200000E+00   0.9559999E+00   0.0000000E+00   0.0000000E+00   0.0000000E+00   0.0000000E+00
   0.1200000E+00   0.9569999E+00   0.0000000E+00   0.0000000E+00   0.0000000E+00   0.0000000E+00
   0.1200000E+00   0.9579999E+00   0.0000000E+00   0.0000000E+00   0.0000000E+00   0.0000000E+00
   0.1200000E+00   0.9589999E+00   0.0000000E+00   0.0000000E+00   0.0000000E+00   0.0000000E+00
   0.1200000E+00   0.9599999E+00   0.0000000E+00   0.0000000E+00   0.2000000E-03   0.0000000E+00
   0.1200000E+00   0.9609999E+00   0.0000000E+00   0.0000000E+00   0.0000000E+00   0.0000000E+00
   0.1200000E+00   0.9619999E+00   0.0000000E+00   0.0000000E+00   0.0000000E+00   0.0000000E+00
   0.1200000E+00   0.9629999E+00   0.0000000E+00   0.0000000E+00   0.2000000E-03   0.2000000E-03
   0.1200000E+00   0.9639999E+00   0.0000000E+00   0.0000000E+00   0.0000000E+00   0.0000000E+00
   0.1200000E+00   0.9649999E+00   0.0000000E+00   0.0000000E+00   0.0000000E+00   0.0000000E+00
   0.1200000E+00   0.9659999E+00   0.0000000E+00   0.0000000E+00   0.0000000E+00   0.0000000E+00
   0.1200000E+00   0.9669999E+00   0.0000000E+00   0.0000000E+00   0.0000000E+00   0.0000000E+00
   0.1200000E+00   0.9679999E+00   0.0000000E+00   0.0000000E+00   0.0000000E+00   0.0000000E+00
   0.1200000E+00   0.9689999E+00   0.0000000E+00   0.0000000E+00   0.0000000E+00   0.0000000E+00
   0.1200000E+00   0.9699999E+00   0.0000000E+00   0.0000000E+00   0.0000000E+00   0.0000000E+00
   0.1200000E+00   0.9709999E+00   0.0000000E+00   0.0000000E+00   0.0000000E+00   0.0000000E+00
   0.1200000E+00   0.9719999E+00   0.0000000E+00   0.0000000E+00   0.0000000E+00   0.0000000E+00
   0.1200000E+00   0.9729999E+00   0.0000000E+00   0.0000000E+00   0.0000000E+00   0.0000000E+00
   0.1200000E+00   0.9739999E+00   0.0000000E+00   0.0000000E+00   0.0000000E+00   0.0000000E+00
   0.1200000E+00   0.9749999E+00   0.0000000E+00   0.0000000E+00   0.2000000E-03   0.0000000E+00
   0.1200000E+00   0.9759999E+00   0.0000000E+00   0.0000000E+00   0.0000000E+00   0.0000000E+00
   0.1200000E+00   0.9769999E+00   0.0000000E+00   0.0000000E+00   0.0000000E+00   0.0000000E+00
   0.1200000E+00   0.9779999E+00   0.0000000E+00   0.0000000E+00   0.0000000E+00   0.0000000E+00
   0.1200000E+00   0.9789999E+00   0.0000000E+00   0.0000000E+00   0.0000000E+00   0.0000000E+00
   0.1200000E+00   0.9799999E+00   0.0000000E+00   0.0000000E+00   0.0000000E+00   0.0000000E+00
   0.1200000E+00   0.9809999E+00   0.0000000E+00   0.0000000E+00   0.0000000E+00   0.0000000E+00
   0.1200000E+00   0.9819999E+00   0.0000000E+00   0.0000000E+00   0.0000000E+00   0.0000000E+00
   0.1200000E+00   0.9829999E+00   0.0000000E+00   0.0000000E+00   0.0000000E+00   0.0000000E+00
   0.1200000E+00   0.9839999E+00   0.0000000E+00   0.0000000E+00   0.0000000E+00   0.0000000E+00
   0.1200000E+00   0.9849999E+00   0.0000000E+00   0.0000000E+00   0.0000000E+00   0.0000000E+00
   0.1200000E+00   0.9859999E+00   0.0000000E+00   0.0000000E+00   0.0000000E+00   0.0000000E+00
   0.1200000E+00   0.9869999E+00   0.0000000E+00   0.0000000E+00   0.0000000E+00   0.0000000E+00
   0.1200000E+00   0.9879999E+00   0.0000000E+00   0.0000000E+00   0.0000000E+00   0.0000000E+00
   0.1200000E+00   0.9889999E+00   0.0000000E+00   0.0000000E+00   0.0000000E+00   0.0000000E+00
   0.1200000E+00   0.9899999E+00   0.0000000E+00   0.0000000E+00   0.0000000E+00   0.0000000E+00
   0.1200000E+00   0.9909999E+00   0.0000000E+00   0.0000000E+00   0.0000000E+00   0.0000000E+00
   0.1200000E+00   0.9919999E+00   0.0000000E+00   0.0000000E+00   0.0000000E+00   0.0000000E+00
   0.1200000E+00   0.9929999E+00   0.0000000E+00   0.0000000E+00   0.0000000E+00   0.0000000E+00
   0.1200000E+00   0.9939999E+00   0.0000000E+00   0.0000000E+00   0.0000000E+00   0.0000000E+00
   0.1200000E+00   0.9949999E+00   0.0000000E+00   0.0000000E+00   0.0000000E+00   0.0000000E+00
   0.1200000E+00   0.9959999E+00   0.0000000E+00   0.0000000E+00   0.0000000E+00   0.0000000E+00
   0.1200000E+00   0.9969999E+00   0.0000000E+00   0.0000000E+00   0.0000000E+00   0.0000000E+00
   0.1200000E+00   0.9979999E+00   0.0000000E+00   0.0000000E+00   0.0000000E+00   0.0000000E+00
   0.1200000E+00   0.9989999E+00   0.0000000E+00   0.0000000E+00   0.0000000E+00   0.0000000E+00
   0.1200000E+00   0.9999999E+00   0.0000000E+00   0.0000000E+00   0.0000000E+00   0.0000000E+00

