   0.1000000E+00   -0.5820766E-10   0.5485680E+02   0.1823110E+03   0.3695588E+01   0.6124373E+02
   0.1000000E+00   0.9999999E-03   0.5012998E+01   0.2975669E+01   0.4224060E+00   0.2232746E+01
   0.1000000E+00   0.2000000E-02   0.6687678E+01   0.3975835E+01   0.5550000E+00   0.2962067E+01
   0.1000000E+00   0.3000000E-02   0.7855878E+01   0.4615806E+01   0.6493875E+00   0.3465350E+01
   0.1000000E+00   0.4000000E-02   0.8652414E+01   0.5131476E+01   0.7327765E+00   0.3798805E+01
   0.1000000E+00   0.4999999E-02   0.9428467E+01   0.5531665E+01   0.7955682E+00   0.4149086E+01
   0.1000000E+00   0.6000000E-02   0.1021513E+02   0.5820569E+01   0.8661589E+00   0.4451375E+01
   0.1000000E+00   0.6999999E-02   0.1099099E+02   0.6155225E+01   0.9693453E+00   0.4714105E+01
   0.1000000E+00   0.7999999E-02   0.1150568E+02   0.6479492E+01   0.1065752E+01   0.5017194E+01
   0.1000000E+00   0.9000000E-02   0.1202379E+02   0.6591377E+01   0.1101558E+01   0.5150657E+01
   0.1000000E+00   0.9999999E-02   0.1262700E+02   0.6771192E+01   0.1195174E+01   0.5481916E+01
   0.1000000E+00   0.1100000E-01   0.1303956E+02   0.7033722E+01   0.1270986E+01   0.5637756E+01
   0.1000000E+00   0.1200000E-01   0.1358570E+02   0.7225725E+01   0.1329396E+01   0.5812577E+01
   0.1000000E+00   0.1300000E-01   0.1417030E+02   0.7371376E+01   0.1370603E+01   0.6072710E+01
   0.1000000E+00   0.1400000E-01   0.1461570E+02   0.7572569E+01   0.1441014E+01   0.6306070E+01
   0.1000000E+00   0.1500000E-01   0.1493373E+02   0.7697441E+01   0.1503225E+01   0.6432540E+01
   0.1000000E+00   0.1600000E-01   0.1526759E+02   0.7780355E+01   0.1598040E+01   0.6631935E+01
   0.1000000E+00   0.1700000E-01   0.1537473E+02   0.7995734E+01   0.1635647E+01   0.6670496E+01
   0.1000000E+00   0.1800000E-01   0.1574223E+02   0.8006338E+01   0.1691256E+01   0.6817544E+01
   0.1000000E+00   0.1900000E-01   0.1580952E+02   0.8119892E+01   0.1766268E+01   0.6821341E+01
   0.1000000E+00   0.2000000E-01   0.1601981E+02   0.8126301E+01   0.1820477E+01   0.6961596E+01
   0.1000000E+00   0.2100000E-01   0.1621287E+02   0.8248266E+01   0.1895490E+01   0.7066888E+01
   0.1000000E+00   0.2200000E-01   0.1630059E+02   0.8320164E+01   0.1964301E+01   0.7140613E+01
   0.1000000E+00   0.2300000E-01   0.1641314E+02   0.8396667E+01   0.2029712E+01   0.7211939E+01
   0.1000000E+00   0.2400000E-01   0.1647042E+02   0.8382048E+01   0.2076720E+01   0.7219731E+01
   0.1000000E+00   0.2500000E-01   0.1657195E+02   0.8443531E+01   0.2138130E+01   0.7301447E+01
   0.1000000E+00   0.2600000E-01   0.1645239E+02   0.8469767E+01   0.2209342E+01   0.7399746E+01
   0.1000000E+00   0.2700000E-01   0.1634264E+02   0.8476976E+01   0.2295356E+01   0.7312636E+01
   0.1000000E+00   0.2800000E-01   0.1633003E+02   0.8513226E+01   0.2339763E+01   0.7403543E+01
   0.1000000E+00   0.2900000E-01   0.1634204E+02   0.8426708E+01   0.2382771E+01   0.7343604E+01
   0.1000000E+00   0.3000000E-01   0.1633543E+02   0.8412689E+01   0.2410375E+01   0.7370776E+01
   0.1000000E+00   0.3100000E-01   0.1618443E+02   0.8349003E+01   0.2481387E+01   0.7364782E+01
   0.1000000E+00   0.3200000E-01   0.1581092E+02   0.8424706E+01   0.2573002E+01   0.7332016E+01
   0.1000000E+00   0.3300000E-01   0.1580491E+02   0.8401875E+01   0.2594606E+01   0.7333614E+01
   0.1000000E+00   0.3400000E-01   0.1553575E+02   0.8301138E+01   0.2642814E+01   0.7260290E+01
   0.1000000E+00   0.3500000E-01   0.1540377E+02   0.8375839E+01   0.2694022E+01   0.7304045E+01
   0.1000000E+00   0.3600000E-01   0.1524796E+02   0.8169960E+01   0.2732629E+01   0.7222129E+01
   0.1000000E+00   0.3700000E-01   0.1503427E+02   0.8179373E+01   0.2801240E+01   0.7188364E+01
   0.1000000E+00   0.3800000E-01   0.1463833E+02   0.8186583E+01   0.2840647E+01   0.7116238E+01
   0.1000000E+00   0.3900000E-01   0.1446710E+02   0.8177771E+01   0.2857249E+01   0.7031525E+01
   0.1000000E+00   0.4000000E-01   0.1428545E+02   0.8132509E+01   0.2922460E+01   0.7097257E+01
   0.1000000E+00   0.4100000E-01   0.1399566E+02   0.8021959E+01   0.2957666E+01   0.7003553E+01
   0.1000000E+00   0.4200000E-01   0.1367402E+02   0.8074831E+01   0.2997673E+01   0.6962196E+01
   0.1000000E+00   0.4300000E-01   0.1339925E+02   0.8009542E+01   0.3062083E+01   0.6863297E+01
   0.1000000E+00   0.4400000E-01   0.1308102E+02   0.7988542E+01   0.3136896E+01   0.6789174E+01
   0.1000000E+00   0.4500000E-01   0.1274356E+02   0.7789346E+01   0.3168101E+01   0.6688077E+01
   0.1000000E+00   0.4600000E-01   0.1242093E+02   0.7829305E+01   0.3200706E+01   0.6669297E+01
   0.1000000E+00   0.4700000E-01   0.1209468E+02   0.7753183E+01   0.3251915E+01   0.6549220E+01
   0.1000000E+00   0.4800000E-01   0.1183573E+02   0.7707430E+01   0.3273518E+01   0.6533436E+01
   0.1000000E+00   0.4899999E-01   0.1155836E+02   0.7652487E+01   0.3322927E+01   0.6459712E+01
   0.1000000E+00   0.5000000E-01   0.1125274E+02   0.7572169E+01   0.3358332E+01   0.6367607E+01
   0.1000000E+00   0.5100000E-01   0.1098738E+02   0.7517226E+01   0.3403540E+01   0.6340435E+01
   0.1000000E+00   0.5200000E-01   0.1052856E+02   0.7484459E+01   0.3398939E+01   0.6208170E+01
   0.1000000E+00   0.5300000E-01   0.1026460E+02   0.7425520E+01   0.3468351E+01   0.6093288E+01
   0.1000000E+00   0.5400000E-01   0.9921936E+01   0.7338210E+01   0.3573768E+01   0.6100281E+01
   0.1000000E+00   0.5500000E-01   0.9585880E+01   0.7249301E+01   0.3584370E+01   0.6035548E+01
   0.1000000E+00   0.5599999E-01   0.9288076E+01   0.7131422E+01   0.3563766E+01   0.5910476E+01
   0.1000000E+00   0.5700000E-01   0.8966240E+01   0.7151402E+01   0.3585570E+01   0.5830159E+01
   0.1000000E+00   0.5799999E-01   0.8749146E+01   0.7002554E+01   0.3598772E+01   0.5737454E+01
   0.1000000E+00   0.5900000E-01   0.8346199E+01   0.6909050E+01   0.3792204E+01   0.5719472E+01
   0.1000000E+00   0.5999999E-01   0.8083042E+01   0.6826535E+01   0.3717392E+01   0.5551645E+01
   0.1000000E+00   0.6100000E-01   0.7878854E+01   0.6777586E+01   0.3722393E+01   0.5535661E+01
   0.1000000E+00   0.6200000E-01   0.7491652E+01   0.6718846E+01   0.3818209E+01   0.5432367E+01
   0.1000000E+00   0.6299999E-01   0.7144608E+01   0.6589579E+01   0.3837412E+01   0.5363838E+01
   0.1000000E+00   0.6400000E-01   0.6954204E+01   0.6577391E+01   0.3850414E+01   0.5318684E+01
   0.1000000E+00   0.6500000E-01   0.6751812E+01   0.6536233E+01   0.3861616E+01   0.5242163E+01
   0.1000000E+00   0.6599999E-01   0.6450122E+01   0.6361813E+01   0.3964633E+01   0.5219786E+01
   0.1000000E+00   0.6699999E-01   0.6191787E+01   0.6283093E+01   0.3939029E+01   0.5100708E+01
   0.1000000E+00   0.6800000E-01   0.5871716E+01   0.6232945E+01   0.3984036E+01   0.5034176E+01
   0.1000000E+00   0.6900000E-01   0.5714078E+01   0.6204774E+01   0.3984636E+01   0.4992020E+01
   0.1000000E+00   0.6999999E-01   0.5441957E+01   0.6045937E+01   0.4001837E+01   0.4882532E+01
   0.1000000E+00   0.7099999E-01   0.5135872E+01   0.6036747E+01   0.4036801E+01   0.4815801E+01
   0.1000000E+00   0.7200000E-01   0.4964848E+01   0.5934052E+01   0.4058179E+01   0.4795621E+01
   0.1000000E+00   0.7299999E-01   0.4680140E+01   0.5835953E+01   0.4134900E+01   0.4710709E+01
   0.1000000E+00   0.7399999E-01   0.4501124E+01   0.5709483E+01   0.4107328E+01   0.4623398E+01
   0.1000000E+00   0.7500000E-01   0.4342687E+01   0.5660133E+01   0.4094142E+01   0.4514910E+01
   0.1000000E+00   0.7600000E-01   0.4191042E+01   0.5579616E+01   0.4188245E+01   0.4527497E+01
   0.1000000E+00   0.7699999E-01   0.3862416E+01   0.5440359E+01   0.4208624E+01   0.4424802E+01
   0.1000000E+00   0.7799999E-01   0.3730994E+01   0.5439160E+01   0.4129306E+01   0.4340289E+01
   0.1000000E+00   0.7900000E-01   0.3549164E+01   0.5307096E+01   0.4268163E+01   0.4367861E+01
   0.1000000E+00   0.7999999E-01   0.3367534E+01   0.5244360E+01   0.4230602E+01   0.4274357E+01
   0.1000000E+00   0.8099999E-01   0.3172702E+01   0.5180426E+01   0.4281749E+01   0.4224208E+01
   0.1000000E+00   0.8199999E-01   0.3055082E+01   0.5026584E+01   0.4246785E+01   0.4134101E+01
   0.1000000E+00   0.8300000E-01   0.2960466E+01   0.4975437E+01   0.4278952E+01   0.4146089E+01
   0.1000000E+00   0.8399999E-01   0.2768835E+01   0.4960652E+01   0.4289341E+01   0.4085950E+01
   0.1000000E+00   0.8499999E-01   0.2663617E+01   0.4892522E+01   0.4340289E+01   0.4070566E+01
   0.1000000E+00   0.8600000E-01   0.2519593E+01   0.4777240E+01   0.4328901E+01   0.3970634E+01
   0.1000000E+00   0.8700000E-01   0.2362567E+01   0.4694525E+01   0.4351278E+01   0.3976035E+01
   0.1000000E+00   0.8799999E-01   0.2242147E+01   0.4605217E+01   0.4385243E+01   0.3912424E+01
   0.1000000E+00   0.8899999E-01   0.2142931E+01   0.4535688E+01   0.4455770E+01   0.3910224E+01
   0.1000000E+00   0.9000000E-01   0.1963501E+01   0.4456170E+01   0.4405422E+01   0.3833211E+01
   0.1000000E+00   0.9099999E-01   0.1858684E+01   0.4414013E+01   0.4437989E+01   0.3798005E+01
   0.1000000E+00   0.9199999E-01   0.1801674E+01   0.4288742E+01   0.4435192E+01   0.3763000E+01
   0.1000000E+00   0.9299999E-01   0.1684455E+01   0.4193440E+01   0.4453972E+01   0.3719992E+01
   0.1000000E+00   0.9400000E-01   0.1552033E+01   0.4175658E+01   0.4452774E+01   0.3683186E+01
   0.1000000E+00   0.9499999E-01   0.1516627E+01   0.4111724E+01   0.4513311E+01   0.3634178E+01
   0.1000000E+00   0.9599999E-01   0.1414210E+01   0.4019619E+01   0.4553270E+01   0.3612575E+01
   0.1000000E+00   0.9700000E-01   0.1328396E+01   0.4007631E+01   0.4527097E+01   0.3600373E+01
   0.1000000E+00   0.9799999E-01   0.1279188E+01   0.3954231E+01   0.4547676E+01   0.3572968E+01
   0.1000000E+00   0.9899999E-01   0.1169769E+01   0.3885820E+01   0.4586836E+01   0.3519959E+01
   0.1000000E+00   0.9999999E-01   0.1083155E+01   0.3805407E+01   0.4549274E+01   0.3495355E+01
   0.1000000E+00   0.1010000E+00   0.1027546E+01   0.3666784E+01   0.4622200E+01   0.3523360E+01
   0.1000000E+00   0.1020000E+00   0.9709451E+00   0.3637579E+01   0.4614008E+01   0.3438546E+01
   0.1000000E+00   0.1030000E+00   0.9261510E+00   0.3581169E+01   0.4583040E+01   0.3448947E+01
   0.1000000E+00   0.1040000E+00   0.8779573E+00   0.3504157E+01   0.4558065E+01   0.3383937E+01
   0.1000000E+00   0.1050000E+00   0.7985678E+00   0.3404940E+01   0.4580442E+01   0.3336129E+01
   0.1000000E+00   0.1060000E+00   0.7527739E+00   0.3322526E+01   0.4607015E+01   0.3319326E+01
   0.1000000E+00   0.1070000E+00   0.7055801E+00   0.3294722E+01   0.4608014E+01   0.3306124E+01
   0.1000000E+00   0.1080000E+00   0.7027805E+00   0.3205707E+01   0.4581641E+01   0.3266917E+01
   0.1000000E+00   0.1090000E+00   0.6389889E+00   0.3156299E+01   0.4648772E+01   0.3241513E+01
   0.1000000E+00   0.1100000E+00   0.5899954E+00   0.3064484E+01   0.4597425E+01   0.3206907E+01
   0.1000000E+00   0.1110000E+00   0.5478010E+00   0.3048681E+01   0.4631190E+01   0.3181103E+01
   0.1000000E+00   0.1120000E+00   0.5198047E+00   0.2984270E+01   0.4629392E+01   0.3186304E+01
   0.1000000E+00   0.1130000E+00   0.4820070E+00   0.2909658E+01   0.4637784E+01   0.3130695E+01
   0.1000000E+00   0.1140000E+00   0.4216060E+00   0.2815042E+01   0.4715304E+01   0.3201706E+01
   0.1000000E+00   0.1150000E+00   0.4220060E+00   0.2798640E+01   0.4593429E+01   0.3131695E+01
   0.1000000E+00   0.1160000E+00   0.3934055E+00   0.2765434E+01   0.4644976E+01   0.3085287E+01
   0.1000000E+00   0.1170000E+00   0.3820053E+00   0.2660817E+01   0.4620801E+01   0.3080686E+01
   0.1000000E+00   0.1180000E+00   0.3346045E+00   0.2611609E+01   0.4680739E+01   0.3053082E+01
   0.1000000E+00   0.1190000E+00   0.3074040E+00   0.2607408E+01   0.4677143E+01   0.3067684E+01
   0.1000000E+00   0.1200000E+00   0.2978039E+00   0.2532995E+01   0.4681738E+01   0.3041480E+01
   0.1000000E+00   0.1210000E+00   0.2810036E+00   0.2450582E+01   0.4609013E+01   0.2952665E+01
   0.1000000E+00   0.1220000E+00   0.2548032E+00   0.2382971E+01   0.4634787E+01   0.2969268E+01
   0.1000000E+00   0.1230000E+00   0.2456030E+00   0.2342764E+01   0.4624597E+01   0.2965467E+01
   0.1000000E+00   0.1240000E+00   0.2320028E+00   0.2335163E+01   0.4670350E+01   0.2958866E+01
   0.1000000E+00   0.1250000E+00   0.2134025E+00   0.2268152E+01   0.4655565E+01   0.2907658E+01
   0.1000000E+00   0.1260000E+00   0.1862020E+00   0.2219143E+01   0.4690130E+01   0.2943464E+01
   0.1000000E+00   0.1270000E+00   0.1938021E+00   0.2166335E+01   0.4635386E+01   0.2942663E+01
   0.1000000E+00   0.1280000E+00   0.1794019E+00   0.2123127E+01   0.4608414E+01   0.2876252E+01
   0.1000000E+00   0.1290000E+00   0.1494014E+00   0.2057317E+01   0.4629192E+01   0.2843647E+01
   0.1000000E+00   0.1300000E+00   0.1498014E+00   0.2008508E+01   0.4566856E+01   0.2850048E+01
   0.1000000E+00   0.1310000E+00   0.1460013E+00   0.1976703E+01   0.4613209E+01   0.2843847E+01
   0.1000000E+00   0.1320000E+00   0.1154008E+00   0.1958300E+01   0.4604218E+01   0.2803640E+01
   0.1000000E+00   0.1330000E+00   0.1122008E+00   0.1880487E+01   0.4637784E+01   0.2793639E+01
   0.1000000E+00   0.1340000E+00   0.1038006E+00   0.1853483E+01   0.4602420E+01   0.2816643E+01
   0.1000000E+00   0.1350000E+00   0.1022006E+00   0.1813476E+01   0.4644776E+01   0.2786237E+01
   0.1000000E+00   0.1360000E+00   0.9660049E-01   0.1795673E+01   0.4559464E+01   0.2762834E+01
   0.1000000E+00   0.1370000E+00   0.8520029E-01   0.1707059E+01   0.4534689E+01   0.2739430E+01
   0.1000000E+00   0.1380000E+00   0.7580014E-01   0.1700257E+01   0.4555668E+01   0.2715026E+01
   0.1000000E+00   0.1390000E+00   0.7800017E-01   0.1656250E+01   0.4583240E+01   0.2753432E+01
   0.1000000E+00   0.1400000E+00   0.6699999E-01   0.1596440E+01   0.4534889E+01   0.2679820E+01
   0.1000000E+00   0.1410000E+00   0.5019993E-01   0.1560234E+01   0.4493332E+01   0.2615209E+01
   0.1000000E+00   0.1420000E+00   0.5139993E-01   0.1537430E+01   0.4484541E+01   0.2656816E+01
   0.1000000E+00   0.1430000E+00   0.5119993E-01   0.1475220E+01   0.4539684E+01   0.2663817E+01
   0.1000000E+00   0.1440000E+00   0.3859995E-01   0.1464018E+01   0.4497528E+01   0.2618810E+01
   0.1000000E+00   0.1450000E+00   0.4239995E-01   0.1430413E+01   0.4505320E+01   0.2612209E+01
   0.1000000E+00   0.1460000E+00   0.4239995E-01   0.1367202E+01   0.4475151E+01   0.2580203E+01
   0.1000000E+00   0.1470000E+00   0.3799995E-01   0.1357201E+01   0.4436191E+01   0.2572802E+01
   0.1000000E+00   0.1480000E+00   0.3059996E-01   0.1320794E+01   0.4441985E+01   0.2535596E+01
   0.1000000E+00   0.1490000E+00   0.3659996E-01   0.1273587E+01   0.4435391E+01   0.2530995E+01
   0.1000000E+00   0.1500000E+00   0.2839997E-01   0.1269586E+01   0.4385842E+01   0.2513792E+01
   0.1000000E+00   0.1510000E+00   0.2759997E-01   0.1204375E+01   0.4408819E+01   0.2491189E+01
   0.1000000E+00   0.1520000E+00   0.2379998E-01   0.1203375E+01   0.4336293E+01   0.2493589E+01
   0.1000000E+00   0.1530000E+00   0.2799997E-01   0.1166369E+01   0.4332697E+01   0.2489788E+01
   0.1000000E+00   0.1540000E+00   0.1619999E-01   0.1139164E+01   0.4370059E+01   0.2472986E+01
   0.1000000E+00   0.1550000E+00   0.1939998E-01   0.1104759E+01   0.4332297E+01   0.2436779E+01
   0.1000000E+00   0.1560000E+00   0.1299999E-01   0.1097557E+01   0.4308921E+01   0.2433379E+01
   0.1000000E+00   0.1570000E+00   0.1839999E-01   0.1042748E+01   0.4332497E+01   0.2432979E+01
   0.1000000E+00   0.1580000E+00   0.1319999E-01   0.1016744E+01   0.4271959E+01   0.2374569E+01
   0.1000000E+00   0.1590000E+00   0.1879998E-01   0.9993413E+00   0.4264966E+01   0.2380170E+01
   0.1000000E+00   0.1600000E+00   0.1020000E-01   0.9663457E+00   0.4238394E+01   0.2374169E+01
   0.1000000E+00   0.1610000E+00   0.1499999E-01   0.9323502E+00   0.4243588E+01   0.2348965E+01
   0.1000000E+00   0.1620000E+00   0.1180000E-01   0.8863562E+00   0.4230402E+01   0.2343764E+01
   0.1000000E+00   0.1630000E+00   0.8200003E-02   0.8871561E+00   0.4180653E+01   0.2323561E+01
   0.1000000E+00   0.1640000E+00   0.9800000E-02   0.8677587E+00   0.4169065E+01   0.2307358E+01
   0.1000000E+00   0.1650000E+00   0.7800004E-02   0.8407623E+00   0.4176657E+01   0.2297356E+01
   0.1000000E+00   0.1660000E+00   0.5000002E-02   0.8297637E+00   0.4143891E+01   0.2265151E+01
   0.1000000E+00   0.1670000E+00   0.3200001E-02   0.8099663E+00   0.4112923E+01   0.2282354E+01
   0.1000000E+00   0.1680000E+00   0.7200003E-02   0.7815701E+00   0.4151283E+01   0.2266551E+01
   0.1000000E+00   0.1690000E+00   0.4200001E-02   0.7553735E+00   0.4051386E+01   0.2233946E+01
   0.1000000E+00   0.1700000E+00   0.4200001E-02   0.7253775E+00   0.4065172E+01   0.2207741E+01
   0.1000000E+00   0.1710000E+00   0.3600001E-02   0.7117793E+00   0.4027610E+01   0.2180537E+01
   0.1000000E+00   0.1720000E+00   0.3400001E-02   0.7351762E+00   0.4030008E+01   0.2215343E+01
   0.1000000E+00   0.1730000E+00   0.2600000E-02   0.6771839E+00   0.4002636E+01   0.2159133E+01
   0.1000000E+00   0.1740000E+00   0.3800001E-02   0.6565866E+00   0.3946430E+01   0.2155333E+01
   0.1000000E+00   0.1750000E+00   0.2000000E-02   0.6417885E+00   0.3950431E+01   0.2117326E+01
   0.1000000E+00   0.1760000E+00   0.1400000E-02   0.6067932E+00   0.3936428E+01   0.2128328E+01
   0.1000000E+00   0.1770000E+00   0.2800000E-02   0.5959946E+00   0.3875018E+01   0.2083321E+01
   0.1000000E+00   0.1780000E+00   0.4600001E-02   0.6079930E+00   0.3851614E+01   0.2079720E+01
   0.1000000E+00   0.1790000E+00   0.2000000E-02   0.5853960E+00   0.3918425E+01   0.2113526E+01
   0.1000000E+00   0.1800000E+00   0.2000000E-02   0.5585995E+00   0.3862816E+01   0.2084521E+01
   0.1000000E+00   0.1810000E+00   0.2800000E-02   0.5336028E+00   0.3817809E+01   0.2046915E+01
   0.1000000E+00   0.1820000E+00   0.6000000E-03   0.5146053E+00   0.3802606E+01   0.2036913E+01
   0.1000000E+00   0.1830000E+00   0.4000000E-03   0.5006072E+00   0.3706390E+01   0.1952099E+01
   0.1000000E+00   0.1840000E+00   0.1600000E-02   0.4956072E+00   0.3760599E+01   0.1997907E+01
   0.1000000E+00   0.1850000E+00   0.1200000E-02   0.4788069E+00   0.3699189E+01   0.1953099E+01
   0.1000000E+00   0.1860000E+00   0.1400000E-02   0.4518065E+00   0.3676385E+01   0.1944898E+01
   0.1000000E+00   0.1870000E+00   0.2000000E-03   0.4442064E+00   0.3681386E+01   0.1954900E+01
   0.1000000E+00   0.1880000E+00   0.6000000E-03   0.4476064E+00   0.3699389E+01   0.1970502E+01
   0.1000000E+00   0.1890000E+00   0.6000000E-03   0.4320062E+00   0.3650781E+01   0.1926495E+01
   0.1000000E+00   0.1900000E+00   0.2000000E-03   0.4186059E+00   0.3602373E+01   0.1928695E+01
   0.1000000E+00   0.1910000E+00   0.1200000E-02   0.4146059E+00   0.3570568E+01   0.1869085E+01
   0.1000000E+00   0.1920000E+00   0.2000000E-03   0.3872054E+00   0.3534762E+01   0.1865885E+01
   0.1000000E+00   0.1930000E+00   0.1000000E-02   0.3742052E+00   0.3513358E+01   0.1849682E+01
   0.1000000E+00   0.1940000E+00   0.0000000E+00   0.3532048E+00   0.3467751E+01   0.1811076E+01
   0.1000000E+00   0.1950000E+00   0.4000000E-03   0.3496048E+00   0.3423343E+01   0.1802274E+01
   0.1000000E+00   0.1960000E+00   0.2000000E-03   0.3570049E+00   0.3434945E+01   0.1821678E+01
   0.1000000E+00   0.1970000E+00   0.0000000E+00   0.3418046E+00   0.3437946E+01   0.1798274E+01
   0.1000000E+00   0.1980000E+00   0.0000000E+00   0.3252043E+00   0.3375135E+01   0.1781671E+01
   0.1000000E+00   0.1990000E+00   0.2000000E-03   0.3246043E+00   0.3383137E+01   0.1768869E+01
   0.1000000E+00   0.2000000E+00   0.0000000E+00   0.3014039E+00   0.3333328E+01   0.1749066E+01
   0.1000000E+00   0.2010000E+00   0.0000000E+00   0.3132041E+00   0.3330528E+01   0.1751266E+01
   0.1000000E+00   0.2020000E+00   0.2000000E-03   0.2790036E+00   0.3253115E+01   0.1683055E+01
   0.1000000E+00   0.2030000E+00   0.0000000E+00   0.2902038E+00   0.3276919E+01   0.1679854E+01
   0.1000000E+00   0.2040000E+00   0.4000000E-03   0.2752035E+00   0.3260716E+01   0.1700457E+01
   0.1000000E+00   0.2050000E+00   0.0000000E+00   0.2706034E+00   0.3188304E+01   0.1656050E+01
   0.1000000E+00   0.2060000E+00   0.0000000E+00   0.2536031E+00   0.3171501E+01   0.1652249E+01
   0.1000000E+00   0.2070000E+00   0.0000000E+00   0.2408029E+00   0.3121493E+01   0.1620244E+01
   0.1000000E+00   0.2080000E+00   0.2000000E-03   0.2324028E+00   0.3104090E+01   0.1617244E+01
   0.1000000E+00   0.2090000E+00   0.0000000E+00   0.2198026E+00   0.3088088E+01   0.1575837E+01
   0.1000000E+00   0.2100000E+00   0.2000000E-03   0.2264027E+00   0.3048681E+01   0.1590439E+01
   0.1000000E+00   0.2110000E+00   0.0000000E+00   0.2350028E+00   0.3063684E+01   0.1599241E+01
   0.1000000E+00   0.2120000E+00   0.2000000E-03   0.2096024E+00   0.3014475E+01   0.1558034E+01
   0.1000000E+00   0.2130000E+00   0.0000000E+00   0.1972022E+00   0.2996672E+01   0.1545032E+01
   0.1000000E+00   0.2140000E+00   0.0000000E+00   0.1988022E+00   0.2912258E+01   0.1493823E+01
   0.1000000E+00   0.2150000E+00   0.0000000E+00   0.1902021E+00   0.2944464E+01   0.1525028E+01
   0.1000000E+00   0.2160000E+00   0.0000000E+00   0.1846020E+00   0.2945464E+01   0.1508826E+01
   0.1000000E+00   0.2170000E+00   0.0000000E+00   0.1702017E+00   0.2871452E+01   0.1489823E+01
   0.1000000E+00   0.2180000E+00   0.0000000E+00   0.1638016E+00   0.2890455E+01   0.1479221E+01
   0.1000000E+00   0.2190000E+00   0.2000000E-03   0.1718018E+00   0.2822443E+01   0.1462618E+01
   0.1000000E+00   0.2200000E+00   0.0000000E+00   0.1666017E+00   0.2801240E+01   0.1441414E+01
   0.1000000E+00   0.2210000E+00   0.0000000E+00   0.1524014E+00   0.2785037E+01   0.1438214E+01
   0.1000000E+00   0.2220000E+00   0.0000000E+00   0.1476014E+00   0.2742430E+01   0.1409209E+01
   0.1000000E+00   0.2230000E+00   0.0000000E+00   0.1460013E+00   0.2708425E+01   0.1384605E+01
   0.1000000E+00   0.2240000E+00   0.0000000E+00   0.1304011E+00   0.2700223E+01   0.1385405E+01
   0.1000000E+00   0.2250000E+00   0.0000000E+00   0.1404012E+00   0.2637813E+01   0.1354600E+01
   0.1000000E+00   0.2260000E+00   0.0000000E+00   0.1308011E+00   0.2636213E+01   0.1374603E+01
   0.1000000E+00   0.2270000E+00   0.0000000E+00   0.1278010E+00   0.2656616E+01   0.1360601E+01
   0.1000000E+00   0.2280000E+00   0.4000000E-03   0.1304011E+00   0.2576003E+01   0.1334597E+01
   0.1000000E+00   0.2290000E+00   0.0000000E+00   0.1146008E+00   0.2555799E+01   0.1313993E+01
   0.1000000E+00   0.2300000E+00   0.0000000E+00   0.1118007E+00   0.2548798E+01   0.1301591E+01
   0.1000000E+00   0.2310000E+00   0.0000000E+00   0.1102007E+00   0.2531195E+01   0.1303992E+01
   0.1000000E+00   0.2320000E+00   0.0000000E+00   0.1100007E+00   0.2497590E+01   0.1276787E+01
   0.1000000E+00   0.2330000E+00   0.0000000E+00   0.1048006E+00   0.2437980E+01   0.1244982E+01
   0.1000000E+00   0.2340000E+00   0.0000000E+00   0.9980054E-01   0.2419177E+01   0.1228579E+01
   0.1000000E+00   0.2350000E+00   0.0000000E+00   0.1024006E+00   0.2440180E+01   0.1247382E+01
   0.1000000E+00   0.2360000E+00   0.0000000E+00   0.9740050E-01   0.2429978E+01   0.1237581E+01
   0.1000000E+00   0.2370000E+00   0.0000000E+00   0.8800034E-01   0.2375569E+01   0.1228179E+01
   0.1000000E+00   0.2380000E+00   0.0000000E+00   0.9360044E-01   0.2367368E+01   0.1222178E+01
   0.1000000E+00   0.2390000E+00   0.0000000E+00   0.8020021E-01   0.2324761E+01   0.1188372E+01
   0.1000000E+00   0.2400000E+00   0.0000000E+00   0.7940020E-01   0.2301957E+01   0.1178571E+01
   0.1000000E+00   0.2410000E+00   0.0000000E+00   0.6980003E-01   0.2261350E+01   0.1142565E+01
   0.1000000E+00   0.2420000E+00   0.0000000E+00   0.7700016E-01   0.2241147E+01   0.1151966E+01
   0.1000000E+00   0.2430000E+00   0.0000000E+00   0.7480012E-01   0.2190739E+01   0.1130163E+01
   0.1000000E+00   0.2440000E+00   0.0000000E+00   0.7220007E-01   0.2204141E+01   0.1118161E+01
   0.1000000E+00   0.2450000E+00   0.0000000E+00   0.6559996E-01   0.2177937E+01   0.1099558E+01
   0.1000000E+00   0.2460000E+00   0.0000000E+00   0.6219991E-01   0.2125128E+01   0.1067752E+01
   0.1000000E+00   0.2470000E+00   0.0000000E+00   0.6379993E-01   0.2127328E+01   0.1084355E+01
   0.1000000E+00   0.2480000E+00   0.0000000E+00   0.5959992E-01   0.2074119E+01   0.1044749E+01
   0.1000000E+00   0.2490000E+00   0.0000000E+00   0.5819992E-01   0.2072319E+01   0.1048349E+01
   0.1000000E+00   0.2500000E+00   0.0000000E+00   0.5279993E-01   0.2074919E+01   0.1024745E+01
   0.1000000E+00   0.2510000E+00   0.0000000E+00   0.4959993E-01   0.2048315E+01   0.1011343E+01
   0.1000000E+00   0.2520000E+00   0.0000000E+00   0.5079993E-01   0.1993906E+01   0.1013744E+01
   0.1000000E+00   0.2530000E+00   0.0000000E+00   0.4719994E-01   0.1991306E+01   0.1007542E+01
   0.1000000E+00   0.2540000E+00   0.0000000E+00   0.5159993E-01   0.1978304E+01   0.1008943E+01
   0.1000000E+00   0.2550000E+00   0.0000000E+00   0.4359994E-01   0.1930296E+01   0.9925422E+00
   0.1000000E+00   0.2560000E+00   0.0000000E+00   0.4319995E-01   0.1902291E+01   0.9735447E+00
   0.1000000E+00   0.2570000E+00   0.0000000E+00   0.4179995E-01   0.1884488E+01   0.9459484E+00
   0.1000000E+00   0.2580000E+00   0.0000000E+00   0.4059995E-01   0.1863685E+01   0.9269509E+00
   0.1000000E+00   0.2590000E+00   0.0000000E+00   0.4079995E-01   0.1850882E+01   0.9393492E+00
   0.1000000E+00   0.2600000E+00   0.0000000E+00   0.4079995E-01   0.1815477E+01   0.9123528E+00
   0.1000000E+00   0.2610000E+00   0.0000000E+00   0.3079996E-01   0.1815877E+01   0.9203517E+00
   0.1000000E+00   0.2620000E+00   0.0000000E+00   0.3579996E-01   0.1775470E+01   0.8911556E+00
   0.1000000E+00   0.2630000E+00   0.0000000E+00   0.3439996E-01   0.1734863E+01   0.8849564E+00
   0.1000000E+00   0.2640000E+00   0.0000000E+00   0.3439996E-01   0.1740264E+01   0.8841565E+00
   0.1000000E+00   0.2650000E+00   0.0000000E+00   0.3019997E-01   0.1712459E+01   0.8709583E+00
   0.1000000E+00   0.2660000E+00   0.0000000E+00   0.3659996E-01   0.1682054E+01   0.8447617E+00
   0.1000000E+00   0.2670000E+00   0.0000000E+00   0.3299996E-01   0.1674653E+01   0.8363628E+00
   0.1000000E+00   0.2680000E+00   0.0000000E+00   0.2459997E-01   0.1649049E+01   0.8385625E+00
   0.1000000E+00   0.2690000E+00   0.0000000E+00   0.2479997E-01   0.1644048E+01   0.8221647E+00
   0.1000000E+00   0.2700000E+00   0.0000000E+00   0.2139998E-01   0.1605442E+01   0.8049670E+00
   0.1000000E+00   0.2710000E+00   0.0000000E+00   0.2519997E-01   0.1592640E+01   0.7875693E+00
   0.1000000E+00   0.2720000E+00   0.0000000E+00   0.2159998E-01   0.1567035E+01   0.7867694E+00
   0.1000000E+00   0.2730000E+00   0.0000000E+00   0.2839997E-01   0.1537830E+01   0.7825699E+00
   0.1000000E+00   0.2740000E+00   0.0000000E+00   0.2419998E-01   0.1507825E+01   0.7491744E+00
   0.1000000E+00   0.2750000E+00   0.0000000E+00   0.2079998E-01   0.1472820E+01   0.7463747E+00
   0.1000000E+00   0.2760000E+00   0.0000000E+00   0.2119998E-01   0.1462018E+01   0.7395756E+00
   0.1000000E+00   0.2770000E+00   0.0000000E+00   0.2059998E-01   0.1425412E+01   0.7101795E+00
   0.1000000E+00   0.2780000E+00   0.0000000E+00   0.1479999E-01   0.1434013E+01   0.7383758E+00
   0.1000000E+00   0.2790000E+00   0.0000000E+00   0.1799999E-01   0.1406209E+01   0.7131791E+00
   0.1000000E+00   0.2800000E+00   0.0000000E+00   0.1639999E-01   0.1428212E+01   0.7219779E+00
   0.1000000E+00   0.2810000E+00   0.0000000E+00   0.1559999E-01   0.1391206E+01   0.7037804E+00
   0.1000000E+00   0.2820000E+00   0.0000000E+00   0.1799999E-01   0.1344798E+01   0.6703848E+00
   0.1000000E+00   0.2830000E+00   0.0000000E+00   0.1619999E-01   0.1368002E+01   0.6855828E+00
   0.1000000E+00   0.2840000E+00   0.0000000E+00   0.1379999E-01   0.1324195E+01   0.6753841E+00
   0.1000000E+00   0.2850000E+00   0.0000000E+00   0.1280000E-01   0.1263385E+01   0.6349894E+00
   0.1000000E+00   0.2860000E+00   0.0000000E+00   0.1379999E-01   0.1282988E+01   0.6489876E+00
   0.1000000E+00   0.2870000E+00   0.0000000E+00   0.1280000E-01   0.1278587E+01   0.6583863E+00
   0.1000000E+00   0.2880000E+00   0.0000000E+00   0.1160000E-01   0.1287989E+01   0.6357893E+00
   0.1000000E+00   0.2890000E+00   0.0000000E+00   0.1280000E-01   0.1227779E+01   0.6151921E+00
   0.1000000E+00   0.2900000E+00   0.0000000E+00   0.1359999E-01   0.1203175E+01   0.6109926E+00
   0.1000000E+00   0.2910000E+00   0.0000000E+00   0.1120000E-01   0.1173170E+01   0.5747974E+00
   0.1000000E+00   0.2920000E+00   0.0000000E+00   0.1060000E-01   0.1158568E+01   0.5891955E+00
   0.1000000E+00   0.2930000E+00   0.0000000E+00   0.1020000E-01   0.1153767E+01   0.5665985E+00
   0.1000000E+00   0.2940000E+00   0.0000000E+00   0.8000003E-02   0.1127762E+01   0.5681983E+00
   0.1000000E+00   0.2950000E+00   0.0000000E+00   0.9800000E-02   0.1120561E+01   0.5486009E+00
   0.1000000E+00   0.2960000E+00   0.0000000E+00   0.8600002E-02   0.1079554E+01   0.5404019E+00
   0.1000000E+00   0.2970000E+00   0.0000000E+00   0.8000003E-02   0.1097757E+01   0.5653986E+00
   0.1000000E+00   0.2980000E+00   0.0000000E+00   0.8600002E-02   0.1055150E+01   0.5342028E+00
   0.1000000E+00   0.2990000E+00   0.0000000E+00   0.9000001E-02   0.1027346E+01   0.5206046E+00
   0.1000000E+00   0.3000000E+00   0.0000000E+00   0.7400003E-02   0.1043348E+01   0.5240041E+00
   0.1000000E+00   0.3010000E+00   0.0000000E+00   0.7000003E-02   0.1013944E+01   0.5002072E+00
   0.1000000E+00   0.3020000E+00   0.0000000E+00   0.6200003E-02   0.9961417E+00   0.4880071E+00
   0.1000000E+00   0.3030000E+00   0.0000000E+00   0.7200003E-02   0.9841433E+00   0.4766069E+00
   0.1000000E+00   0.3040000E+00   0.0000000E+00   0.5600002E-02   0.9655458E+00   0.4950072E+00
   0.1000000E+00   0.3050000E+00   0.0000000E+00   0.7800004E-02   0.9457484E+00   0.4910071E+00
   0.1000000E+00   0.3060000E+00   0.0000000E+00   0.5800002E-02   0.9599465E+00   0.4878071E+00
   0.1000000E+00   0.3070000E+00   0.0000000E+00   0.4800002E-02   0.9391493E+00   0.4700068E+00
   0.1000000E+00   0.3080000E+00   0.0000000E+00   0.4800002E-02   0.9303504E+00   0.4744069E+00
   0.1000000E+00   0.3090000E+00   0.0000000E+00   0.5000002E-02   0.8963549E+00   0.4536065E+00
   0.1000000E+00   0.3100000E+00   0.0000000E+00   0.3200001E-02   0.8873561E+00   0.4444064E+00
   0.1000000E+00   0.3110000E+00   0.0000000E+00   0.4000001E-02   0.8675587E+00   0.4386063E+00
   0.1000000E+00   0.3120000E+00   0.0000000E+00   0.3800001E-02   0.8769575E+00   0.4462064E+00
   0.1000000E+00   0.3130000E+00   0.0000000E+00   0.4600001E-02   0.8477613E+00   0.4256060E+00
   0.1000000E+00   0.3140000E+00   0.0000000E+00   0.4000001E-02   0.8145657E+00   0.4068057E+00
   0.1000000E+00   0.3150000E+00   0.0000000E+00   0.5000002E-02   0.8245644E+00   0.4110058E+00
   0.1000000E+00   0.3160000E+00   0.0000000E+00   0.4200001E-02   0.7775706E+00   0.3950055E+00
   0.1000000E+00   0.3170000E+00   0.0000000E+00   0.4000001E-02   0.7787704E+00   0.3960055E+00
   0.1000000E+00   0.3180000E+00   0.0000000E+00   0.3400001E-02   0.7809702E+00   0.3866054E+00
   0.1000000E+00   0.3190000E+00   0.0000000E+00   0.2800000E-02   0.7797703E+00   0.3910055E+00
   0.1000000E+00   0.3200000E+00   0.0000000E+00   0.1600000E-02   0.7711715E+00   0.3836053E+00
   0.1000000E+00   0.3210000E+00   0.0000000E+00   0.3800001E-02   0.7175785E+00   0.3578049E+00
   0.1000000E+00   0.3220000E+00   0.0000000E+00   0.2800000E-02   0.7403755E+00   0.3610049E+00
   0.1000000E+00   0.3230000E+00   0.0000000E+00   0.3200001E-02   0.7043803E+00   0.3584049E+00
   0.1000000E+00   0.3240000E+00   0.0000000E+00   0.3000000E-02   0.6829831E+00   0.3440047E+00
   0.1000000E+00   0.3250000E+00   0.0000000E+00   0.8000000E-03   0.6847829E+00   0.3388046E+00
   0.1000000E+00   0.3260000E+00   0.0000000E+00   0.3000000E-02   0.6949815E+00   0.3414046E+00
   0.1000000E+00   0.3270000E+00   0.0000000E+00   0.2800000E-02   0.6631857E+00   0.3294044E+00
   0.1000000E+00   0.3280000E+00   0.0000000E+00   0.4000001E-02   0.6619859E+00   0.3280044E+00
   0.1000000E+00   0.3290000E+00   0.0000000E+00   0.1600000E-02   0.6459880E+00   0.3196042E+00
   0.1000000E+00   0.3300000E+00   0.0000000E+00   0.1400000E-02   0.6273904E+00   0.3206043E+00
   0.1000000E+00   0.3310000E+00   0.0000000E+00   0.3000000E-02   0.6055933E+00   0.3036040E+00
   0.1000000E+00   0.3320000E+00   0.0000000E+00   0.2200000E-02   0.6045935E+00   0.3000039E+00
   0.1000000E+00   0.3330000E+00   0.0000000E+00   0.8000000E-03   0.6067932E+00   0.2998039E+00
   0.1000000E+00   0.3340000E+00   0.0000000E+00   0.2600000E-02   0.5815965E+00   0.2936038E+00
   0.1000000E+00   0.3350000E+00   0.0000000E+00   0.1400000E-02   0.5655986E+00   0.2900037E+00
   0.1000000E+00   0.3360000E+00   0.0000000E+00   0.2400000E-02   0.5761972E+00   0.2922038E+00
   0.1000000E+00   0.3370000E+00   0.0000000E+00   0.6000000E-03   0.5480009E+00   0.2780035E+00
   0.1000000E+00   0.3380000E+00   0.0000000E+00   0.8000000E-03   0.5438015E+00   0.2640033E+00
   0.1000000E+00   0.3390000E+00   0.0000000E+00   0.1600000E-02   0.5316031E+00   0.2558032E+00
   0.1000000E+00   0.3400000E+00   0.0000000E+00   0.1600000E-02   0.5240041E+00   0.2720034E+00
   0.1000000E+00   0.3410000E+00   0.0000000E+00   0.1400000E-02   0.5150053E+00   0.2610033E+00
   0.1000000E+00   0.3420000E+00   0.0000000E+00   0.1000000E-02   0.5130056E+00   0.2506031E+00
   0.1000000E+00   0.3430000E+00   0.0000000E+00   0.1000000E-02   0.5014071E+00   0.2476030E+00
   0.1000000E+00   0.3440000E+00   0.0000000E+00   0.1200000E-02   0.5118057E+00   0.2512031E+00
   0.1000000E+00   0.3450000E+00   0.0000000E+00   0.8000000E-03   0.4788069E+00   0.2436030E+00
   0.1000000E+00   0.3460000E+00   0.0000000E+00   0.2000000E-03   0.4640067E+00   0.2284027E+00
   0.1000000E+00   0.3470000E+00   0.0000000E+00   0.6000000E-03   0.4658067E+00   0.2280027E+00
   0.1000000E+00   0.3480000E+00   0.0000000E+00   0.1400000E-02   0.4520065E+00   0.2178025E+00
   0.1000000E+00   0.3490000E+00   0.0000000E+00   0.1200000E-02   0.4356062E+00   0.2282027E+00
   0.1000000E+00   0.3500000E+00   0.0000000E+00   0.1000000E-02   0.4398063E+00   0.2188026E+00
   0.1000000E+00   0.3510000E+00   0.0000000E+00   0.8000000E-03   0.4372062E+00   0.2120024E+00
   0.1000000E+00   0.3520000E+00   0.0000000E+00   0.1000000E-02   0.4168059E+00   0.2062023E+00
   0.1000000E+00   0.3530000E+00   0.0000000E+00   0.4000000E-03   0.4086058E+00   0.2112024E+00
   0.1000000E+00   0.3540000E+00   0.0000000E+00   0.8000000E-03   0.3882054E+00   0.1986022E+00
   0.1000000E+00   0.3550000E+00   0.0000000E+00   0.6000000E-03   0.4044057E+00   0.2054023E+00
   0.1000000E+00   0.3560000E+00   0.0000000E+00   0.2000000E-03   0.3984056E+00   0.1902021E+00
   0.1000000E+00   0.3570000E+00   0.0000000E+00   0.6000000E-03   0.3688051E+00   0.1870020E+00
   0.1000000E+00   0.3580000E+00   0.0000000E+00   0.6000000E-03   0.3680051E+00   0.1910021E+00
   0.1000000E+00   0.3590000E+00   0.0000000E+00   0.4000000E-03   0.3722051E+00   0.1886020E+00
   0.1000000E+00   0.3600000E+00   0.0000000E+00   0.2000000E-03   0.3476047E+00   0.1786019E+00
   0.1000000E+00   0.3610000E+00   0.0000000E+00   0.4000000E-03   0.3568049E+00   0.1802019E+00
   0.1000000E+00   0.3620000E+00   0.0000000E+00   0.2000000E-03   0.3440047E+00   0.1750018E+00
   0.1000000E+00   0.3630000E+00   0.0000000E+00   0.2000000E-03   0.3366045E+00   0.1740018E+00
   0.1000000E+00   0.3640000E+00   0.0000000E+00   0.2000000E-03   0.3240043E+00   0.1590015E+00
   0.1000000E+00   0.3650000E+00   0.0000000E+00   0.6000000E-03   0.3276044E+00   0.1662017E+00
   0.1000000E+00   0.3660000E+00   0.0000000E+00   0.0000000E+00   0.3026040E+00   0.1526014E+00
   0.1000000E+00   0.3670000E+00   0.0000000E+00   0.4000000E-03   0.2940038E+00   0.1506014E+00
   0.1000000E+00   0.3680000E+00   0.0000000E+00   0.0000000E+00   0.2996039E+00   0.1430013E+00
   0.1000000E+00   0.3690000E+00   0.0000000E+00   0.0000000E+00   0.3058040E+00   0.1518014E+00
   0.1000000E+00   0.3700000E+00   0.0000000E+00   0.0000000E+00   0.2774035E+00   0.1362012E+00
   0.1000000E+00   0.3710000E+00   0.0000000E+00   0.0000000E+00   0.2904038E+00   0.1428013E+00
   0.1000000E+00   0.3720000E+00   0.0000000E+00   0.2000000E-03   0.2748035E+00   0.1378012E+00
   0.1000000E+00   0.3730000E+00   0.0000000E+00   0.2000000E-03   0.2744035E+00   0.1360012E+00
   0.1000000E+00   0.3740000E+00   0.0000000E+00   0.0000000E+00   0.2680034E+00   0.1368012E+00
   0.1000000E+00   0.3750000E+00   0.0000000E+00   0.0000000E+00   0.2686034E+00   0.1394012E+00
   0.1000000E+00   0.3760000E+00   0.0000000E+00   0.6000000E-03   0.2588032E+00   0.1280010E+00
   0.1000000E+00   0.3770000E+00   0.0000000E+00   0.0000000E+00   0.2652033E+00   0.1328011E+00
   0.1000000E+00   0.3780000E+00   0.0000000E+00   0.0000000E+00   0.2372029E+00   0.1226009E+00
   0.1000000E+00   0.3790000E+00   0.0000000E+00   0.0000000E+00   0.2438030E+00   0.1250010E+00
   0.1000000E+00   0.3800000E+00   0.0000000E+00   0.2000000E-03   0.2258027E+00   0.1190009E+00
   0.1000000E+00   0.3810000E+00   0.0000000E+00   0.4000000E-03   0.2234026E+00   0.1052006E+00
   0.1000000E+00   0.3820000E+00   0.0000000E+00   0.0000000E+00   0.2264027E+00   0.1114007E+00
   0.1000000E+00   0.3830000E+00   0.0000000E+00   0.0000000E+00   0.2088024E+00   0.1084007E+00
   0.1000000E+00   0.3840000E+00   0.0000000E+00   0.0000000E+00   0.2138025E+00   0.1102007E+00
   0.1000000E+00   0.3850000E+00   0.0000000E+00   0.0000000E+00   0.2116024E+00   0.1004006E+00
   0.1000000E+00   0.3860000E+00   0.0000000E+00   0.2000000E-03   0.2030023E+00   0.1012006E+00
   0.1000000E+00   0.3870000E+00   0.0000000E+00   0.2000000E-03   0.2046023E+00   0.1024006E+00
   0.1000000E+00   0.3880000E+00   0.0000000E+00   0.0000000E+00   0.1970022E+00   0.1002005E+00
   0.1000000E+00   0.3890000E+00   0.0000000E+00   0.0000000E+00   0.1856020E+00   0.9760050E-01
   0.1000000E+00   0.3900000E+00   0.0000000E+00   0.0000000E+00   0.1836020E+00   0.9040038E-01
   0.1000000E+00   0.3910000E+00   0.0000000E+00   0.2000000E-03   0.1778019E+00   0.8760034E-01
   0.1000000E+00   0.3920000E+00   0.0000000E+00   0.0000000E+00   0.1782019E+00   0.8580031E-01
   0.1000000E+00   0.3930000E+00   0.0000000E+00   0.0000000E+00   0.1816019E+00   0.9300043E-01
   0.1000000E+00   0.3940000E+00   0.0000000E+00   0.2000000E-03   0.1676017E+00   0.8020021E-01
   0.1000000E+00   0.3950000E+00   0.0000000E+00   0.0000000E+00   0.1628016E+00   0.8060022E-01
   0.1000000E+00   0.3960000E+00   0.0000000E+00   0.0000000E+00   0.1694017E+00   0.8680032E-01
   0.1000000E+00   0.3970000E+00   0.0000000E+00   0.0000000E+00   0.1530014E+00   0.7920019E-01
   0.1000000E+00   0.3980000E+00   0.0000000E+00   0.0000000E+00   0.1564015E+00   0.7560013E-01
   0.1000000E+00   0.3990000E+00   0.0000000E+00   0.0000000E+00   0.1592015E+00   0.7940020E-01
   0.1000000E+00   0.4000000E+00   0.0000000E+00   0.0000000E+00   0.1516014E+00   0.7460012E-01
   0.1000000E+00   0.4010000E+00   0.0000000E+00   0.0000000E+00   0.1478014E+00   0.7260008E-01
   0.1000000E+00   0.4020000E+00   0.0000000E+00   0.2000000E-03   0.1420013E+00   0.6980003E-01
   0.1000000E+00   0.4030000E+00   0.0000000E+00   0.0000000E+00   0.1408012E+00   0.7440011E-01
   0.1000000E+00   0.4040000E+00   0.0000000E+00   0.0000000E+00   0.1346011E+00   0.6619997E-01
   0.1000000E+00   0.4050000E+00   0.0000000E+00   0.4000000E-03   0.1276010E+00   0.6119991E-01
   0.1000000E+00   0.4060000E+00   0.0000000E+00   0.0000000E+00   0.1308011E+00   0.6639998E-01
   0.1000000E+00   0.4070000E+00   0.0000000E+00   0.0000000E+00   0.1304011E+00   0.6479995E-01
   0.1000000E+00   0.4080000E+00   0.0000000E+00   0.2000000E-03   0.1168008E+00   0.6079992E-01
   0.1000000E+00   0.4090000E+00   0.0000000E+00   0.0000000E+00   0.1234009E+00   0.6219991E-01
   0.1000000E+00   0.4100000E+00   0.0000000E+00   0.0000000E+00   0.1266010E+00   0.6479995E-01
   0.1000000E+00   0.4110000E+00   0.0000000E+00   0.0000000E+00   0.1172008E+00   0.5919992E-01
   0.1000000E+00   0.4120000E+00   0.0000000E+00   0.0000000E+00   0.1134008E+00   0.5419993E-01
   0.1000000E+00   0.4130000E+00   0.0000000E+00   0.0000000E+00   0.1068007E+00   0.5079993E-01
   0.1000000E+00   0.4140000E+00   0.0000000E+00   0.0000000E+00   0.1016006E+00   0.5179993E-01
   0.1000000E+00   0.4150000E+00   0.0000000E+00   0.0000000E+00   0.1060006E+00   0.5519992E-01
   0.1000000E+00   0.4160000E+00   0.0000000E+00   0.0000000E+00   0.1034006E+00   0.4819994E-01
   0.1000000E+00   0.4170000E+00   0.0000000E+00   0.0000000E+00   0.9780051E-01   0.4959993E-01
   0.1000000E+00   0.4180000E+00   0.0000000E+00   0.0000000E+00   0.9940054E-01   0.5099993E-01
   0.1000000E+00   0.4190000E+00   0.0000000E+00   0.0000000E+00   0.9320043E-01   0.4359994E-01
   0.1000000E+00   0.4200000E+00   0.0000000E+00   0.0000000E+00   0.9320043E-01   0.4479994E-01
   0.1000000E+00   0.4210000E+00   0.0000000E+00   0.0000000E+00   0.8020021E-01   0.3559996E-01
   0.1000000E+00   0.4220000E+00   0.0000000E+00   0.0000000E+00   0.8500029E-01   0.4219995E-01
   0.1000000E+00   0.4230000E+00   0.0000000E+00   0.0000000E+00   0.9300043E-01   0.4679994E-01
   0.1000000E+00   0.4240000E+00   0.0000000E+00   0.0000000E+00   0.7860018E-01   0.3759995E-01
   0.1000000E+00   0.4250000E+00   0.0000000E+00   0.0000000E+00   0.8560030E-01   0.4479994E-01
   0.1000000E+00   0.4260000E+00   0.0000000E+00   0.0000000E+00   0.8820035E-01   0.4499994E-01
   0.1000000E+00   0.4270000E+00   0.0000000E+00   0.0000000E+00   0.7300009E-01   0.3439996E-01
   0.1000000E+00   0.4280000E+00   0.0000000E+00   0.0000000E+00   0.7560013E-01   0.3759995E-01
   0.1000000E+00   0.4290000E+00   0.0000000E+00   0.0000000E+00   0.7540013E-01   0.3719996E-01
   0.1000000E+00   0.4300000E+00   0.0000000E+00   0.0000000E+00   0.7040004E-01   0.3399996E-01
   0.1000000E+00   0.4310000E+00   0.0000000E+00   0.0000000E+00   0.6679998E-01   0.3119996E-01
   0.1000000E+00   0.4320000E+00   0.0000000E+00   0.0000000E+00   0.6639998E-01   0.3199996E-01
   0.1000000E+00   0.4330000E+00   0.0000000E+00   0.0000000E+00   0.6739999E-01   0.3239996E-01
   0.1000000E+00   0.4340000E+00   0.0000000E+00   0.0000000E+00   0.6760000E-01   0.3219996E-01
   0.1000000E+00   0.4350000E+00   0.0000000E+00   0.0000000E+00   0.6059992E-01   0.3299996E-01
   0.1000000E+00   0.4360000E+00   0.0000000E+00   0.0000000E+00   0.5939992E-01   0.2799997E-01
   0.1000000E+00   0.4370000E+00   0.0000000E+00   0.0000000E+00   0.5939992E-01   0.3239996E-01
   0.1000000E+00   0.4380000E+00   0.0000000E+00   0.0000000E+00   0.6339993E-01   0.3239996E-01
   0.1000000E+00   0.4390000E+00   0.0000000E+00   0.0000000E+00   0.5579992E-01   0.2959997E-01
   0.1000000E+00   0.4400000E+00   0.0000000E+00   0.0000000E+00   0.5399993E-01   0.2799997E-01
   0.1000000E+00   0.4410000E+00   0.0000000E+00   0.0000000E+00   0.5079993E-01   0.2559997E-01
   0.1000000E+00   0.4420000E+00   0.0000000E+00   0.0000000E+00   0.4659994E-01   0.2399998E-01
   0.1000000E+00   0.4430000E+00   0.0000000E+00   0.0000000E+00   0.4559994E-01   0.2019998E-01
   0.1000000E+00   0.4440000E+00   0.0000000E+00   0.0000000E+00   0.5239993E-01   0.2899997E-01
   0.1000000E+00   0.4450000E+00   0.0000000E+00   0.0000000E+00   0.4779994E-01   0.2839997E-01
   0.1000000E+00   0.4460000E+00   0.0000000E+00   0.0000000E+00   0.4019995E-01   0.2019998E-01
   0.1000000E+00   0.4470000E+00   0.0000000E+00   0.0000000E+00   0.4719994E-01   0.2199998E-01
   0.1000000E+00   0.4480000E+00   0.0000000E+00   0.2000000E-03   0.4279995E-01   0.2399998E-01
   0.1000000E+00   0.4490000E+00   0.0000000E+00   0.0000000E+00   0.4219995E-01   0.2019998E-01
   0.1000000E+00   0.4500000E+00   0.0000000E+00   0.0000000E+00   0.4079995E-01   0.1859999E-01
   0.1000000E+00   0.4510000E+00   0.0000000E+00   0.0000000E+00   0.3839995E-01   0.1779999E-01
   0.1000000E+00   0.4520000E+00   0.0000000E+00   0.0000000E+00   0.4159995E-01   0.2119998E-01
   0.1000000E+00   0.4530000E+00   0.0000000E+00   0.0000000E+00   0.3559996E-01   0.1699999E-01
   0.1000000E+00   0.4540000E+00   0.0000000E+00   0.0000000E+00   0.3619996E-01   0.1839999E-01
   0.1000000E+00   0.4550000E+00   0.0000000E+00   0.0000000E+00   0.3439996E-01   0.1819999E-01
   0.1000000E+00   0.4560000E+00   0.0000000E+00   0.0000000E+00   0.3579996E-01   0.1679999E-01
   0.1000000E+00   0.4570000E+00   0.0000000E+00   0.0000000E+00   0.3619996E-01   0.1779999E-01
   0.1000000E+00   0.4580000E+00   0.0000000E+00   0.0000000E+00   0.2919997E-01   0.1419999E-01
   0.1000000E+00   0.4590000E+00   0.0000000E+00   0.0000000E+00   0.3179996E-01   0.1539999E-01
   0.1000000E+00   0.4600000E+00   0.0000000E+00   0.0000000E+00   0.3439996E-01   0.1619999E-01
   0.1000000E+00   0.4610000E+00   0.0000000E+00   0.0000000E+00   0.3039997E-01   0.1619999E-01
   0.1000000E+00   0.4620000E+00   0.0000000E+00   0.0000000E+00   0.2399998E-01   0.1120000E-01
   0.1000000E+00   0.4630000E+00   0.0000000E+00   0.0000000E+00   0.3199996E-01   0.1639999E-01
   0.1000000E+00   0.4640000E+00   0.0000000E+00   0.0000000E+00   0.2699997E-01   0.1439999E-01
   0.1000000E+00   0.4650000E+00   0.0000000E+00   0.0000000E+00   0.2879997E-01   0.1499999E-01
   0.1000000E+00   0.4660000E+00   0.0000000E+00   0.0000000E+00   0.2659997E-01   0.1280000E-01
   0.1000000E+00   0.4670000E+00   0.0000000E+00   0.0000000E+00   0.2359998E-01   0.1319999E-01
   0.1000000E+00   0.4680000E+00   0.0000000E+00   0.0000000E+00   0.2559997E-01   0.1399999E-01
   0.1000000E+00   0.4690000E+00   0.0000000E+00   0.0000000E+00   0.2259998E-01   0.1020000E-01
   0.1000000E+00   0.4700000E+00   0.0000000E+00   0.0000000E+00   0.2159998E-01   0.1140000E-01
   0.1000000E+00   0.4710000E+00   0.0000000E+00   0.0000000E+00   0.2239998E-01   0.1280000E-01
   0.1000000E+00   0.4720000E+00   0.0000000E+00   0.0000000E+00   0.2139998E-01   0.1100000E-01
   0.1000000E+00   0.4730000E+00   0.0000000E+00   0.0000000E+00   0.2139998E-01   0.9800000E-02
   0.1000000E+00   0.4740000E+00   0.0000000E+00   0.0000000E+00   0.1959998E-01   0.1020000E-01
   0.1000000E+00   0.4750000E+00   0.0000000E+00   0.0000000E+00   0.1679999E-01   0.6600003E-02
   0.1000000E+00   0.4760000E+00   0.0000000E+00   0.0000000E+00   0.1879998E-01   0.9400001E-02
   0.1000000E+00   0.4770000E+00   0.0000000E+00   0.0000000E+00   0.1819999E-01   0.9800000E-02
   0.1000000E+00   0.4780000E+00   0.0000000E+00   0.0000000E+00   0.1659999E-01   0.9800000E-02
   0.1000000E+00   0.4790000E+00   0.0000000E+00   0.0000000E+00   0.1839999E-01   0.1080000E-01
   0.1000000E+00   0.4800000E+00   0.0000000E+00   0.0000000E+00   0.1899998E-01   0.9400001E-02
   0.1000000E+00   0.4810000E+00   0.0000000E+00   0.0000000E+00   0.1719999E-01   0.8000003E-02
   0.1000000E+00   0.4820000E+00   0.0000000E+00   0.0000000E+00   0.1260000E-01   0.6400003E-02
   0.1000000E+00   0.4830000E+00   0.0000000E+00   0.0000000E+00   0.1559999E-01   0.7600003E-02
   0.1000000E+00   0.4840000E+00   0.0000000E+00   0.0000000E+00   0.1679999E-01   0.9200001E-02
   0.1000000E+00   0.4850000E+00   0.0000000E+00   0.0000000E+00   0.1419999E-01   0.6600003E-02
   0.1000000E+00   0.4860000E+00   0.0000000E+00   0.0000000E+00   0.1579999E-01   0.6600003E-02
   0.1000000E+00   0.4870000E+00   0.0000000E+00   0.0000000E+00   0.1699999E-01   0.8400002E-02
   0.1000000E+00   0.4880000E+00   0.0000000E+00   0.0000000E+00   0.1379999E-01   0.6400003E-02
   0.1000000E+00   0.4890000E+00   0.0000000E+00   0.0000000E+00   0.1439999E-01   0.6400003E-02
   0.1000000E+00   0.4900000E+00   0.0000000E+00   0.0000000E+00   0.1439999E-01   0.7800004E-02
   0.1000000E+00   0.4910000E+00   0.0000000E+00   0.0000000E+00   0.1160000E-01   0.4600001E-02
   0.1000000E+00   0.4920000E+00   0.0000000E+00   0.0000000E+00   0.1000000E-01   0.3600001E-02
   0.1000000E+00   0.4930000E+00   0.0000000E+00   0.0000000E+00   0.1060000E-01   0.5000002E-02
   0.1000000E+00   0.4940000E+00   0.0000000E+00   0.0000000E+00   0.1080000E-01   0.6600003E-02
   0.1000000E+00   0.4950000E+00   0.0000000E+00   0.0000000E+00   0.1100000E-01   0.5400002E-02
   0.1000000E+00   0.4960000E+00   0.0000000E+00   0.0000000E+00   0.1100000E-01   0.5600002E-02
   0.1000000E+00   0.4970000E+00   0.0000000E+00   0.0000000E+00   0.1040000E-01   0.4800002E-02
   0.1000000E+00   0.4980000E+00   0.0000000E+00   0.0000000E+00   0.1399999E-01   0.6600003E-02
   0.1000000E+00   0.4990000E+00   0.0000000E+00   0.0000000E+00   0.9400001E-02   0.4000001E-02
   0.1000000E+00   0.5000000E+00   0.0000000E+00   0.0000000E+00   0.7800004E-02   0.3400001E-02
   0.1000000E+00   0.5010000E+00   0.0000000E+00   0.0000000E+00   0.8000003E-02   0.4200001E-02
   0.1000000E+00   0.5020000E+00   0.0000000E+00   0.0000000E+00   0.7000003E-02   0.2800000E-02
   0.1000000E+00   0.5030000E+00   0.0000000E+00   0.0000000E+00   0.6600003E-02   0.3000000E-02
   0.1000000E+00   0.5039999E+00   0.0000000E+00   0.0000000E+00   0.4000001E-02   0.2200000E-02
   0.1000000E+00   0.5049999E+00   0.0000000E+00   0.0000000E+00   0.1020000E-01   0.5600002E-02
   0.1000000E+00   0.5060000E+00   0.0000000E+00   0.0000000E+00   0.5200002E-02   0.2600000E-02
   0.1000000E+00   0.5070000E+00   0.0000000E+00   0.0000000E+00   0.7200003E-02   0.3200001E-02
   0.1000000E+00   0.5080000E+00   0.0000000E+00   0.0000000E+00   0.6600003E-02   0.3800001E-02
   0.1000000E+00   0.5089999E+00   0.0000000E+00   0.0000000E+00   0.5600002E-02   0.2200000E-02
   0.1000000E+00   0.5100000E+00   0.0000000E+00   0.0000000E+00   0.6000002E-02   0.4000001E-02
   0.1000000E+00   0.5110000E+00   0.0000000E+00   0.0000000E+00   0.6600003E-02   0.2600000E-02
   0.1000000E+00   0.5120000E+00   0.0000000E+00   0.0000000E+00   0.7400003E-02   0.3000000E-02
   0.1000000E+00   0.5130000E+00   0.0000000E+00   0.0000000E+00   0.4200001E-02   0.2400000E-02
   0.1000000E+00   0.5139999E+00   0.0000000E+00   0.0000000E+00   0.5400002E-02   0.2400000E-02
   0.1000000E+00   0.5150000E+00   0.0000000E+00   0.0000000E+00   0.5200002E-02   0.2800000E-02
   0.1000000E+00   0.5160000E+00   0.0000000E+00   0.0000000E+00   0.6000002E-02   0.4400001E-02
   0.1000000E+00   0.5170000E+00   0.0000000E+00   0.0000000E+00   0.3800001E-02   0.1000000E-02
   0.1000000E+00   0.5179999E+00   0.0000000E+00   0.0000000E+00   0.3000000E-02   0.1800000E-02
   0.1000000E+00   0.5190000E+00   0.0000000E+00   0.0000000E+00   0.5200002E-02   0.3400001E-02
   0.1000000E+00   0.5200000E+00   0.0000000E+00   0.0000000E+00   0.3200001E-02   0.1800000E-02
   0.1000000E+00   0.5210000E+00   0.0000000E+00   0.0000000E+00   0.4000001E-02   0.1600000E-02
   0.1000000E+00   0.5220000E+00   0.0000000E+00   0.0000000E+00   0.5200002E-02   0.2800000E-02
   0.1000000E+00   0.5229999E+00   0.0000000E+00   0.0000000E+00   0.4800002E-02   0.2000000E-02
   0.1000000E+00   0.5240000E+00   0.0000000E+00   0.0000000E+00   0.3800001E-02   0.1600000E-02
   0.1000000E+00   0.5250000E+00   0.0000000E+00   0.0000000E+00   0.2600000E-02   0.1200000E-02
   0.1000000E+00   0.5260000E+00   0.0000000E+00   0.0000000E+00   0.3400001E-02   0.1400000E-02
   0.1000000E+00   0.5270000E+00   0.0000000E+00   0.0000000E+00   0.4200001E-02   0.1600000E-02
   0.1000000E+00   0.5279999E+00   0.0000000E+00   0.0000000E+00   0.4800002E-02   0.3000000E-02
   0.1000000E+00   0.5290000E+00   0.0000000E+00   0.0000000E+00   0.3800001E-02   0.2200000E-02
   0.1000000E+00   0.5300000E+00   0.0000000E+00   0.0000000E+00   0.3400001E-02   0.1800000E-02
   0.1000000E+00   0.5310000E+00   0.0000000E+00   0.0000000E+00   0.2200000E-02   0.1400000E-02
   0.1000000E+00   0.5319999E+00   0.0000000E+00   0.0000000E+00   0.3800001E-02   0.1600000E-02
   0.1000000E+00   0.5330000E+00   0.0000000E+00   0.0000000E+00   0.3400001E-02   0.1400000E-02
   0.1000000E+00   0.5340000E+00   0.0000000E+00   0.0000000E+00   0.2400000E-02   0.1200000E-02
   0.1000000E+00   0.5350000E+00   0.0000000E+00   0.0000000E+00   0.1600000E-02   0.1200000E-02
   0.1000000E+00   0.5360000E+00   0.0000000E+00   0.0000000E+00   0.2400000E-02   0.1200000E-02
   0.1000000E+00   0.5369999E+00   0.0000000E+00   0.0000000E+00   0.2800000E-02   0.1400000E-02
   0.1000000E+00   0.5380000E+00   0.0000000E+00   0.0000000E+00   0.2000000E-02   0.1000000E-02
   0.1000000E+00   0.5390000E+00   0.0000000E+00   0.0000000E+00   0.1600000E-02   0.6000000E-03
   0.1000000E+00   0.5400000E+00   0.0000000E+00   0.0000000E+00   0.3200001E-02   0.1600000E-02
   0.1000000E+00   0.5409999E+00   0.0000000E+00   0.0000000E+00   0.1800000E-02   0.8000000E-03
   0.1000000E+00   0.5419999E+00   0.0000000E+00   0.0000000E+00   0.2000000E-02   0.1000000E-02
   0.1000000E+00   0.5430000E+00   0.0000000E+00   0.0000000E+00   0.8000000E-03   0.6000000E-03
   0.1000000E+00   0.5440000E+00   0.0000000E+00   0.0000000E+00   0.2000000E-02   0.6000000E-03
   0.1000000E+00   0.5450000E+00   0.0000000E+00   0.0000000E+00   0.1400000E-02   0.6000000E-03
   0.1000000E+00   0.5459999E+00   0.0000000E+00   0.0000000E+00   0.1200000E-02   0.6000000E-03
   0.1000000E+00   0.5470000E+00   0.0000000E+00   0.0000000E+00   0.1400000E-02   0.6000000E-03
   0.1000000E+00   0.5480000E+00   0.0000000E+00   0.0000000E+00   0.1200000E-02   0.6000000E-03
   0.1000000E+00   0.5490000E+00   0.0000000E+00   0.0000000E+00   0.1400000E-02   0.8000000E-03
   0.1000000E+00   0.5500000E+00   0.0000000E+00   0.0000000E+00   0.2000000E-03   0.2000000E-03
   0.1000000E+00   0.5509999E+00   0.0000000E+00   0.0000000E+00   0.1400000E-02   0.8000000E-03
   0.1000000E+00   0.5520000E+00   0.0000000E+00   0.0000000E+00   0.2000000E-02   0.6000000E-03
   0.1000000E+00   0.5530000E+00   0.0000000E+00   0.0000000E+00   0.1200000E-02   0.4000000E-03
   0.1000000E+00   0.5540000E+00   0.0000000E+00   0.0000000E+00   0.1800000E-02   0.8000000E-03
   0.1000000E+00   0.5549999E+00   0.0000000E+00   0.0000000E+00   0.4000000E-03   0.4000000E-03
   0.1000000E+00   0.5559999E+00   0.0000000E+00   0.0000000E+00   0.2000000E-03   0.0000000E+00
   0.1000000E+00   0.5570000E+00   0.0000000E+00   0.0000000E+00   0.6000000E-03   0.2000000E-03
   0.1000000E+00   0.5580000E+00   0.0000000E+00   0.0000000E+00   0.1600000E-02   0.1000000E-02
   0.1000000E+00   0.5590000E+00   0.0000000E+00   0.0000000E+00   0.8000000E-03   0.6000000E-03
   0.1000000E+00   0.5599999E+00   0.0000000E+00   0.0000000E+00   0.1000000E-02   0.4000000E-03
   0.1000000E+00   0.5610000E+00   0.0000000E+00   0.0000000E+00   0.8000000E-03   0.2000000E-03
   0.1000000E+00   0.5620000E+00   0.0000000E+00   0.0000000E+00   0.1000000E-02   0.2000000E-03
   0.1000000E+00   0.5630000E+00   0.0000000E+00   0.0000000E+00   0.6000000E-03   0.2000000E-03
   0.1000000E+00   0.5640000E+00   0.0000000E+00   0.0000000E+00   0.6000000E-03   0.0000000E+00
   0.1000000E+00   0.5649999E+00   0.0000000E+00   0.0000000E+00   0.1000000E-02   0.6000000E-03
   0.1000000E+00   0.5660000E+00   0.0000000E+00   0.0000000E+00   0.8000000E-03   0.2000000E-03
   0.1000000E+00   0.5670000E+00   0.0000000E+00   0.0000000E+00   0.6000000E-03   0.0000000E+00
   0.1000000E+00   0.5680000E+00   0.0000000E+00   0.0000000E+00   0.4000000E-03   0.2000000E-03
   0.1000000E+00   0.5689999E+00   0.0000000E+00   0.0000000E+00   0.6000000E-03   0.4000000E-03
   0.1000000E+00   0.5699999E+00   0.0000000E+00   0.0000000E+00   0.2000000E-03   0.2000000E-03
   0.1000000E+00   0.5710000E+00   0.0000000E+00   0.0000000E+00   0.8000000E-03   0.4000000E-03
   0.1000000E+00   0.5720000E+00   0.0000000E+00   0.0000000E+00   0.1200000E-02   0.6000000E-03
   0.1000000E+00   0.5730000E+00   0.0000000E+00   0.0000000E+00   0.6000000E-03   0.6000000E-03
   0.1000000E+00   0.5739999E+00   0.0000000E+00   0.0000000E+00   0.8000000E-03   0.4000000E-03
   0.1000000E+00   0.5750000E+00   0.0000000E+00   0.0000000E+00   0.4000000E-03   0.2000000E-03
   0.1000000E+00   0.5760000E+00   0.0000000E+00   0.0000000E+00   0.2000000E-03   0.0000000E+00
   0.1000000E+00   0.5770000E+00   0.0000000E+00   0.0000000E+00   0.8000000E-03   0.2000000E-03
   0.1000000E+00   0.5779999E+00   0.0000000E+00   0.0000000E+00   0.6000000E-03   0.2000000E-03
   0.1000000E+00   0.5789999E+00   0.0000000E+00   0.0000000E+00   0.2000000E-03   0.0000000E+00
   0.1000000E+00   0.5800000E+00   0.0000000E+00   0.0000000E+00   0.8000000E-03   0.2000000E-03
   0.1000000E+00   0.5810000E+00   0.0000000E+00   0.0000000E+00   0.6000000E-03   0.6000000E-03
   0.1000000E+00   0.5820000E+00   0.0000000E+00   0.0000000E+00   0.2000000E-03   0.2000000E-03
   0.1000000E+00   0.5829999E+00   0.0000000E+00   0.0000000E+00   0.4000000E-03   0.2000000E-03
   0.1000000E+00   0.5839999E+00   0.0000000E+00   0.0000000E+00   0.0000000E+00   0.0000000E+00
   0.1000000E+00   0.5850000E+00   0.0000000E+00   0.0000000E+00   0.6000000E-03   0.4000000E-03
   0.1000000E+00   0.5860000E+00   0.0000000E+00   0.0000000E+00   0.4000000E-03   0.4000000E-03
   0.1000000E+00   0.5870000E+00   0.0000000E+00   0.0000000E+00   0.4000000E-03   0.4000000E-03
   0.1000000E+00   0.5879999E+00   0.0000000E+00   0.0000000E+00   0.6000000E-03   0.4000000E-03
   0.1000000E+00   0.5890000E+00   0.0000000E+00   0.0000000E+00   0.4000000E-03   0.2000000E-03
   0.1000000E+00   0.5900000E+00   0.0000000E+00   0.0000000E+00   0.0000000E+00   0.0000000E+00
   0.1000000E+00   0.5910000E+00   0.0000000E+00   0.0000000E+00   0.2000000E-03   0.0000000E+00
   0.1000000E+00   0.5919999E+00   0.0000000E+00   0.0000000E+00   0.6000000E-03   0.4000000E-03
   0.1000000E+00   0.5929999E+00   0.0000000E+00   0.0000000E+00   0.2000000E-03   0.0000000E+00
   0.1000000E+00   0.5940000E+00   0.0000000E+00   0.0000000E+00   0.6000000E-03   0.6000000E-03
   0.1000000E+00   0.5950000E+00   0.0000000E+00   0.0000000E+00   0.4000000E-03   0.2000000E-03
   0.1000000E+00   0.5960000E+00   0.0000000E+00   0.0000000E+00   0.0000000E+00   0.0000000E+00
   0.1000000E+00   0.5969999E+00   0.0000000E+00   0.0000000E+00   0.0000000E+00   0.0000000E+00
   0.1000000E+00   0.5979999E+00   0.0000000E+00   0.0000000E+00   0.0000000E+00   0.0000000E+00
   0.1000000E+00   0.5990000E+00   0.0000000E+00   0.0000000E+00   0.0000000E+00   0.0000000E+00
   0.1000000E+00   0.6000000E+00   0.0000000E+00   0.0000000E+00   0.2000000E-03   0.0000000E+00
   0.1000000E+00   0.6010000E+00   0.0000000E+00   0.0000000E+00   0.2000000E-03   0.2000000E-03
   0.1000000E+00   0.6019999E+00   0.0000000E+00   0.0000000E+00   0.0000000E+00   0.0000000E+00
   0.1000000E+00   0.6030000E+00   0.0000000E+00   0.0000000E+00   0.4000000E-03   0.2000000E-03
   0.1000000E+00   0.6040000E+00   0.0000000E+00   0.0000000E+00   0.4000000E-03   0.2000000E-03
   0.1000000E+00   0.6050000E+00   0.0000000E+00   0.0000000E+00   0.2000000E-03   0.2000000E-03
   0.1000000E+00   0.6059999E+00   0.0000000E+00   0.0000000E+00   0.2000000E-03   0.0000000E+00
   0.1000000E+00   0.6069999E+00   0.0000000E+00   0.0000000E+00   0.0000000E+00   0.0000000E+00
   0.1000000E+00   0.6080000E+00   0.0000000E+00   0.0000000E+00   0.2000000E-03   0.0000000E+00
   0.1000000E+00   0.6090000E+00   0.0000000E+00   0.0000000E+00   0.4000000E-03   0.2000000E-03
   0.1000000E+00   0.6100000E+00   0.0000000E+00   0.0000000E+00   0.0000000E+00   0.0000000E+00
   0.1000000E+00   0.6109999E+00   0.0000000E+00   0.0000000E+00   0.0000000E+00   0.0000000E+00
   0.1000000E+00   0.6119999E+00   0.0000000E+00   0.0000000E+00   0.2000000E-03   0.2000000E-03
   0.1000000E+00   0.6130000E+00   0.0000000E+00   0.0000000E+00   0.0000000E+00   0.0000000E+00
   0.1000000E+00   0.6140000E+00   0.0000000E+00   0.0000000E+00   0.0000000E+00   0.0000000E+00
   0.1000000E+00   0.6149999E+00   0.0000000E+00   0.0000000E+00   0.0000000E+00   0.0000000E+00
   0.1000000E+00   0.6159999E+00   0.0000000E+00   0.0000000E+00   0.0000000E+00   0.0000000E+00
   0.1000000E+00   0.6170000E+00   0.0000000E+00   0.0000000E+00   0.4000000E-03   0.2000000E-03
   0.1000000E+00   0.6180000E+00   0.0000000E+00   0.0000000E+00   0.0000000E+00   0.0000000E+00
   0.1000000E+00   0.6190000E+00   0.0000000E+00   0.0000000E+00   0.2000000E-03   0.0000000E+00
   0.1000000E+00   0.6199999E+00   0.0000000E+00   0.0000000E+00   0.0000000E+00   0.0000000E+00
   0.1000000E+00   0.6209999E+00   0.0000000E+00   0.0000000E+00   0.2000000E-03   0.2000000E-03
   0.1000000E+00   0.6220000E+00   0.0000000E+00   0.0000000E+00   0.2000000E-03   0.0000000E+00
   0.1000000E+00   0.6230000E+00   0.0000000E+00   0.0000000E+00   0.0000000E+00   0.0000000E+00
   0.1000000E+00   0.6240000E+00   0.0000000E+00   0.0000000E+00   0.2000000E-03   0.2000000E-03
   0.1000000E+00   0.6249999E+00   0.0000000E+00   0.0000000E+00   0.4000000E-03   0.0000000E+00
   0.1000000E+00   0.6259999E+00   0.0000000E+00   0.0000000E+00   0.0000000E+00   0.0000000E+00
   0.1000000E+00   0.6270000E+00   0.0000000E+00   0.0000000E+00   0.0000000E+00   0.0000000E+00
   0.1000000E+00   0.6280000E+00   0.0000000E+00   0.0000000E+00   0.0000000E+00   0.0000000E+00
   0.1000000E+00   0.6289999E+00   0.0000000E+00   0.0000000E+00   0.0000000E+00   0.0000000E+00
   0.1000000E+00   0.6299999E+00   0.0000000E+00   0.0000000E+00   0.0000000E+00   0.0000000E+00
   0.1000000E+00   0.6310000E+00   0.0000000E+00   0.0000000E+00   0.0000000E+00   0.0000000E+00
   0.1000000E+00   0.6320000E+00   0.0000000E+00   0.0000000E+00   0.0000000E+00   0.0000000E+00
   0.1000000E+00   0.6330000E+00   0.0000000E+00   0.0000000E+00   0.0000000E+00   0.0000000E+00
   0.1000000E+00   0.6339999E+00   0.0000000E+00   0.0000000E+00   0.0000000E+00   0.0000000E+00
   0.1000000E+00   0.6349999E+00   0.0000000E+00   0.0000000E+00   0.2000000E-03   0.2000000E-03
   0.1000000E+00   0.6360000E+00   0.0000000E+00   0.0000000E+00   0.0000000E+00   0.0000000E+00
   0.1000000E+00   0.6370000E+00   0.0000000E+00   0.0000000E+00   0.0000000E+00   0.0000000E+00
   0.1000000E+00   0.6380000E+00   0.0000000E+00   0.0000000E+00   0.0000000E+00   0.0000000E+00
   0.1000000E+00   0.6389999E+00   0.0000000E+00   0.0000000E+00   0.0000000E+00   0.0000000E+00
   0.1000000E+00   0.6399999E+00   0.0000000E+00   0.0000000E+00   0.0000000E+00   0.0000000E+00
   0.1000000E+00   0.6410000E+00   0.0000000E+00   0.0000000E+00   0.0000000E+00   0.0000000E+00
   0.1000000E+00   0.6420000E+00   0.0000000E+00   0.0000000E+00   0.0000000E+00   0.0000000E+00
   0.1000000E+00   0.6429999E+00   0.0000000E+00   0.0000000E+00   0.0000000E+00   0.0000000E+00
   0.1000000E+00   0.6439999E+00   0.0000000E+00   0.0000000E+00   0.0000000E+00   0.0000000E+00
   0.1000000E+00   0.6450000E+00   0.0000000E+00   0.0000000E+00   0.0000000E+00   0.0000000E+00
   0.1000000E+00   0.6460000E+00   0.0000000E+00   0.0000000E+00   0.0000000E+00   0.0000000E+00
   0.1000000E+00   0.6470000E+00   0.0000000E+00   0.0000000E+00   0.0000000E+00   0.0000000E+00
   0.1000000E+00   0.6479999E+00   0.0000000E+00   0.0000000E+00   0.0000000E+00   0.0000000E+00
   0.1000000E+00   0.6489999E+00   0.0000000E+00   0.0000000E+00   0.0000000E+00   0.0000000E+00
   0.1000000E+00   0.6500000E+00   0.0000000E+00   0.0000000E+00   0.0000000E+00   0.0000000E+00
   0.1000000E+00   0.6510000E+00   0.0000000E+00   0.0000000E+00   0.0000000E+00   0.0000000E+00
   0.1000000E+00   0.6520000E+00   0.0000000E+00   0.0000000E+00   0.0000000E+00   0.0000000E+00
   0.1000000E+00   0.6529999E+00   0.0000000E+00   0.0000000E+00   0.0000000E+00   0.0000000E+00
   0.1000000E+00   0.6540000E+00   0.0000000E+00   0.0000000E+00   0.0000000E+00   0.0000000E+00
   0.1000000E+00   0.6550000E+00   0.0000000E+00   0.0000000E+00   0.0000000E+00   0.0000000E+00
   0.1000000E+00   0.6560000E+00   0.0000000E+00   0.0000000E+00   0.0000000E+00   0.0000000E+00
   0.1000000E+00   0.6569999E+00   0.0000000E+00   0.0000000E+00   0.0000000E+00   0.0000000E+00
   0.1000000E+00   0.6579999E+00   0.0000000E+00   0.0000000E+00   0.0000000E+00   0.0000000E+00
   0.1000000E+00   0.6590000E+00   0.0000000E+00   0.0000000E+00   0.0000000E+00   0.0000000E+00
   0.1000000E+00   0.6600000E+00   0.0000000E+00   0.0000000E+00   0.0000000E+00   0.0000000E+00
   0.1000000E+00   0.6610000E+00   0.0000000E+00   0.0000000E+00   0.0000000E+00   0.0000000E+00
   0.1000000E+00   0.6619999E+00   0.0000000E+00   0.0000000E+00   0.0000000E+00   0.0000000E+00
   0.1000000E+00   0.6629999E+00   0.0000000E+00   0.0000000E+00   0.0000000E+00   0.0000000E+00
   0.1000000E+00   0.6640000E+00   0.0000000E+00   0.0000000E+00   0.0000000E+00   0.0000000E+00
   0.1000000E+00   0.6650000E+00   0.0000000E+00   0.0000000E+00   0.0000000E+00   0.0000000E+00
   0.1000000E+00   0.6659999E+00   0.0000000E+00   0.0000000E+00   0.0000000E+00   0.0000000E+00
   0.1000000E+00   0.6669999E+00   0.0000000E+00   0.0000000E+00   0.0000000E+00   0.0000000E+00
   0.1000000E+00   0.6680000E+00   0.0000000E+00   0.0000000E+00   0.0000000E+00   0.0000000E+00
   0.1000000E+00   0.6690000E+00   0.0000000E+00   0.0000000E+00   0.0000000E+00   0.0000000E+00
   0.1000000E+00   0.6700000E+00   0.0000000E+00   0.0000000E+00   0.0000000E+00   0.0000000E+00
   0.1000000E+00   0.6709999E+00   0.0000000E+00   0.0000000E+00   0.0000000E+00   0.0000000E+00
   0.1000000E+00   0.6719999E+00   0.0000000E+00   0.0000000E+00   0.0000000E+00   0.0000000E+00
   0.1000000E+00   0.6730000E+00   0.0000000E+00   0.0000000E+00   0.0000000E+00   0.0000000E+00
   0.1000000E+00   0.6740000E+00   0.0000000E+00   0.0000000E+00   0.0000000E+00   0.0000000E+00
   0.1000000E+00   0.6750000E+00   0.0000000E+00   0.0000000E+00   0.0000000E+00   0.0000000E+00
   0.1000000E+00   0.6759999E+00   0.0000000E+00   0.0000000E+00   0.0000000E+00   0.0000000E+00
   0.1000000E+00   0.6769999E+00   0.0000000E+00   0.0000000E+00   0.0000000E+00   0.0000000E+00
   0.1000000E+00   0.6780000E+00   0.0000000E+00   0.0000000E+00   0.0000000E+00   0.0000000E+00
   0.1000000E+00   0.6790000E+00   0.0000000E+00   0.0000000E+00   0.0000000E+00   0.0000000E+00
   0.1000000E+00   0.6799999E+00   0.0000000E+00   0.0000000E+00   0.0000000E+00   0.0000000E+00
   0.1000000E+00   0.6809999E+00   0.0000000E+00   0.0000000E+00   0.0000000E+00   0.0000000E+00
   0.1000000E+00   0.6820000E+00   0.0000000E+00   0.0000000E+00   0.0000000E+00   0.0000000E+00
   0.1000000E+00   0.6830000E+00   0.0000000E+00   0.0000000E+00   0.0000000E+00   0.0000000E+00
   0.1000000E+00   0.6840000E+00   0.0000000E+00   0.0000000E+00   0.0000000E+00   0.0000000E+00
   0.1000000E+00   0.6849999E+00   0.0000000E+00   0.0000000E+00   0.0000000E+00   0.0000000E+00
   0.1000000E+00   0.6859999E+00   0.0000000E+00   0.0000000E+00   0.0000000E+00   0.0000000E+00
   0.1000000E+00   0.6870000E+00   0.0000000E+00   0.0000000E+00   0.0000000E+00   0.0000000E+00
   0.1000000E+00   0.6880000E+00   0.0000000E+00   0.0000000E+00   0.0000000E+00   0.0000000E+00
   0.1000000E+00   0.6890000E+00   0.0000000E+00   0.0000000E+00   0.0000000E+00   0.0000000E+00
   0.1000000E+00   0.6899999E+00   0.0000000E+00   0.0000000E+00   0.0000000E+00   0.0000000E+00
   0.1000000E+00   0.6909999E+00   0.0000000E+00   0.0000000E+00   0.0000000E+00   0.0000000E+00
   0.1000000E+00   0.6920000E+00   0.0000000E+00   0.0000000E+00   0.0000000E+00   0.0000000E+00
   0.1000000E+00   0.6930000E+00   0.0000000E+00   0.0000000E+00   0.0000000E+00   0.0000000E+00
   0.1000000E+00   0.6939999E+00   0.0000000E+00   0.0000000E+00   0.0000000E+00   0.0000000E+00
   0.1000000E+00   0.6949999E+00   0.0000000E+00   0.0000000E+00   0.0000000E+00   0.0000000E+00
   0.1000000E+00   0.6960000E+00   0.0000000E+00   0.0000000E+00   0.0000000E+00   0.0000000E+00
   0.1000000E+00   0.6970000E+00   0.0000000E+00   0.0000000E+00   0.0000000E+00   0.0000000E+00
   0.1000000E+00   0.6980000E+00   0.0000000E+00   0.0000000E+00   0.0000000E+00   0.0000000E+00
   0.1000000E+00   0.6989999E+00   0.0000000E+00   0.0000000E+00   0.0000000E+00   0.0000000E+00
   0.1000000E+00   0.6999999E+00   0.0000000E+00   0.0000000E+00   0.0000000E+00   0.0000000E+00
   0.1000000E+00   0.7010000E+00   0.0000000E+00   0.0000000E+00   0.0000000E+00   0.0000000E+00
   0.1000000E+00   0.7020000E+00   0.0000000E+00   0.0000000E+00   0.0000000E+00   0.0000000E+00
   0.1000000E+00   0.7029999E+00   0.0000000E+00   0.0000000E+00   0.0000000E+00   0.0000000E+00
   0.1000000E+00   0.7039999E+00   0.0000000E+00   0.0000000E+00   0.0000000E+00   0.0000000E+00
   0.1000000E+00   0.7049999E+00   0.0000000E+00   0.0000000E+00   0.0000000E+00   0.0000000E+00
   0.1000000E+00   0.7060000E+00   0.0000000E+00   0.0000000E+00   0.0000000E+00   0.0000000E+00
   0.1000000E+00   0.7070000E+00   0.0000000E+00   0.0000000E+00   0.0000000E+00   0.0000000E+00
   0.1000000E+00   0.7079999E+00   0.0000000E+00   0.0000000E+00   0.0000000E+00   0.0000000E+00
   0.1000000E+00   0.7089999E+00   0.0000000E+00   0.0000000E+00   0.0000000E+00   0.0000000E+00
   0.1000000E+00   0.7100000E+00   0.0000000E+00   0.0000000E+00   0.0000000E+00   0.0000000E+00
   0.1000000E+00   0.7110000E+00   0.0000000E+00   0.0000000E+00   0.0000000E+00   0.0000000E+00
   0.1000000E+00   0.7120000E+00   0.0000000E+00   0.0000000E+00   0.0000000E+00   0.0000000E+00
   0.1000000E+00   0.7129999E+00   0.0000000E+00   0.0000000E+00   0.0000000E+00   0.0000000E+00
   0.1000000E+00   0.7139999E+00   0.0000000E+00   0.0000000E+00   0.0000000E+00   0.0000000E+00
   0.1000000E+00   0.7150000E+00   0.0000000E+00   0.0000000E+00   0.0000000E+00   0.0000000E+00
   0.1000000E+00   0.7160000E+00   0.0000000E+00   0.0000000E+00   0.0000000E+00   0.0000000E+00
   0.1000000E+00   0.7169999E+00   0.0000000E+00   0.0000000E+00   0.0000000E+00   0.0000000E+00
   0.1000000E+00   0.7179999E+00   0.0000000E+00   0.0000000E+00   0.0000000E+00   0.0000000E+00
   0.1000000E+00   0.7189999E+00   0.0000000E+00   0.0000000E+00   0.0000000E+00   0.0000000E+00
   0.1000000E+00   0.7200000E+00   0.0000000E+00   0.0000000E+00   0.0000000E+00   0.0000000E+00
   0.1000000E+00   0.7210000E+00   0.0000000E+00   0.0000000E+00   0.0000000E+00   0.0000000E+00
   0.1000000E+00   0.7219999E+00   0.0000000E+00   0.0000000E+00   0.0000000E+00   0.0000000E+00
   0.1000000E+00   0.7229999E+00   0.0000000E+00   0.0000000E+00   0.0000000E+00   0.0000000E+00
   0.1000000E+00   0.7240000E+00   0.0000000E+00   0.0000000E+00   0.0000000E+00   0.0000000E+00
   0.1000000E+00   0.7250000E+00   0.0000000E+00   0.0000000E+00   0.0000000E+00   0.0000000E+00
   0.1000000E+00   0.7260000E+00   0.0000000E+00   0.0000000E+00   0.0000000E+00   0.0000000E+00
   0.1000000E+00   0.7269999E+00   0.0000000E+00   0.0000000E+00   0.0000000E+00   0.0000000E+00
   0.1000000E+00   0.7279999E+00   0.0000000E+00   0.0000000E+00   0.0000000E+00   0.0000000E+00
   0.1000000E+00   0.7290000E+00   0.0000000E+00   0.0000000E+00   0.0000000E+00   0.0000000E+00
   0.1000000E+00   0.7300000E+00   0.0000000E+00   0.0000000E+00   0.0000000E+00   0.0000000E+00
   0.1000000E+00   0.7309999E+00   0.0000000E+00   0.0000000E+00   0.0000000E+00   0.0000000E+00
   0.1000000E+00   0.7319999E+00   0.0000000E+00   0.0000000E+00   0.0000000E+00   0.0000000E+00
   0.1000000E+00   0.7329999E+00   0.0000000E+00   0.0000000E+00   0.0000000E+00   0.0000000E+00
   0.1000000E+00   0.7340000E+00   0.0000000E+00   0.0000000E+00   0.0000000E+00   0.0000000E+00
   0.1000000E+00   0.7350000E+00   0.0000000E+00   0.0000000E+00   0.0000000E+00   0.0000000E+00
   0.1000000E+00   0.7359999E+00   0.0000000E+00   0.0000000E+00   0.0000000E+00   0.0000000E+00
   0.1000000E+00   0.7369999E+00   0.0000000E+00   0.0000000E+00   0.0000000E+00   0.0000000E+00
   0.1000000E+00   0.7380000E+00   0.0000000E+00   0.0000000E+00   0.0000000E+00   0.0000000E+00
   0.1000000E+00   0.7390000E+00   0.0000000E+00   0.0000000E+00   0.0000000E+00   0.0000000E+00
   0.1000000E+00   0.7399999E+00   0.0000000E+00   0.0000000E+00   0.0000000E+00   0.0000000E+00
   0.1000000E+00   0.7409999E+00   0.0000000E+00   0.0000000E+00   0.0000000E+00   0.0000000E+00
   0.1000000E+00   0.7419999E+00   0.0000000E+00   0.0000000E+00   0.0000000E+00   0.0000000E+00
   0.1000000E+00   0.7430000E+00   0.0000000E+00   0.0000000E+00   0.0000000E+00   0.0000000E+00
   0.1000000E+00   0.7440000E+00   0.0000000E+00   0.0000000E+00   0.0000000E+00   0.0000000E+00
   0.1000000E+00   0.7449999E+00   0.0000000E+00   0.0000000E+00   0.0000000E+00   0.0000000E+00
   0.1000000E+00   0.7459999E+00   0.0000000E+00   0.0000000E+00   0.0000000E+00   0.0000000E+00
   0.1000000E+00   0.7469999E+00   0.0000000E+00   0.0000000E+00   0.0000000E+00   0.0000000E+00
   0.1000000E+00   0.7480000E+00   0.0000000E+00   0.0000000E+00   0.0000000E+00   0.0000000E+00
   0.1000000E+00   0.7490000E+00   0.0000000E+00   0.0000000E+00   0.0000000E+00   0.0000000E+00
   0.1000000E+00   0.7499999E+00   0.0000000E+00   0.0000000E+00   0.0000000E+00   0.0000000E+00
   0.1000000E+00   0.7509999E+00   0.0000000E+00   0.0000000E+00   0.0000000E+00   0.0000000E+00
   0.1000000E+00   0.7520000E+00   0.0000000E+00   0.0000000E+00   0.0000000E+00   0.0000000E+00
   0.1000000E+00   0.7530000E+00   0.0000000E+00   0.0000000E+00   0.0000000E+00   0.0000000E+00
   0.1000000E+00   0.7539999E+00   0.0000000E+00   0.0000000E+00   0.0000000E+00   0.0000000E+00
   0.1000000E+00   0.7549999E+00   0.0000000E+00   0.0000000E+00   0.0000000E+00   0.0000000E+00
   0.1000000E+00   0.7559999E+00   0.0000000E+00   0.0000000E+00   0.0000000E+00   0.0000000E+00
   0.1000000E+00   0.7570000E+00   0.0000000E+00   0.0000000E+00   0.0000000E+00   0.0000000E+00
   0.1000000E+00   0.7580000E+00   0.0000000E+00   0.0000000E+00   0.0000000E+00   0.0000000E+00
   0.1000000E+00   0.7589999E+00   0.0000000E+00   0.0000000E+00   0.0000000E+00   0.0000000E+00
   0.1000000E+00   0.7599999E+00   0.0000000E+00   0.0000000E+00   0.0000000E+00   0.0000000E+00
   0.1000000E+00   0.7609999E+00   0.0000000E+00   0.0000000E+00   0.0000000E+00   0.0000000E+00
   0.1000000E+00   0.7620000E+00   0.0000000E+00   0.0000000E+00   0.0000000E+00   0.0000000E+00
   0.1000000E+00   0.7630000E+00   0.0000000E+00   0.0000000E+00   0.0000000E+00   0.0000000E+00
   0.1000000E+00   0.7639999E+00   0.0000000E+00   0.0000000E+00   0.0000000E+00   0.0000000E+00
   0.1000000E+00   0.7649999E+00   0.0000000E+00   0.0000000E+00   0.0000000E+00   0.0000000E+00
   0.1000000E+00   0.7660000E+00   0.0000000E+00   0.0000000E+00   0.0000000E+00   0.0000000E+00
   0.1000000E+00   0.7670000E+00   0.0000000E+00   0.0000000E+00   0.0000000E+00   0.0000000E+00
   0.1000000E+00   0.7679999E+00   0.0000000E+00   0.0000000E+00   0.0000000E+00   0.0000000E+00
   0.1000000E+00   0.7689999E+00   0.0000000E+00   0.0000000E+00   0.0000000E+00   0.0000000E+00
   0.1000000E+00   0.7699999E+00   0.0000000E+00   0.0000000E+00   0.0000000E+00   0.0000000E+00
   0.1000000E+00   0.7710000E+00   0.0000000E+00   0.0000000E+00   0.0000000E+00   0.0000000E+00
   0.1000000E+00   0.7720000E+00   0.0000000E+00   0.0000000E+00   0.0000000E+00   0.0000000E+00
   0.1000000E+00   0.7729999E+00   0.0000000E+00   0.0000000E+00   0.0000000E+00   0.0000000E+00
   0.1000000E+00   0.7739999E+00   0.0000000E+00   0.0000000E+00   0.0000000E+00   0.0000000E+00
   0.1000000E+00   0.7750000E+00   0.0000000E+00   0.0000000E+00   0.0000000E+00   0.0000000E+00
   0.1000000E+00   0.7760000E+00   0.0000000E+00   0.0000000E+00   0.0000000E+00   0.0000000E+00
   0.1000000E+00   0.7770000E+00   0.0000000E+00   0.0000000E+00   0.0000000E+00   0.0000000E+00
   0.1000000E+00   0.7779999E+00   0.0000000E+00   0.0000000E+00   0.0000000E+00   0.0000000E+00
   0.1000000E+00   0.7789999E+00   0.0000000E+00   0.0000000E+00   0.0000000E+00   0.0000000E+00
   0.1000000E+00   0.7800000E+00   0.0000000E+00   0.0000000E+00   0.0000000E+00   0.0000000E+00
   0.1000000E+00   0.7810000E+00   0.0000000E+00   0.0000000E+00   0.0000000E+00   0.0000000E+00
   0.1000000E+00   0.7819999E+00   0.0000000E+00   0.0000000E+00   0.0000000E+00   0.0000000E+00
   0.1000000E+00   0.7829999E+00   0.0000000E+00   0.0000000E+00   0.0000000E+00   0.0000000E+00
   0.1000000E+00   0.7839999E+00   0.0000000E+00   0.0000000E+00   0.0000000E+00   0.0000000E+00
   0.1000000E+00   0.7850000E+00   0.0000000E+00   0.0000000E+00   0.0000000E+00   0.0000000E+00
   0.1000000E+00   0.7860000E+00   0.0000000E+00   0.0000000E+00   0.0000000E+00   0.0000000E+00
   0.1000000E+00   0.7869999E+00   0.0000000E+00   0.0000000E+00   0.0000000E+00   0.0000000E+00
   0.1000000E+00   0.7879999E+00   0.0000000E+00   0.0000000E+00   0.0000000E+00   0.0000000E+00
   0.1000000E+00   0.7890000E+00   0.0000000E+00   0.0000000E+00   0.0000000E+00   0.0000000E+00
   0.1000000E+00   0.7900000E+00   0.0000000E+00   0.0000000E+00   0.0000000E+00   0.0000000E+00
   0.1000000E+00   0.7909999E+00   0.0000000E+00   0.0000000E+00   0.0000000E+00   0.0000000E+00
   0.1000000E+00   0.7919999E+00   0.0000000E+00   0.0000000E+00   0.0000000E+00   0.0000000E+00
   0.1000000E+00   0.7929999E+00   0.0000000E+00   0.0000000E+00   0.0000000E+00   0.0000000E+00
   0.1000000E+00   0.7940000E+00   0.0000000E+00   0.0000000E+00   0.0000000E+00   0.0000000E+00
   0.1000000E+00   0.7950000E+00   0.0000000E+00   0.0000000E+00   0.0000000E+00   0.0000000E+00
   0.1000000E+00   0.7959999E+00   0.0000000E+00   0.0000000E+00   0.0000000E+00   0.0000000E+00
   0.1000000E+00   0.7969999E+00   0.0000000E+00   0.0000000E+00   0.0000000E+00   0.0000000E+00
   0.1000000E+00   0.7979999E+00   0.0000000E+00   0.0000000E+00   0.0000000E+00   0.0000000E+00
   0.1000000E+00   0.7990000E+00   0.0000000E+00   0.0000000E+00   0.0000000E+00   0.0000000E+00
   0.1000000E+00   0.8000000E+00   0.0000000E+00   0.0000000E+00   0.0000000E+00   0.0000000E+00
   0.1000000E+00   0.8009999E+00   0.0000000E+00   0.0000000E+00   0.0000000E+00   0.0000000E+00
   0.1000000E+00   0.8019999E+00   0.0000000E+00   0.0000000E+00   0.0000000E+00   0.0000000E+00
   0.1000000E+00   0.8030000E+00   0.0000000E+00   0.0000000E+00   0.0000000E+00   0.0000000E+00
   0.1000000E+00   0.8040000E+00   0.0000000E+00   0.0000000E+00   0.0000000E+00   0.0000000E+00
   0.1000000E+00   0.8049999E+00   0.0000000E+00   0.0000000E+00   0.0000000E+00   0.0000000E+00
   0.1000000E+00   0.8059999E+00   0.0000000E+00   0.0000000E+00   0.0000000E+00   0.0000000E+00
   0.1000000E+00   0.8069999E+00   0.0000000E+00   0.0000000E+00   0.0000000E+00   0.0000000E+00
   0.1000000E+00   0.8080000E+00   0.0000000E+00   0.0000000E+00   0.0000000E+00   0.0000000E+00
   0.1000000E+00   0.8090000E+00   0.0000000E+00   0.0000000E+00   0.0000000E+00   0.0000000E+00
   0.1000000E+00   0.8099999E+00   0.0000000E+00   0.0000000E+00   0.0000000E+00   0.0000000E+00
   0.1000000E+00   0.8109999E+00   0.0000000E+00   0.0000000E+00   0.0000000E+00   0.0000000E+00
   0.1000000E+00   0.8119999E+00   0.0000000E+00   0.0000000E+00   0.0000000E+00   0.0000000E+00
   0.1000000E+00   0.8130000E+00   0.0000000E+00   0.0000000E+00   0.0000000E+00   0.0000000E+00
   0.1000000E+00   0.8140000E+00   0.0000000E+00   0.0000000E+00   0.0000000E+00   0.0000000E+00
   0.1000000E+00   0.8149999E+00   0.0000000E+00   0.0000000E+00   0.0000000E+00   0.0000000E+00
   0.1000000E+00   0.8159999E+00   0.0000000E+00   0.0000000E+00   0.0000000E+00   0.0000000E+00
   0.1000000E+00   0.8170000E+00   0.0000000E+00   0.0000000E+00   0.0000000E+00   0.0000000E+00
   0.1000000E+00   0.8180000E+00   0.0000000E+00   0.0000000E+00   0.0000000E+00   0.0000000E+00
   0.1000000E+00   0.8189999E+00   0.0000000E+00   0.0000000E+00   0.0000000E+00   0.0000000E+00
   0.1000000E+00   0.8199999E+00   0.0000000E+00   0.0000000E+00   0.0000000E+00   0.0000000E+00
   0.1000000E+00   0.8209999E+00   0.0000000E+00   0.0000000E+00   0.0000000E+00   0.0000000E+00
   0.1000000E+00   0.8220000E+00   0.0000000E+00   0.0000000E+00   0.0000000E+00   0.0000000E+00
   0.1000000E+00   0.8230000E+00   0.0000000E+00   0.0000000E+00   0.0000000E+00   0.0000000E+00
   0.1000000E+00   0.8239999E+00   0.0000000E+00   0.0000000E+00   0.0000000E+00   0.0000000E+00
   0.1000000E+00   0.8249999E+00   0.0000000E+00   0.0000000E+00   0.0000000E+00   0.0000000E+00
   0.1000000E+00   0.8259999E+00   0.0000000E+00   0.0000000E+00   0.0000000E+00   0.0000000E+00
   0.1000000E+00   0.8270000E+00   0.0000000E+00   0.0000000E+00   0.0000000E+00   0.0000000E+00
   0.1000000E+00   0.8279999E+00   0.0000000E+00   0.0000000E+00   0.0000000E+00   0.0000000E+00
   0.1000000E+00   0.8289999E+00   0.0000000E+00   0.0000000E+00   0.0000000E+00   0.0000000E+00
   0.1000000E+00   0.8299999E+00   0.0000000E+00   0.0000000E+00   0.0000000E+00   0.0000000E+00
   0.1000000E+00   0.8310000E+00   0.0000000E+00   0.0000000E+00   0.0000000E+00   0.0000000E+00
   0.1000000E+00   0.8320000E+00   0.0000000E+00   0.0000000E+00   0.0000000E+00   0.0000000E+00
   0.1000000E+00   0.8329999E+00   0.0000000E+00   0.0000000E+00   0.0000000E+00   0.0000000E+00
   0.1000000E+00   0.8339999E+00   0.0000000E+00   0.0000000E+00   0.0000000E+00   0.0000000E+00
   0.1000000E+00   0.8349999E+00   0.0000000E+00   0.0000000E+00   0.0000000E+00   0.0000000E+00
   0.1000000E+00   0.8360000E+00   0.0000000E+00   0.0000000E+00   0.0000000E+00   0.0000000E+00
   0.1000000E+00   0.8370000E+00   0.0000000E+00   0.0000000E+00   0.0000000E+00   0.0000000E+00
   0.1000000E+00   0.8379999E+00   0.0000000E+00   0.0000000E+00   0.0000000E+00   0.0000000E+00
   0.1000000E+00   0.8389999E+00   0.0000000E+00   0.0000000E+00   0.0000000E+00   0.0000000E+00
   0.1000000E+00   0.8399999E+00   0.0000000E+00   0.0000000E+00   0.0000000E+00   0.0000000E+00
   0.1000000E+00   0.8410000E+00   0.0000000E+00   0.0000000E+00   0.0000000E+00   0.0000000E+00
   0.1000000E+00   0.8419999E+00   0.0000000E+00   0.0000000E+00   0.0000000E+00   0.0000000E+00
   0.1000000E+00   0.8429999E+00   0.0000000E+00   0.0000000E+00   0.0000000E+00   0.0000000E+00
   0.1000000E+00   0.8439999E+00   0.0000000E+00   0.0000000E+00   0.0000000E+00   0.0000000E+00
   0.1000000E+00   0.8450000E+00   0.0000000E+00   0.0000000E+00   0.0000000E+00   0.0000000E+00
   0.1000000E+00   0.8460000E+00   0.0000000E+00   0.0000000E+00   0.0000000E+00   0.0000000E+00
   0.1000000E+00   0.8469999E+00   0.0000000E+00   0.0000000E+00   0.0000000E+00   0.0000000E+00
   0.1000000E+00   0.8479999E+00   0.0000000E+00   0.0000000E+00   0.0000000E+00   0.0000000E+00
   0.1000000E+00   0.8489999E+00   0.0000000E+00   0.0000000E+00   0.0000000E+00   0.0000000E+00
   0.1000000E+00   0.8500000E+00   0.0000000E+00   0.0000000E+00   0.0000000E+00   0.0000000E+00
   0.1000000E+00   0.8510000E+00   0.0000000E+00   0.0000000E+00   0.0000000E+00   0.0000000E+00
   0.1000000E+00   0.8519999E+00   0.0000000E+00   0.0000000E+00   0.0000000E+00   0.0000000E+00
   0.1000000E+00   0.8529999E+00   0.0000000E+00   0.0000000E+00   0.0000000E+00   0.0000000E+00
   0.1000000E+00   0.8539999E+00   0.0000000E+00   0.0000000E+00   0.0000000E+00   0.0000000E+00
   0.1000000E+00   0.8550000E+00   0.0000000E+00   0.0000000E+00   0.0000000E+00   0.0000000E+00
   0.1000000E+00   0.8559999E+00   0.0000000E+00   0.0000000E+00   0.0000000E+00   0.0000000E+00
   0.1000000E+00   0.8569999E+00   0.0000000E+00   0.0000000E+00   0.0000000E+00   0.0000000E+00
   0.1000000E+00   0.8579999E+00   0.0000000E+00   0.0000000E+00   0.0000000E+00   0.0000000E+00
   0.1000000E+00   0.8590000E+00   0.0000000E+00   0.0000000E+00   0.0000000E+00   0.0000000E+00
   0.1000000E+00   0.8600000E+00   0.0000000E+00   0.0000000E+00   0.0000000E+00   0.0000000E+00
   0.1000000E+00   0.8609999E+00   0.0000000E+00   0.0000000E+00   0.0000000E+00   0.0000000E+00
   0.1000000E+00   0.8619999E+00   0.0000000E+00   0.0000000E+00   0.0000000E+00   0.0000000E+00
   0.1000000E+00   0.8629999E+00   0.0000000E+00   0.0000000E+00   0.0000000E+00   0.0000000E+00
   0.1000000E+00   0.8640000E+00   0.0000000E+00   0.0000000E+00   0.0000000E+00   0.0000000E+00
   0.1000000E+00   0.8649999E+00   0.0000000E+00   0.0000000E+00   0.0000000E+00   0.0000000E+00
   0.1000000E+00   0.8659999E+00   0.0000000E+00   0.0000000E+00   0.0000000E+00   0.0000000E+00
   0.1000000E+00   0.8669999E+00   0.0000000E+00   0.0000000E+00   0.0000000E+00   0.0000000E+00
   0.1000000E+00   0.8679999E+00   0.0000000E+00   0.0000000E+00   0.0000000E+00   0.0000000E+00
   0.1000000E+00   0.8690000E+00   0.0000000E+00   0.0000000E+00   0.0000000E+00   0.0000000E+00
   0.1000000E+00   0.8699999E+00   0.0000000E+00   0.0000000E+00   0.0000000E+00   0.0000000E+00
   0.1000000E+00   0.8709999E+00   0.0000000E+00   0.0000000E+00   0.0000000E+00   0.0000000E+00
   0.1000000E+00   0.8719999E+00   0.0000000E+00   0.0000000E+00   0.0000000E+00   0.0000000E+00
   0.1000000E+00   0.8730000E+00   0.0000000E+00   0.0000000E+00   0.0000000E+00   0.0000000E+00
   0.1000000E+00   0.8740000E+00   0.0000000E+00   0.0000000E+00   0.0000000E+00   0.0000000E+00
   0.1000000E+00   0.8749999E+00   0.0000000E+00   0.0000000E+00   0.0000000E+00   0.0000000E+00
   0.1000000E+00   0.8759999E+00   0.0000000E+00   0.0000000E+00   0.0000000E+00   0.0000000E+00
   0.1000000E+00   0.8769999E+00   0.0000000E+00   0.0000000E+00   0.0000000E+00   0.0000000E+00
   0.1000000E+00   0.8780000E+00   0.0000000E+00   0.0000000E+00   0.0000000E+00   0.0000000E+00
   0.1000000E+00   0.8789999E+00   0.0000000E+00   0.0000000E+00   0.0000000E+00   0.0000000E+00
   0.1000000E+00   0.8799999E+00   0.0000000E+00   0.0000000E+00   0.0000000E+00   0.0000000E+00
   0.1000000E+00   0.8809999E+00   0.0000000E+00   0.0000000E+00   0.0000000E+00   0.0000000E+00
   0.1000000E+00   0.8819999E+00   0.0000000E+00   0.0000000E+00   0.0000000E+00   0.0000000E+00
   0.1000000E+00   0.8830000E+00   0.0000000E+00   0.0000000E+00   0.0000000E+00   0.0000000E+00
   0.1000000E+00   0.8839999E+00   0.0000000E+00   0.0000000E+00   0.0000000E+00   0.0000000E+00
   0.1000000E+00   0.8849999E+00   0.0000000E+00   0.0000000E+00   0.0000000E+00   0.0000000E+00
   0.1000000E+00   0.8859999E+00   0.0000000E+00   0.0000000E+00   0.0000000E+00   0.0000000E+00
   0.1000000E+00   0.8870000E+00   0.0000000E+00   0.0000000E+00   0.0000000E+00   0.0000000E+00
   0.1000000E+00   0.8880000E+00   0.0000000E+00   0.0000000E+00   0.0000000E+00   0.0000000E+00
   0.1000000E+00   0.8889999E+00   0.0000000E+00   0.0000000E+00   0.0000000E+00   0.0000000E+00
   0.1000000E+00   0.8899999E+00   0.0000000E+00   0.0000000E+00   0.0000000E+00   0.0000000E+00
   0.1000000E+00   0.8909999E+00   0.0000000E+00   0.0000000E+00   0.0000000E+00   0.0000000E+00
   0.1000000E+00   0.8920000E+00   0.0000000E+00   0.0000000E+00   0.0000000E+00   0.0000000E+00
   0.1000000E+00   0.8929999E+00   0.0000000E+00   0.0000000E+00   0.0000000E+00   0.0000000E+00
   0.1000000E+00   0.8939999E+00   0.0000000E+00   0.0000000E+00   0.0000000E+00   0.0000000E+00
   0.1000000E+00   0.8949999E+00   0.0000000E+00   0.0000000E+00   0.0000000E+00   0.0000000E+00
   0.1000000E+00   0.8959999E+00   0.0000000E+00   0.0000000E+00   0.0000000E+00   0.0000000E+00
   0.1000000E+00   0.8970000E+00   0.0000000E+00   0.0000000E+00   0.0000000E+00   0.0000000E+00
   0.1000000E+00   0.8979999E+00   0.0000000E+00   0.0000000E+00   0.0000000E+00   0.0000000E+00
   0.1000000E+00   0.8989999E+00   0.0000000E+00   0.0000000E+00   0.0000000E+00   0.0000000E+00
   0.1000000E+00   0.8999999E+00   0.0000000E+00   0.0000000E+00   0.0000000E+00   0.0000000E+00
   0.1000000E+00   0.9010000E+00   0.0000000E+00   0.0000000E+00   0.0000000E+00   0.0000000E+00
   0.1000000E+00   0.9020000E+00   0.0000000E+00   0.0000000E+00   0.0000000E+00   0.0000000E+00
   0.1000000E+00   0.9029999E+00   0.0000000E+00   0.0000000E+00   0.0000000E+00   0.0000000E+00
   0.1000000E+00   0.9039999E+00   0.0000000E+00   0.0000000E+00   0.0000000E+00   0.0000000E+00
   0.1000000E+00   0.9049999E+00   0.0000000E+00   0.0000000E+00   0.0000000E+00   0.0000000E+00
   0.1000000E+00   0.9060000E+00   0.0000000E+00   0.0000000E+00   0.0000000E+00   0.0000000E+00
   0.1000000E+00   0.9069999E+00   0.0000000E+00   0.0000000E+00   0.0000000E+00   0.0000000E+00
   0.1000000E+00   0.9079999E+00   0.0000000E+00   0.0000000E+00   0.0000000E+00   0.0000000E+00
   0.1000000E+00   0.9089999E+00   0.0000000E+00   0.0000000E+00   0.0000000E+00   0.0000000E+00
   0.1000000E+00   0.9100000E+00   0.0000000E+00   0.0000000E+00   0.0000000E+00   0.0000000E+00
   0.1000000E+00   0.9110000E+00   0.0000000E+00   0.0000000E+00   0.0000000E+00   0.0000000E+00
   0.1000000E+00   0.9119999E+00   0.0000000E+00   0.0000000E+00   0.0000000E+00   0.0000000E+00
   0.1000000E+00   0.9129999E+00   0.0000000E+00   0.0000000E+00   0.0000000E+00   0.0000000E+00
   0.1000000E+00   0.9139999E+00   0.0000000E+00   0.0000000E+00   0.0000000E+00   0.0000000E+00
   0.1000000E+00   0.9150000E+00   0.0000000E+00   0.0000000E+00   0.0000000E+00   0.0000000E+00
   0.1000000E+00   0.9159999E+00   0.0000000E+00   0.0000000E+00   0.0000000E+00   0.0000000E+00
   0.1000000E+00   0.9169999E+00   0.0000000E+00   0.0000000E+00   0.0000000E+00   0.0000000E+00
   0.1000000E+00   0.9179999E+00   0.0000000E+00   0.0000000E+00   0.0000000E+00   0.0000000E+00
   0.1000000E+00   0.9189999E+00   0.0000000E+00   0.0000000E+00   0.0000000E+00   0.0000000E+00
   0.1000000E+00   0.9200000E+00   0.0000000E+00   0.0000000E+00   0.0000000E+00   0.0000000E+00
   0.1000000E+00   0.9209999E+00   0.0000000E+00   0.0000000E+00   0.0000000E+00   0.0000000E+00
   0.1000000E+00   0.9219999E+00   0.0000000E+00   0.0000000E+00   0.0000000E+00   0.0000000E+00
   0.1000000E+00   0.9229999E+00   0.0000000E+00   0.0000000E+00   0.0000000E+00   0.0000000E+00
   0.1000000E+00   0.9240000E+00   0.0000000E+00   0.0000000E+00   0.0000000E+00   0.0000000E+00
   0.1000000E+00   0.9250000E+00   0.0000000E+00   0.0000000E+00   0.0000000E+00   0.0000000E+00
   0.1000000E+00   0.9259999E+00   0.0000000E+00   0.0000000E+00   0.0000000E+00   0.0000000E+00
   0.1000000E+00   0.9269999E+00   0.0000000E+00   0.0000000E+00   0.0000000E+00   0.0000000E+00
   0.1000000E+00   0.9279999E+00   0.0000000E+00   0.0000000E+00   0.0000000E+00   0.0000000E+00
   0.1000000E+00   0.9290000E+00   0.0000000E+00   0.0000000E+00   0.0000000E+00   0.0000000E+00
   0.1000000E+00   0.9299999E+00   0.0000000E+00   0.0000000E+00   0.0000000E+00   0.0000000E+00
   0.1000000E+00   0.9309999E+00   0.0000000E+00   0.0000000E+00   0.0000000E+00   0.0000000E+00
   0.1000000E+00   0.9319999E+00   0.0000000E+00   0.0000000E+00   0.0000000E+00   0.0000000E+00
   0.1000000E+00   0.9329999E+00   0.0000000E+00   0.0000000E+00   0.0000000E+00   0.0000000E+00
   0.1000000E+00   0.9340000E+00   0.0000000E+00   0.0000000E+00   0.0000000E+00   0.0000000E+00
   0.1000000E+00   0.9349999E+00   0.0000000E+00   0.0000000E+00   0.0000000E+00   0.0000000E+00
   0.1000000E+00   0.9359999E+00   0.0000000E+00   0.0000000E+00   0.0000000E+00   0.0000000E+00
   0.1000000E+00   0.9369999E+00   0.0000000E+00   0.0000000E+00   0.0000000E+00   0.0000000E+00
   0.1000000E+00   0.9380000E+00   0.0000000E+00   0.0000000E+00   0.0000000E+00   0.0000000E+00
   0.1000000E+00   0.9390000E+00   0.0000000E+00   0.0000000E+00   0.0000000E+00   0.0000000E+00
   0.1000000E+00   0.9399999E+00   0.0000000E+00   0.0000000E+00   0.0000000E+00   0.0000000E+00
   0.1000000E+00   0.9409999E+00   0.0000000E+00   0.0000000E+00   0.0000000E+00   0.0000000E+00
   0.1000000E+00   0.9419999E+00   0.0000000E+00   0.0000000E+00   0.0000000E+00   0.0000000E+00
   0.1000000E+00   0.9430000E+00   0.0000000E+00   0.0000000E+00   0.0000000E+00   0.0000000E+00
   0.1000000E+00   0.9439999E+00   0.0000000E+00   0.0000000E+00   0.0000000E+00   0.0000000E+00
   0.1000000E+00   0.9449999E+00   0.0000000E+00   0.0000000E+00   0.0000000E+00   0.0000000E+00
   0.1000000E+00   0.9459999E+00   0.0000000E+00   0.0000000E+00   0.0000000E+00   0.0000000E+00
   0.1000000E+00   0.9469999E+00   0.0000000E+00   0.0000000E+00   0.0000000E+00   0.0000000E+00
   0.1000000E+00   0.9480000E+00   0.0000000E+00   0.0000000E+00   0.0000000E+00   0.0000000E+00
   0.1000000E+00   0.9489999E+00   0.0000000E+00   0.0000000E+00   0.0000000E+00   0.0000000E+00
   0.1000000E+00   0.9499999E+00   0.0000000E+00   0.0000000E+00   0.0000000E+00   0.0000000E+00
   0.1000000E+00   0.9509999E+00   0.0000000E+00   0.0000000E+00   0.0000000E+00   0.0000000E+00
   0.1000000E+00   0.9520000E+00   0.0000000E+00   0.0000000E+00   0.0000000E+00   0.0000000E+00
   0.1000000E+00   0.9529999E+00   0.0000000E+00   0.0000000E+00   0.0000000E+00   0.0000000E+00
   0.1000000E+00   0.9539999E+00   0.0000000E+00   0.0000000E+00   0.0000000E+00   0.0000000E+00
   0.1000000E+00   0.9549999E+00   0.0000000E+00   0.0000000E+00   0.0000000E+00   0.0000000E+00
   0.1000000E+00   0.9559999E+00   0.0000000E+00   0.0000000E+00   0.0000000E+00   0.0000000E+00
   0.1000000E+00   0.9570000E+00   0.0000000E+00   0.0000000E+00   0.0000000E+00   0.0000000E+00
   0.1000000E+00   0.9579999E+00   0.0000000E+00   0.0000000E+00   0.0000000E+00   0.0000000E+00
   0.1000000E+00   0.9589999E+00   0.0000000E+00   0.0000000E+00   0.0000000E+00   0.0000000E+00
   0.1000000E+00   0.9599999E+00   0.0000000E+00   0.0000000E+00   0.0000000E+00   0.0000000E+00
   0.1000000E+00   0.9609999E+00   0.0000000E+00   0.0000000E+00   0.0000000E+00   0.0000000E+00
   0.1000000E+00   0.9620000E+00   0.0000000E+00   0.0000000E+00   0.0000000E+00   0.0000000E+00
   0.1000000E+00   0.9629999E+00   0.0000000E+00   0.0000000E+00   0.0000000E+00   0.0000000E+00
   0.1000000E+00   0.9639999E+00   0.0000000E+00   0.0000000E+00   0.0000000E+00   0.0000000E+00
   0.1000000E+00   0.9649999E+00   0.0000000E+00   0.0000000E+00   0.0000000E+00   0.0000000E+00
   0.1000000E+00   0.9660000E+00   0.0000000E+00   0.0000000E+00   0.0000000E+00   0.0000000E+00
   0.1000000E+00   0.9669999E+00   0.0000000E+00   0.0000000E+00   0.0000000E+00   0.0000000E+00
   0.1000000E+00   0.9679999E+00   0.0000000E+00   0.0000000E+00   0.0000000E+00   0.0000000E+00
   0.1000000E+00   0.9689999E+00   0.0000000E+00   0.0000000E+00   0.0000000E+00   0.0000000E+00
   0.1000000E+00   0.9699999E+00   0.0000000E+00   0.0000000E+00   0.0000000E+00   0.0000000E+00
   0.1000000E+00   0.9710000E+00   0.0000000E+00   0.0000000E+00   0.0000000E+00   0.0000000E+00
   0.1000000E+00   0.9719999E+00   0.0000000E+00   0.0000000E+00   0.0000000E+00   0.0000000E+00
   0.1000000E+00   0.9729999E+00   0.0000000E+00   0.0000000E+00   0.0000000E+00   0.0000000E+00
   0.1000000E+00   0.9739999E+00   0.0000000E+00   0.0000000E+00   0.0000000E+00   0.0000000E+00
   0.1000000E+00   0.9749999E+00   0.0000000E+00   0.0000000E+00   0.0000000E+00   0.0000000E+00
   0.1000000E+00   0.9760000E+00   0.0000000E+00   0.0000000E+00   0.0000000E+00   0.0000000E+00
   0.1000000E+00   0.9769999E+00   0.0000000E+00   0.0000000E+00   0.0000000E+00   0.0000000E+00
   0.1000000E+00   0.9779999E+00   0.0000000E+00   0.0000000E+00   0.0000000E+00   0.0000000E+00
   0.1000000E+00   0.9789999E+00   0.0000000E+00   0.0000000E+00   0.0000000E+00   0.0000000E+00
   0.1000000E+00   0.9800000E+00   0.0000000E+00   0.0000000E+00   0.0000000E+00   0.0000000E+00
   0.1000000E+00   0.9809999E+00   0.0000000E+00   0.0000000E+00   0.0000000E+00   0.0000000E+00
   0.1000000E+00   0.9819999E+00   0.0000000E+00   0.0000000E+00   0.0000000E+00   0.0000000E+00
   0.1000000E+00   0.9829999E+00   0.0000000E+00   0.0000000E+00   0.0000000E+00   0.0000000E+00
   0.1000000E+00   0.9839999E+00   0.0000000E+00   0.0000000E+00   0.0000000E+00   0.0000000E+00
   0.1000000E+00   0.9850000E+00   0.0000000E+00   0.0000000E+00   0.0000000E+00   0.0000000E+00
   0.1000000E+00   0.9859999E+00   0.0000000E+00   0.0000000E+00   0.0000000E+00   0.0000000E+00
   0.1000000E+00   0.9869999E+00   0.0000000E+00   0.0000000E+00   0.0000000E+00   0.0000000E+00
   0.1000000E+00   0.9879999E+00   0.0000000E+00   0.0000000E+00   0.0000000E+00   0.0000000E+00
   0.1000000E+00   0.9889999E+00   0.0000000E+00   0.0000000E+00   0.0000000E+00   0.0000000E+00
   0.1000000E+00   0.9899999E+00   0.0000000E+00   0.0000000E+00   0.0000000E+00   0.0000000E+00
   0.1000000E+00   0.9909999E+00   0.0000000E+00   0.0000000E+00   0.0000000E+00   0.0000000E+00
   0.1000000E+00   0.9919999E+00   0.0000000E+00   0.0000000E+00   0.0000000E+00   0.0000000E+00
   0.1000000E+00   0.9929999E+00   0.0000000E+00   0.0000000E+00   0.0000000E+00   0.0000000E+00
   0.1000000E+00   0.9940000E+00   0.0000000E+00   0.0000000E+00   0.0000000E+00   0.0000000E+00
   0.1000000E+00   0.9949999E+00   0.0000000E+00   0.0000000E+00   0.0000000E+00   0.0000000E+00
   0.1000000E+00   0.9959999E+00   0.0000000E+00   0.0000000E+00   0.0000000E+00   0.0000000E+00
   0.1000000E+00   0.9969999E+00   0.0000000E+00   0.0000000E+00   0.0000000E+00   0.0000000E+00
   0.1000000E+00   0.9979999E+00   0.0000000E+00   0.0000000E+00   0.0000000E+00   0.0000000E+00
   0.1000000E+00   0.9990000E+00   0.0000000E+00   0.0000000E+00   0.0000000E+00   0.0000000E+00
   0.1000000E+00   0.9999999E+00   0.0000000E+00   0.0000000E+00   0.0000000E+00   0.0000000E+00

