   0.2000000E+00  -0.5820766E-10   0.5372255E+02   0.1813166E+03   0.3615975E+01   0.6070874E+02
   0.2000000E+00   0.9999999E-03   0.1020000E-01   0.4000002E-02   0.1000000E-02   0.2800001E-02
   0.2000000E+00   0.2000000E-02   0.1080000E-01   0.8600003E-02   0.1000000E-02   0.7000003E-02
   0.2000000E+00   0.3000000E-02   0.2479998E-01   0.1060000E-01   0.2000000E-02   0.8600003E-02
   0.2000000E+00   0.4000000E-02   0.2879997E-01   0.2019998E-01   0.3400001E-02   0.1260000E-01
   0.2000000E+00   0.4999999E-02   0.4339994E-01   0.2479998E-01   0.1600000E-02   0.2039998E-01
   0.2000000E+00   0.6000000E-02   0.5919992E-01   0.3819995E-01   0.5000002E-02   0.2679997E-01
   0.2000000E+00   0.6999999E-02   0.8660032E-01   0.5839992E-01   0.7000003E-02   0.3799995E-01
   0.2000000E+00   0.7999999E-02   0.7300009E-01   0.4819994E-01   0.8400003E-02   0.3639996E-01
   0.2000000E+00   0.9000000E-02   0.5019993E-01   0.2839997E-01   0.4600002E-02   0.2119998E-01
   0.2000000E+00   0.9999999E-02   0.7180007E-01   0.3999995E-01   0.4400002E-02   0.3139997E-01
   0.2000000E+00   0.1100000E-01   0.8860035E-01   0.4639994E-01   0.7000003E-02   0.3779995E-01
   0.2000000E+00   0.1200000E-01   0.9480046E-01   0.5699992E-01   0.7200004E-02   0.4519994E-01
   0.2000000E+00   0.1300000E-01   0.1230009E+00   0.6459995E-01   0.1000000E-01   0.5019993E-01
   0.2000000E+00   0.1400000E-01   0.9180041E-01   0.6099992E-01   0.9800001E-02   0.4919994E-01
   0.2000000E+00   0.1500000E-01   0.1064007E+00   0.6159991E-01   0.9000002E-02   0.4319995E-01
   0.2000000E+00   0.1600000E-01   0.1204009E+00   0.7340010E-01   0.1020000E-01   0.4839994E-01
   0.2000000E+00   0.1700000E-01   0.1124008E+00   0.8160023E-01   0.9800001E-02   0.5079993E-01
   0.2000000E+00   0.1800000E-01   0.1250010E+00   0.8980037E-01   0.1220000E-01   0.6559996E-01
   0.2000000E+00   0.1900000E-01   0.1380012E+00   0.8340026E-01   0.1160000E-01   0.5919992E-01
   0.2000000E+00   0.2000000E-01   0.1528014E+00   0.8040021E-01   0.1140000E-01   0.6379993E-01
   0.2000000E+00   0.2100000E-01   0.1608016E+00   0.9200041E-01   0.1140000E-01   0.6760000E-01
   0.2000000E+00   0.2200000E-01   0.1612016E+00   0.1128008E+00   0.1240000E-01   0.7580014E-01
   0.2000000E+00   0.2300000E-01   0.1862020E+00   0.1082007E+00   0.1359999E-01   0.8140023E-01
   0.2000000E+00   0.2400000E-01   0.1922021E+00   0.1116007E+00   0.1439999E-01   0.8560030E-01
   0.2000000E+00   0.2500000E-01   0.2232026E+00   0.1290010E+00   0.2059998E-01   0.9800051E-01
   0.2000000E+00   0.2600000E-01   0.2230026E+00   0.1332011E+00   0.1939999E-01   0.9400044E-01
   0.2000000E+00   0.2700000E-01   0.2240026E+00   0.1402012E+00   0.1699999E-01   0.1016006E+00
   0.2000000E+00   0.2800000E-01   0.2462030E+00   0.1472013E+00   0.1859999E-01   0.1050006E+00
   0.2000000E+00   0.2900000E-01   0.2778035E+00   0.1704017E+00   0.2179998E-01   0.1236009E+00
   0.2000000E+00   0.3000000E-01   0.2962039E+00   0.1738018E+00   0.2359998E-01   0.1220009E+00
   0.2000000E+00   0.3100000E-01   0.3124041E+00   0.1858020E+00   0.2719997E-01   0.1352011E+00
   0.2000000E+00   0.3200000E-01   0.3420046E+00   0.2028023E+00   0.2819997E-01   0.1496014E+00
   0.2000000E+00   0.3300000E-01   0.3544048E+00   0.2204026E+00   0.2839997E-01   0.1530014E+00
   0.2000000E+00   0.3400000E-01   0.4040057E+00   0.2340028E+00   0.3199996E-01   0.1708017E+00
   0.2000000E+00   0.3500000E-01   0.4528065E+00   0.2544031E+00   0.3579996E-01   0.1932021E+00
   0.2000000E+00   0.3599999E-01   0.4750069E+00   0.2950038E+00   0.3699996E-01   0.2190026E+00
   0.2000000E+00   0.3700000E-01   0.4948072E+00   0.3014039E+00   0.3839995E-01   0.2024023E+00
   0.2000000E+00   0.3800000E-01   0.5490008E+00   0.3236043E+00   0.3819995E-01   0.2516031E+00
   0.2000000E+00   0.3900000E-01   0.5701980E+00   0.3412046E+00   0.4439994E-01   0.2476030E+00
   0.2000000E+00   0.4000000E-01   0.3164042E+00   0.1932021E+00   0.2739997E-01   0.1428013E+00
   0.2000000E+00   0.4100000E-01   0.2052023E+00   0.1164008E+00   0.1459999E-01   0.8280025E-01
   0.2000000E+00   0.4200000E-01   0.2164025E+00   0.1308011E+00   0.1599999E-01   0.8880036E-01
   0.2000000E+00   0.4300000E-01   0.2384029E+00   0.1374012E+00   0.1779999E-01   0.1046006E+00
   0.2000000E+00   0.4400000E-01   0.2446030E+00   0.1542015E+00   0.1999998E-01   0.1112007E+00
   0.2000000E+00   0.4499999E-01   0.2848037E+00   0.1470013E+00   0.1859999E-01   0.1134008E+00
   0.2000000E+00   0.4600000E-01   0.2660033E+00   0.1712018E+00   0.2159998E-01   0.1210009E+00
   0.2000000E+00   0.4699999E-01   0.2798036E+00   0.1738018E+00   0.2419998E-01   0.1260010E+00
   0.2000000E+00   0.4800000E-01   0.3088041E+00   0.1818019E+00   0.2299998E-01   0.1280010E+00
   0.2000000E+00   0.4899999E-01   0.3122041E+00   0.1824019E+00   0.2519998E-01   0.1448013E+00
   0.2000000E+00   0.5000000E-01   0.3374045E+00   0.2062023E+00   0.2779997E-01   0.1552015E+00
   0.2000000E+00   0.5100000E-01   0.3442047E+00   0.2112024E+00   0.3079997E-01   0.1486014E+00
   0.2000000E+00   0.5199999E-01   0.3320045E+00   0.2252027E+00   0.2999997E-01   0.1644016E+00
   0.2000000E+00   0.5300000E-01   0.3758052E+00   0.2236026E+00   0.2759997E-01   0.1620016E+00
   0.2000000E+00   0.5399999E-01   0.3864054E+00   0.2204026E+00   0.2759997E-01   0.1716018E+00
   0.2000000E+00   0.5500000E-01   0.4062057E+00   0.2402029E+00   0.3279996E-01   0.1776019E+00
   0.2000000E+00   0.5599999E-01   0.4246060E+00   0.2562032E+00   0.3619996E-01   0.1876020E+00
   0.2000000E+00   0.5700000E-01   0.4384063E+00   0.2680034E+00   0.3059997E-01   0.1940021E+00
   0.2000000E+00   0.5799999E-01   0.4562066E+00   0.2632033E+00   0.3879995E-01   0.1954022E+00
   0.2000000E+00   0.5900000E-01   0.4522065E+00   0.2904038E+00   0.3279996E-01   0.1958022E+00
   0.2000000E+00   0.5999999E-01   0.4716068E+00   0.2916038E+00   0.3819995E-01   0.2080024E+00
   0.2000000E+00   0.6099999E-01   0.4990073E+00   0.2844037E+00   0.4099995E-01   0.2156025E+00
   0.2000000E+00   0.6200000E-01   0.5382022E+00   0.2982039E+00   0.4279995E-01   0.2228026E+00
   0.2000000E+00   0.6299999E-01   0.5502006E+00   0.2978039E+00   0.4419994E-01   0.2444030E+00
   0.2000000E+00   0.6400000E-01   0.5565998E+00   0.3102041E+00   0.4319995E-01   0.2444030E+00
   0.2000000E+00   0.6500000E-01   0.5258039E+00   0.3216043E+00   0.4339994E-01   0.2308028E+00
   0.2000000E+00   0.6599999E-01   0.5418018E+00   0.3266044E+00   0.4319995E-01   0.2392029E+00
   0.2000000E+00   0.6699999E-01   0.5496007E+00   0.3386046E+00   0.4639994E-01   0.2430030E+00
   0.2000000E+00   0.6800000E-01   0.5470011E+00   0.3246043E+00   0.5019993E-01   0.2364029E+00
   0.2000000E+00   0.6899999E-01   0.5168051E+00   0.3036040E+00   0.4439994E-01   0.2228026E+00
   0.2000000E+00   0.6999999E-01   0.5138054E+00   0.3068040E+00   0.4119995E-01   0.2182025E+00
   0.2000000E+00   0.7099999E-01   0.4910071E+00   0.2720034E+00   0.3679996E-01   0.2010023E+00
   0.2000000E+00   0.7200000E-01   0.4666067E+00   0.2620033E+00   0.4059995E-01   0.2046023E+00
   0.2000000E+00   0.7299999E-01   0.4626067E+00   0.2876037E+00   0.3519996E-01   0.2082024E+00
   0.2000000E+00   0.7399999E-01   0.4722068E+00   0.2914038E+00   0.3979995E-01   0.2076024E+00
   0.2000000E+00   0.7500000E-01   0.4788069E+00   0.2888037E+00   0.4299995E-01   0.2002022E+00
   0.2000000E+00   0.7599999E-01   0.5242041E+00   0.3102041E+00   0.4719994E-01   0.2370029E+00
   0.2000000E+00   0.7699999E-01   0.5388021E+00   0.3222043E+00   0.4179995E-01   0.2318028E+00
   0.2000000E+00   0.7799999E-01   0.5450013E+00   0.3262044E+00   0.4259995E-01   0.2390029E+00
   0.2000000E+00   0.7900000E-01   0.5713978E+00   0.3430046E+00   0.4459994E-01   0.2518031E+00
   0.2000000E+00   0.7999999E-01   0.5971944E+00   0.3464047E+00   0.4859994E-01   0.2632033E+00
   0.2000000E+00   0.8099999E-01   0.5943948E+00   0.3478047E+00   0.4719994E-01   0.2504031E+00
   0.2000000E+00   0.8199999E-01   0.6379890E+00   0.3510048E+00   0.4879994E-01   0.2744035E+00
   0.2000000E+00   0.8300000E-01   0.6099927E+00   0.3604049E+00   0.5199993E-01   0.2808036E+00
   0.2000000E+00   0.8399999E-01   0.6605861E+00   0.3900054E+00   0.4979993E-01   0.2858037E+00
   0.2000000E+00   0.8499999E-01   0.6415886E+00   0.3878054E+00   0.6039992E-01   0.2844037E+00
   0.2000000E+00   0.8600000E-01   0.6375891E+00   0.3808053E+00   0.5659992E-01   0.2814036E+00
   0.2000000E+00   0.8699999E-01   0.6513873E+00   0.4058057E+00   0.5879992E-01   0.2882037E+00
   0.2000000E+00   0.8799999E-01   0.6541869E+00   0.3994056E+00   0.5419993E-01   0.2926038E+00
   0.2000000E+00   0.8899999E-01   0.6751841E+00   0.4016056E+00   0.5139993E-01   0.2916038E+00
   0.2000000E+00   0.9000000E-01   0.6665853E+00   0.4072057E+00   0.5599992E-01   0.2956038E+00
   0.2000000E+00   0.9099999E-01   0.6775838E+00   0.3980056E+00   0.5779992E-01   0.3040040E+00
   0.2000000E+00   0.9199999E-01   0.6547868E+00   0.4016056E+00   0.6119991E-01   0.3042040E+00
   0.2000000E+00   0.9299999E-01   0.6903821E+00   0.3842053E+00   0.5439993E-01   0.3016039E+00
   0.2000000E+00   0.9399999E-01   0.6859827E+00   0.4004056E+00   0.5079993E-01   0.2984039E+00
   0.2000000E+00   0.9499999E-01   0.6935817E+00   0.4118058E+00   0.5699992E-01   0.3100041E+00
   0.2000000E+00   0.9599999E-01   0.6895822E+00   0.3934055E+00   0.5519992E-01   0.3058040E+00
   0.2000000E+00   0.9700000E-01   0.7205781E+00   0.4116058E+00   0.6039992E-01   0.2928038E+00
   0.2000000E+00   0.9799999E-01   0.7305768E+00   0.4344062E+00   0.6760000E-01   0.3288044E+00
   0.2000000E+00   0.9899999E-01   0.7035804E+00   0.4216060E+00   0.5999992E-01   0.3066040E+00
   0.2000000E+00   0.9999999E-01   0.7485744E+00   0.4380063E+00   0.6359993E-01   0.3262044E+00
   0.2000000E+00   0.1010000E+00   0.7591730E+00   0.4398063E+00   0.6459995E-01   0.3330045E+00
   0.2000000E+00   0.1020000E+00   0.7939684E+00   0.4538065E+00   0.6539996E-01   0.3510048E+00
   0.2000000E+00   0.1030000E+00   0.7995677E+00   0.4578066E+00   0.6179991E-01   0.3380046E+00
   0.2000000E+00   0.1040000E+00   0.7939684E+00   0.4622067E+00   0.6439994E-01   0.3364045E+00
   0.2000000E+00   0.1050000E+00   0.8257642E+00   0.4814070E+00   0.6259991E-01   0.3656050E+00
   0.2000000E+00   0.1060000E+00   0.8175653E+00   0.4848070E+00   0.6559996E-01   0.3618050E+00
   0.2000000E+00   0.1070000E+00   0.8571601E+00   0.4904071E+00   0.7120006E-01   0.3696051E+00
   0.2000000E+00   0.1080000E+00   0.8389625E+00   0.4872071E+00   0.7440011E-01   0.3566049E+00
   0.2000000E+00   0.1090000E+00   0.8515608E+00   0.4884071E+00   0.6960003E-01   0.3744052E+00
   0.2000000E+00   0.1100000E+00   0.8829567E+00   0.4958072E+00   0.7080005E-01   0.3806053E+00
   0.2000000E+00   0.1110000E+00   0.8767575E+00   0.4968072E+00   0.6419994E-01   0.3790053E+00
   0.2000000E+00   0.1120000E+00   0.8883560E+00   0.5188048E+00   0.7760017E-01   0.3818053E+00
   0.2000000E+00   0.1130000E+00   0.8603597E+00   0.4972073E+00   0.7020004E-01   0.3764052E+00
   0.2000000E+00   0.1140000E+00   0.8945552E+00   0.4804070E+00   0.7220007E-01   0.3788052E+00
   0.2000000E+00   0.1150000E+00   0.8825567E+00   0.4900071E+00   0.7160006E-01   0.3830053E+00
   0.2000000E+00   0.1160000E+00   0.9529474E+00   0.5074063E+00   0.8140023E-01   0.3876054E+00
   0.2000000E+00   0.1170000E+00   0.9167522E+00   0.5186048E+00   0.7600014E-01   0.3996056E+00
   0.2000000E+00   0.1180000E+00   0.9599465E+00   0.5444014E+00   0.7900019E-01   0.4244060E+00
   0.2000000E+00   0.1190000E+00   0.9999412E+00   0.5719978E+00   0.7300009E-01   0.4350062E+00
   0.2000000E+00   0.1200000E+00   0.9955418E+00   0.5418018E+00   0.9100039E-01   0.4280061E+00
   0.2000000E+00   0.1210000E+00   0.9857431E+00   0.5737975E+00   0.8320026E-01   0.4268061E+00
   0.2000000E+00   0.1220000E+00   0.1013543E+01   0.5891955E+00   0.8220024E-01   0.4384063E+00
   0.2000000E+00   0.1230000E+00   0.1023145E+01   0.5757973E+00   0.9160040E-01   0.4300061E+00
   0.2000000E+00   0.1240000E+00   0.1034947E+01   0.5823964E+00   0.8100022E-01   0.4392063E+00
   0.2000000E+00   0.1250000E+00   0.1056751E+01   0.5951947E+00   0.8400027E-01   0.4570066E+00
   0.2000000E+00   0.1260000E+00   0.1063152E+01   0.5871958E+00   0.9000038E-01   0.4670067E+00
   0.2000000E+00   0.1270000E+00   0.1082355E+01   0.5879956E+00   0.9320043E-01   0.4590066E+00
   0.2000000E+00   0.1280000E+00   0.1082355E+01   0.6107926E+00   0.9280042E-01   0.4674067E+00
   0.2000000E+00   0.1290000E+00   0.1104159E+01   0.6261906E+00   0.8500029E-01   0.4720068E+00
   0.2000000E+00   0.1300000E+00   0.1145165E+01   0.6109926E+00   0.9080039E-01   0.4796070E+00
   0.2000000E+00   0.1310000E+00   0.1113560E+01   0.6581864E+00   0.9160040E-01   0.4920072E+00
   0.2000000E+00   0.1320000E+00   0.1150766E+01   0.6419885E+00   0.1012006E+00   0.4786069E+00
   0.2000000E+00   0.1330000E+00   0.1177371E+01   0.6199914E+00   0.9980054E-01   0.5112058E+00
   0.2000000E+00   0.1340000E+00   0.1214577E+01   0.6491876E+00   0.1000005E+00   0.5184048E+00
   0.2000000E+00   0.1350000E+00   0.1171170E+01   0.6703848E+00   0.1062007E+00   0.5106059E+00
   0.2000000E+00   0.1360000E+00   0.1180371E+01   0.6821832E+00   0.1066007E+00   0.5220044E+00
   0.2000000E+00   0.1370000E+00   0.1190573E+01   0.6741843E+00   0.1036006E+00   0.5220044E+00
   0.2000000E+00   0.1380000E+00   0.1280388E+01   0.6783837E+00   0.1052006E+00   0.5414018E+00
   0.2000000E+00   0.1390000E+00   0.1255384E+01   0.6759840E+00   0.1002005E+00   0.5452013E+00
   0.2000000E+00   0.1400000E+00   0.1276387E+01   0.6977811E+00   0.1150008E+00   0.5603993E+00
   0.2000000E+00   0.1410000E+00   0.1324995E+01   0.6991810E+00   0.1098007E+00   0.5655986E+00
   0.2000000E+00   0.1420000E+00   0.1283388E+01   0.7517740E+00   0.1106007E+00   0.5705979E+00
   0.2000000E+00   0.1430000E+00   0.1366602E+01   0.7481745E+00   0.1202009E+00   0.5849960E+00
   0.2000000E+00   0.1440000E+00   0.1316594E+01   0.7583731E+00   0.1138008E+00   0.5691981E+00
   0.2000000E+00   0.1450000E+00   0.1371203E+01   0.7477745E+00   0.1198009E+00   0.6033936E+00
   0.2000000E+00   0.1460000E+00   0.1423612E+01   0.7755709E+00   0.1210009E+00   0.6087929E+00
   0.2000000E+00   0.1470000E+00   0.1439014E+01   0.7779706E+00   0.1156008E+00   0.6111926E+00
   0.2000000E+00   0.1480000E+00   0.1469219E+01   0.8027673E+00   0.1256010E+00   0.6351894E+00
   0.2000000E+00   0.1490000E+00   0.1411610E+01   0.8007675E+00   0.1146008E+00   0.6173918E+00
   0.2000000E+00   0.1500000E+00   0.1427012E+01   0.8239645E+00   0.1224009E+00   0.6321898E+00
   0.2000000E+00   0.1510000E+00   0.1515627E+01   0.8425620E+00   0.1186009E+00   0.6553867E+00
   0.2000000E+00   0.1520000E+00   0.1517627E+01   0.8469614E+00   0.1302011E+00   0.6567866E+00
   0.2000000E+00   0.1530000E+00   0.1557034E+01   0.8515608E+00   0.1362012E+00   0.6647855E+00
   0.2000000E+00   0.1540000E+00   0.1569636E+01   0.8547604E+00   0.1304011E+00   0.6635857E+00
   0.2000000E+00   0.1550000E+00   0.1606842E+01   0.8707583E+00   0.1344011E+00   0.7123792E+00
   0.2000000E+00   0.1560000E+00   0.1622445E+01   0.8801571E+00   0.1378012E+00   0.6745842E+00
   0.2000000E+00   0.1570000E+00   0.1669052E+01   0.8921555E+00   0.1398012E+00   0.7223779E+00
   0.2000000E+00   0.1580000E+00   0.1630646E+01   0.8995545E+00   0.1466013E+00   0.7043803E+00
   0.2000000E+00   0.1590000E+00   0.1644648E+01   0.9325501E+00   0.1440013E+00   0.7085797E+00
   0.2000000E+00   0.1600000E+00   0.1681254E+01   0.9333500E+00   0.1494014E+00   0.7241777E+00
   0.2000000E+00   0.1610000E+00   0.1716260E+01   0.9711450E+00   0.1458013E+00   0.7567734E+00
   0.2000000E+00   0.1620000E+00   0.1813876E+01   0.9777442E+00   0.1494014E+00   0.7663721E+00
   0.2000000E+00   0.1630000E+00   0.1766868E+01   0.9799439E+00   0.1490014E+00   0.7583731E+00
   0.2000000E+00   0.1640000E+00   0.1797274E+01   0.9949419E+00   0.1506014E+00   0.7719713E+00
   0.2000000E+00   0.1650000E+00   0.1883088E+01   0.9975415E+00   0.1640016E+00   0.8057669E+00
   0.2000000E+00   0.1660000E+00   0.1870286E+01   0.1029946E+01   0.1608016E+00   0.7979679E+00
   0.2000000E+00   0.1670000E+00   0.1861684E+01   0.1041748E+01   0.1806019E+00   0.8311635E+00
   0.2000000E+00   0.1680000E+00   0.1922494E+01   0.1058351E+01   0.1708017E+00   0.8281639E+00
   0.2000000E+00   0.1690000E+00   0.1966502E+01   0.1071553E+01   0.1632016E+00   0.8381626E+00
   0.2000000E+00   0.1700000E+00   0.2021911E+01   0.1090956E+01   0.1660017E+00   0.8581600E+00
   0.2000000E+00   0.1710000E+00   0.2058717E+01   0.1117561E+01   0.1686017E+00   0.8729580E+00
   0.2000000E+00   0.1720000E+00   0.2062117E+01   0.1153967E+01   0.1810019E+00   0.8887559E+00
   0.2000000E+00   0.1730000E+00   0.2106125E+01   0.1164569E+01   0.1834020E+00   0.8993545E+00
   0.2000000E+00   0.1740000E+00   0.2167735E+01   0.1195574E+01   0.1922021E+00   0.9379494E+00
   0.2000000E+00   0.1750000E+00   0.2172936E+01   0.1175170E+01   0.1882020E+00   0.9293506E+00
   0.2000000E+00   0.1760000E+00   0.2139730E+01   0.1200975E+01   0.1954022E+00   0.9445485E+00
   0.2000000E+00   0.1770000E+00   0.2253549E+01   0.1269586E+01   0.2084024E+00   0.9745446E+00
   0.2000000E+00   0.1780000E+00   0.2291355E+01   0.1255184E+01   0.2108024E+00   0.9915423E+00
   0.2000000E+00   0.1790000E+00   0.2337763E+01   0.1265585E+01   0.2072024E+00   0.1006142E+01
   0.2000000E+00   0.1800000E+00   0.2314559E+01   0.1335597E+01   0.2104024E+00   0.1024745E+01
   0.2000000E+00   0.1810000E+00   0.2395173E+01   0.1295990E+01   0.2046023E+00   0.1026746E+01
   0.2000000E+00   0.1820000E+00   0.2484587E+01   0.1368402E+01   0.2106024E+00   0.1066352E+01
   0.2000000E+00   0.1830000E+00   0.2444381E+01   0.1336397E+01   0.2152025E+00   0.1031546E+01
   0.2000000E+00   0.1840000E+00   0.2505991E+01   0.1374003E+01   0.2174025E+00   0.1071553E+01
   0.2000000E+00   0.1850000E+00   0.2574802E+01   0.1455417E+01   0.2202026E+00   0.1098958E+01
   0.2000000E+00   0.1860000E+00   0.2581403E+01   0.1433213E+01   0.2324028E+00   0.1122762E+01
   0.2000000E+00   0.1870000E+00   0.2588405E+01   0.1442615E+01   0.2266027E+00   0.1117961E+01
   0.2000000E+00   0.1880000E+00   0.2672019E+01   0.1481221E+01   0.2314028E+00   0.1150366E+01
   0.2000000E+00   0.1890000E+00   0.2684621E+01   0.1491223E+01   0.2408029E+00   0.1155367E+01
   0.2000000E+00   0.1900000E+00   0.2725427E+01   0.1477220E+01   0.2340028E+00   0.1129763E+01
   0.2000000E+00   0.1910000E+00   0.2780036E+01   0.1520028E+01   0.2338028E+00   0.1200174E+01
   0.2000000E+00   0.1920000E+00   0.2749031E+01   0.1562034E+01   0.2448030E+00   0.1182572E+01
   0.2000000E+00   0.1930000E+00   0.2743830E+01   0.1582238E+01   0.2442030E+00   0.1197974E+01
   0.2000000E+00   0.1940000E+00   0.2826644E+01   0.1587439E+01   0.2424030E+00   0.1227979E+01
   0.2000000E+00   0.1950000E+00   0.2808441E+01   0.1581038E+01   0.2434030E+00   0.1211176E+01
   0.2000000E+00   0.1960000E+00   0.2730828E+01   0.1555033E+01   0.2528031E+00   0.1209976E+01
   0.2000000E+00   0.1970000E+00   0.2722827E+01   0.1505625E+01   0.2578032E+00   0.1180771E+01
   0.2000000E+00   0.1980000E+00   0.2515193E+01   0.1451016E+01   0.2314028E+00   0.1111960E+01
   0.2000000E+00   0.1990000E+00   0.2184138E+01   0.1230780E+01   0.2026023E+00   0.9561470E+00
   0.2000000E+00   0.2000000E+00   0.1221778E+01   0.6449881E+00   0.1248010E+00   0.5238041E+00
   0.2000000E+00   0.2010000E+00   0.1003142E+01   0.4590066E+00   0.9760050E-01   0.4200059E+00
   0.2000000E+00   0.2020000E+00   0.9979415E+00   0.4704068E+00   0.9980054E-01   0.4040057E+00
   0.2000000E+00   0.2030000E+00   0.1014544E+01   0.4922072E+00   0.1064007E+00   0.4252060E+00
   0.2000000E+00   0.2040000E+00   0.1009143E+01   0.4996073E+00   0.1040006E+00   0.4456064E+00
   0.2000000E+00   0.2050000E+00   0.1008543E+01   0.4992073E+00   0.1086007E+00   0.4256060E+00
   0.2000000E+00   0.2060000E+00   0.1060151E+01   0.5108058E+00   0.1086007E+00   0.4540065E+00
   0.2000000E+00   0.2070000E+00   0.1089756E+01   0.5236042E+00   0.1234009E+00   0.4590066E+00
   0.2000000E+00   0.2080000E+00   0.1083155E+01   0.5150053E+00   0.1220009E+00   0.4716068E+00
   0.2000000E+00   0.2090000E+00   0.1126162E+01   0.5420017E+00   0.1124008E+00   0.4792069E+00
   0.2000000E+00   0.2100000E+00   0.1089556E+01   0.5554000E+00   0.1164008E+00   0.4754069E+00
   0.2000000E+00   0.2110000E+00   0.1129163E+01   0.5410019E+00   0.1276010E+00   0.4754069E+00
   0.2000000E+00   0.2120000E+00   0.1165369E+01   0.5603993E+00   0.1180009E+00   0.4902071E+00
   0.2000000E+00   0.2130000E+00   0.1179171E+01   0.5931950E+00   0.1200009E+00   0.5116057E+00
   0.2000000E+00   0.2140000E+00   0.1191173E+01   0.5853960E+00   0.1348011E+00   0.5102059E+00
   0.2000000E+00   0.2150000E+00   0.1260785E+01   0.6039935E+00   0.1388012E+00   0.5124056E+00
   0.2000000E+00   0.2160000E+00   0.1236981E+01   0.6015939E+00   0.1396012E+00   0.5276036E+00
   0.2000000E+00   0.2170000E+00   0.1198174E+01   0.6013939E+00   0.1350011E+00   0.5118057E+00
   0.2000000E+00   0.2180000E+00   0.1288789E+01   0.6019938E+00   0.1302011E+00   0.5344027E+00
   0.2000000E+00   0.2190000E+00   0.1292590E+01   0.6195915E+00   0.1368012E+00   0.5398020E+00
   0.2000000E+00   0.2200000E+00   0.1320394E+01   0.6295902E+00   0.1430013E+00   0.5647987E+00
   0.2000000E+00   0.2210000E+00   0.1265585E+01   0.6487876E+00   0.1424013E+00   0.5550000E+00
   0.2000000E+00   0.2220000E+00   0.1339998E+01   0.6385890E+00   0.1530014E+00   0.5713978E+00
   0.2000000E+00   0.2230000E+00   0.1331796E+01   0.6483877E+00   0.1458013E+00   0.5731976E+00
   0.2000000E+00   0.2240000E+00   0.1357201E+01   0.6457880E+00   0.1550015E+00   0.5827963E+00
   0.2000000E+00   0.2250000E+00   0.1381805E+01   0.6339896E+00   0.1554015E+00   0.6019938E+00
   0.2000000E+00   0.2260000E+00   0.1359601E+01   0.6509873E+00   0.1476014E+00   0.5901954E+00
   0.2000000E+00   0.2270000E+00   0.1330596E+01   0.6653854E+00   0.1496014E+00   0.5709979E+00
   0.2000000E+00   0.2280000E+00   0.1351400E+01   0.6775838E+00   0.1580015E+00   0.5891955E+00
   0.2000000E+00   0.2290000E+00   0.1393206E+01   0.6535870E+00   0.1612016E+00   0.5855960E+00
   0.2000000E+00   0.2300000E+00   0.1351600E+01   0.6705847E+00   0.1468013E+00   0.5859959E+00
   0.2000000E+00   0.2310000E+00   0.1396807E+01   0.6791836E+00   0.1530014E+00   0.6053934E+00
   0.2000000E+00   0.2320000E+00   0.1420811E+01   0.6883824E+00   0.1578015E+00   0.5965945E+00
   0.2000000E+00   0.2330000E+00   0.1409009E+01   0.6957814E+00   0.1532014E+00   0.6073931E+00
   0.2000000E+00   0.2340000E+00   0.1410409E+01   0.7115793E+00   0.1590015E+00   0.6147921E+00
   0.2000000E+00   0.2350000E+00   0.1465418E+01   0.7021806E+00   0.1634016E+00   0.6209913E+00
   0.2000000E+00   0.2360000E+00   0.1435814E+01   0.6929818E+00   0.1622016E+00   0.6129923E+00
   0.2000000E+00   0.2370000E+00   0.1504225E+01   0.7169786E+00   0.1652016E+00   0.6371891E+00
   0.2000000E+00   0.2380000E+00   0.1541631E+01   0.7453749E+00   0.1676017E+00   0.6421885E+00
   0.2000000E+00   0.2390000E+00   0.1577037E+01   0.7299769E+00   0.1680017E+00   0.6607860E+00
   0.2000000E+00   0.2400000E+00   0.1538831E+01   0.7317767E+00   0.1788019E+00   0.6739843E+00
   0.2000000E+00   0.2410000E+00   0.1486622E+01   0.7515740E+00   0.1732018E+00   0.6489876E+00
   0.2000000E+00   0.2420000E+00   0.1583438E+01   0.7625726E+00   0.1842020E+00   0.6777838E+00
   0.2000000E+00   0.2430000E+00   0.1660051E+01   0.7809702E+00   0.1826019E+00   0.6967813E+00
   0.2000000E+00   0.2440000E+00   0.1623245E+01   0.7745710E+00   0.1788019E+00   0.6797835E+00
   0.2000000E+00   0.2450000E+00   0.1621244E+01   0.7819700E+00   0.1710017E+00   0.6753841E+00
   0.2000000E+00   0.2460000E+00   0.1620444E+01   0.8015674E+00   0.1856020E+00   0.7037804E+00
   0.2000000E+00   0.2470000E+00   0.1645848E+01   0.7827699E+00   0.1818019E+00   0.6883824E+00
   0.2000000E+00   0.2480000E+00   0.1706859E+01   0.8085665E+00   0.1910021E+00   0.7269773E+00
   0.2000000E+00   0.2490000E+00   0.1674653E+01   0.7921687E+00   0.1978022E+00   0.7087797E+00
   0.2000000E+00   0.2500000E+00   0.1652850E+01   0.8135659E+00   0.1886020E+00   0.7099795E+00
   0.2000000E+00   0.2510000E+00   0.1663251E+01   0.8029673E+00   0.1956022E+00   0.7137790E+00
   0.2000000E+00   0.2520000E+00   0.1713660E+01   0.8105662E+00   0.1958022E+00   0.7397756E+00
   0.2000000E+00   0.2530000E+00   0.1696457E+01   0.8433619E+00   0.1910021E+00   0.7357761E+00
   0.2000000E+00   0.2540000E+00   0.1661251E+01   0.8369628E+00   0.1982022E+00   0.7369760E+00
   0.2000000E+00   0.2550000E+00   0.1764668E+01   0.8167654E+00   0.2004022E+00   0.7477745E+00
   0.2000000E+00   0.2560000E+00   0.1754066E+01   0.8051670E+00   0.2070024E+00   0.7453749E+00
   0.2000000E+00   0.2570000E+00   0.1757667E+01   0.8455616E+00   0.2028023E+00   0.7623726E+00
   0.2000000E+00   0.2580000E+00   0.1802274E+01   0.8361629E+00   0.2064023E+00   0.7555735E+00
   0.2000000E+00   0.2590000E+00   0.1780871E+01   0.8431619E+00   0.1988022E+00   0.7677719E+00
   0.2000000E+00   0.2600000E+00   0.1804675E+01   0.8709583E+00   0.2032023E+00   0.7423753E+00
   0.2000000E+00   0.2610000E+00   0.1834880E+01   0.8689585E+00   0.2134025E+00   0.7627726E+00
   0.2000000E+00   0.2620000E+00   0.1849282E+01   0.8985546E+00   0.2158025E+00   0.7893690E+00
   0.2000000E+00   0.2630000E+00   0.1861884E+01   0.9111530E+00   0.2160025E+00   0.7961681E+00
   0.2000000E+00   0.2640000E+00   0.1894290E+01   0.8869562E+00   0.2236026E+00   0.7837698E+00
   0.2000000E+00   0.2650000E+00   0.1878287E+01   0.9099531E+00   0.2066023E+00   0.8107662E+00
   0.2000000E+00   0.2660000E+00   0.1893089E+01   0.8949551E+00   0.2054023E+00   0.7961681E+00
   0.2000000E+00   0.2670000E+00   0.1907892E+01   0.8895558E+00   0.2264027E+00   0.7999676E+00
   0.2000000E+00   0.2680000E+00   0.1946298E+01   0.9191519E+00   0.2352028E+00   0.8441618E+00
   0.2000000E+00   0.2690000E+00   0.1926495E+01   0.9227514E+00   0.2178025E+00   0.8111662E+00
   0.2000000E+00   0.2700000E+00   0.1929695E+01   0.9423488E+00   0.2258027E+00   0.8297637E+00
   0.2000000E+00   0.2710000E+00   0.1970302E+01   0.9591466E+00   0.2354028E+00   0.8441618E+00
   0.2000000E+00   0.2720000E+00   0.1941297E+01   0.9549472E+00   0.2338028E+00   0.8467615E+00
   0.2000000E+00   0.2730000E+00   0.2002507E+01   0.9475482E+00   0.2350028E+00   0.8659589E+00
   0.2000000E+00   0.2740000E+00   0.2010709E+01   0.9615463E+00   0.2312028E+00   0.8357629E+00
   0.2000000E+00   0.2750000E+00   0.2007108E+01   0.9785441E+00   0.2356028E+00   0.8739579E+00
   0.2000000E+00   0.2760000E+00   0.2047115E+01   0.9647459E+00   0.2350028E+00   0.8609596E+00
   0.2000000E+00   0.2770000E+00   0.2114326E+01   0.9701452E+00   0.2322028E+00   0.8769575E+00
   0.2000000E+00   0.2780000E+00   0.2087922E+01   0.1009943E+01   0.2446030E+00   0.9043539E+00
   0.2000000E+00   0.2790000E+00   0.2104324E+01   0.1013543E+01   0.2464030E+00   0.9271508E+00
   0.2000000E+00   0.2800000E+00   0.2111326E+01   0.1015344E+01   0.2566032E+00   0.9037539E+00
   0.2000000E+00   0.2810000E+00   0.2118127E+01   0.9921423E+00   0.2536031E+00   0.9209517E+00
   0.2000000E+00   0.2820000E+00   0.2136730E+01   0.1028746E+01   0.2566032E+00   0.9325501E+00
   0.2000000E+00   0.2830000E+00   0.2112726E+01   0.1034147E+01   0.2602032E+00   0.9099531E+00
   0.2000000E+00   0.2840000E+00   0.2205541E+01   0.1034147E+01   0.2594032E+00   0.9411490E+00
   0.2000000E+00   0.2850000E+00   0.2216343E+01   0.1045749E+01   0.2540031E+00   0.9451485E+00
   0.2000000E+00   0.2860000E+00   0.2141931E+01   0.1006942E+01   0.2604032E+00   0.9295505E+00
   0.2000000E+00   0.2870000E+00   0.2119127E+01   0.1042348E+01   0.2664033E+00   0.9101531E+00
   0.2000000E+00   0.2880000E+00   0.2208742E+01   0.1055750E+01   0.2678034E+00   0.9549472E+00
   0.2000000E+00   0.2890000E+00   0.2250149E+01   0.1040748E+01   0.2646033E+00   0.9621462E+00
   0.2000000E+00   0.2900000E+00   0.2267751E+01   0.1070753E+01   0.2664033E+00   0.9837434E+00
   0.2000000E+00   0.2910000E+00   0.2281154E+01   0.1088156E+01   0.2706034E+00   0.9817436E+00
   0.2000000E+00   0.2920000E+00   0.2277153E+01   0.1070753E+01   0.2720034E+00   0.9891427E+00
   0.2000000E+00   0.2930000E+00   0.2276553E+01   0.1116961E+01   0.2848037E+00   0.9831434E+00
   0.2000000E+00   0.2940000E+00   0.2292156E+01   0.1103958E+01   0.2852037E+00   0.9999412E+00
   0.2000000E+00   0.2950000E+00   0.2268152E+01   0.1118161E+01   0.2734035E+00   0.9753445E+00
   0.2000000E+00   0.2960000E+00   0.2302357E+01   0.1083555E+01   0.2888037E+00   0.9897426E+00
   0.2000000E+00   0.2970000E+00   0.2272552E+01   0.1106159E+01   0.2870037E+00   0.9979415E+00
   0.2000000E+00   0.2980000E+00   0.2333562E+01   0.1096957E+01   0.2956038E+00   0.9951419E+00
   0.2000000E+00   0.2990000E+00   0.2352365E+01   0.1130963E+01   0.2848037E+00   0.1020145E+01
   0.2000000E+00   0.3000000E+00   0.2372169E+01   0.1105159E+01   0.2900037E+00   0.1037748E+01
   0.2000000E+00   0.3010000E+00   0.2383571E+01   0.1133763E+01   0.3060040E+00   0.1040348E+01
   0.2000000E+00   0.3020000E+00   0.2353366E+01   0.1121161E+01   0.2908038E+00   0.9933421E+00
   0.2000000E+00   0.3030000E+00   0.2360367E+01   0.1161568E+01   0.2980039E+00   0.1008743E+01
   0.2000000E+00   0.3040000E+00   0.2388772E+01   0.1170970E+01   0.2840036E+00   0.1030746E+01
   0.2000000E+00   0.3050000E+00   0.2428178E+01   0.1167369E+01   0.3002039E+00   0.1030146E+01
   0.2000000E+00   0.3060000E+00   0.2385971E+01   0.1179971E+01   0.2946038E+00   0.1043949E+01
   0.2000000E+00   0.3070000E+00   0.2425178E+01   0.1157367E+01   0.3142042E+00   0.1076154E+01
   0.2000000E+00   0.3080000E+00   0.2377570E+01   0.1191973E+01   0.3062040E+00   0.1038548E+01
   0.2000000E+00   0.3090000E+00   0.2410575E+01   0.1207376E+01   0.3064040E+00   0.1040948E+01
   0.2000000E+00   0.3100000E+00   0.2445381E+01   0.1171570E+01   0.2960038E+00   0.1059351E+01
   0.2000000E+00   0.3110000E+00   0.2475986E+01   0.1157167E+01   0.3124041E+00   0.1083355E+01
   0.2000000E+00   0.3120000E+00   0.2445381E+01   0.1203775E+01   0.3142042E+00   0.1065752E+01
   0.2000000E+00   0.3130000E+00   0.2466584E+01   0.1207776E+01   0.3196042E+00   0.1094557E+01
   0.2000000E+00   0.3140000E+00   0.2542997E+01   0.1178571E+01   0.3316045E+00   0.1106159E+01
   0.2000000E+00   0.3150000E+00   0.2459383E+01   0.1197374E+01   0.3376046E+00   0.1078754E+01
   0.2000000E+00   0.3160000E+00   0.2476786E+01   0.1212577E+01   0.3134041E+00   0.1064352E+01
   0.2000000E+00   0.3170000E+00   0.2489988E+01   0.1180171E+01   0.3136041E+00   0.1088556E+01
   0.2000000E+00   0.3180000E+00   0.2474786E+01   0.1215377E+01   0.3294044E+00   0.1084555E+01
   0.2000000E+00   0.3190000E+00   0.2516393E+01   0.1216177E+01   0.3116041E+00   0.1078154E+01
   0.2000000E+00   0.3200000E+00   0.2508191E+01   0.1218778E+01   0.3278044E+00   0.1086356E+01
   0.2000000E+00   0.3210000E+00   0.2453182E+01   0.1202375E+01   0.3154042E+00   0.1052550E+01
   0.2000000E+00   0.3220000E+00   0.2502990E+01   0.1212577E+01   0.3188042E+00   0.1089156E+01
   0.2000000E+00   0.3230000E+00   0.2500390E+01   0.1240181E+01   0.3384046E+00   0.1083155E+01
   0.2000000E+00   0.3240000E+00   0.2530395E+01   0.1234380E+01   0.3248043E+00   0.1100558E+01
   0.2000000E+00   0.3250000E+00   0.2506591E+01   0.1228779E+01   0.3334045E+00   0.1111760E+01
   0.2000000E+00   0.3260000E+00   0.2529795E+01   0.1233180E+01   0.3312044E+00   0.1116961E+01
   0.2000000E+00   0.3270000E+00   0.2521794E+01   0.1223378E+01   0.3412046E+00   0.1095757E+01
   0.2000000E+00   0.3280000E+00   0.2532995E+01   0.1230179E+01   0.3374045E+00   0.1110360E+01
   0.2000000E+00   0.3290000E+00   0.2443381E+01   0.1222378E+01   0.3498048E+00   0.1083355E+01
   0.2000000E+00   0.3300000E+00   0.2483987E+01   0.1204775E+01   0.3450047E+00   0.1095557E+01
   0.2000000E+00   0.3310000E+00   0.2459383E+01   0.1225179E+01   0.3326045E+00   0.1097557E+01
   0.2000000E+00   0.3320000E+00   0.2480987E+01   0.1226379E+01   0.3346045E+00   0.1107159E+01
   0.2000000E+00   0.3330000E+00   0.2437380E+01   0.1207976E+01   0.3400046E+00   0.1082355E+01
   0.2000000E+00   0.3340000E+00   0.2443981E+01   0.1217377E+01   0.3418046E+00   0.1086756E+01
   0.2000000E+00   0.3350000E+00   0.2494789E+01   0.1214177E+01   0.3254043E+00   0.1099158E+01
   0.2000000E+00   0.3360000E+00   0.2438380E+01   0.1192373E+01   0.3300044E+00   0.1079955E+01
   0.2000000E+00   0.3370000E+00   0.2439780E+01   0.1175170E+01   0.3514048E+00   0.1085155E+01
   0.2000000E+00   0.3380000E+00   0.2315559E+01   0.1224578E+01   0.3428046E+00   0.1052550E+01
   0.2000000E+00   0.3390000E+00   0.2354566E+01   0.1201175E+01   0.3426046E+00   0.1060751E+01
   0.2000000E+00   0.3400000E+00   0.2366768E+01   0.1180571E+01   0.3456047E+00   0.1065352E+01
   0.2000000E+00   0.3410000E+00   0.2407375E+01   0.1175770E+01   0.3308044E+00   0.1060751E+01
   0.2000000E+00   0.3420000E+00   0.2353966E+01   0.1177771E+01   0.3482047E+00   0.1073353E+01
   0.2000000E+00   0.3430000E+00   0.2226545E+01   0.1162568E+01   0.3536048E+00   0.1031947E+01
   0.2000000E+00   0.3440000E+00   0.2251549E+01   0.1163168E+01   0.3202043E+00   0.1024545E+01
   0.2000000E+00   0.3450000E+00   0.2253349E+01   0.1135964E+01   0.3480047E+00   0.1021745E+01
   0.2000000E+00   0.3460000E+00   0.2228945E+01   0.1122562E+01   0.3368045E+00   0.1002542E+01
   0.2000000E+00   0.3470000E+00   0.2174336E+01   0.1134764E+01   0.3364045E+00   0.1007743E+01
   0.2000000E+00   0.3480000E+00   0.2135530E+01   0.1135164E+01   0.3308044E+00   0.9761444E+00
   0.2000000E+00   0.3490000E+00   0.2134929E+01   0.1067953E+01   0.3308044E+00   0.9587467E+00
   0.2000000E+00   0.3500000E+00   0.2061517E+01   0.1060151E+01   0.3300044E+00   0.9449485E+00
   0.2000000E+00   0.3510000E+00   0.2037113E+01   0.1049950E+01   0.3242043E+00   0.9361497E+00
   0.2000000E+00   0.3520000E+00   0.2011909E+01   0.1038348E+01   0.3172042E+00   0.9083533E+00
   0.2000000E+00   0.3530000E+00   0.1941898E+01   0.1019945E+01   0.3266044E+00   0.9031540E+00
   0.2000000E+00   0.3540000E+00   0.1881087E+01   0.9877428E+00   0.3188042E+00   0.8803570E+00
   0.2000000E+00   0.3550000E+00   0.1898290E+01   0.9595466E+00   0.3148042E+00   0.8743578E+00
   0.2000000E+00   0.3560000E+00   0.1832879E+01   0.9461483E+00   0.2994039E+00   0.8369628E+00
   0.2000000E+00   0.3570000E+00   0.1830079E+01   0.9433487E+00   0.3006039E+00   0.8339632E+00
   0.2000000E+00   0.3580000E+00   0.1777870E+01   0.9321502E+00   0.3182042E+00   0.8361629E+00
   0.2000000E+00   0.3590000E+00   0.1784871E+01   0.9103531E+00   0.3038040E+00   0.8195651E+00
   0.2000000E+00   0.3600000E+00   0.1803875E+01   0.9161523E+00   0.3110041E+00   0.8109662E+00
   0.2000000E+00   0.3610000E+00   0.1756867E+01   0.9319502E+00   0.3166042E+00   0.8267641E+00
   0.2000000E+00   0.3620000E+00   0.1815877E+01   0.9379494E+00   0.3218043E+00   0.8407623E+00
   0.2000000E+00   0.3630000E+00   0.1777470E+01   0.9525475E+00   0.3076040E+00   0.8287638E+00
   0.2000000E+00   0.3640000E+00   0.1860284E+01   0.9531474E+00   0.3110041E+00   0.8565602E+00
   0.2000000E+00   0.3650000E+00   0.1850882E+01   0.9525475E+00   0.3210043E+00   0.8691585E+00
   0.2000000E+00   0.3660000E+00   0.1865885E+01   0.9653458E+00   0.3388046E+00   0.8779573E+00
   0.2000000E+00   0.3670000E+00   0.1868485E+01   0.9999412E+00   0.3312044E+00   0.8787572E+00
   0.2000000E+00   0.3680000E+00   0.1864485E+01   0.1003342E+01   0.3280044E+00   0.8945552E+00
   0.2000000E+00   0.3690000E+00   0.1896890E+01   0.9783441E+00   0.3400046E+00   0.8909556E+00
   0.2000000E+00   0.3700000E+00   0.1887088E+01   0.9803438E+00   0.3256043E+00   0.8981547E+00
   0.2000000E+00   0.3710000E+00   0.1943498E+01   0.9953418E+00   0.3424046E+00   0.9081534E+00
   0.2000000E+00   0.3720000E+00   0.1928695E+01   0.9791440E+00   0.3302044E+00   0.8909556E+00
   0.2000000E+00   0.3730000E+00   0.1931896E+01   0.1018944E+01   0.3380046E+00   0.9133527E+00
   0.2000000E+00   0.3740000E+00   0.1950299E+01   0.9959418E+00   0.3398046E+00   0.9179521E+00
   0.2000000E+00   0.3750000E+00   0.1901691E+01   0.1006942E+01   0.3584049E+00   0.9253511E+00
   0.2000000E+00   0.3760000E+00   0.1917894E+01   0.1041148E+01   0.3504048E+00   0.8845565E+00
   0.2000000E+00   0.3770000E+00   0.1949299E+01   0.1019945E+01   0.3524048E+00   0.9287506E+00
   0.2000000E+00   0.3780000E+00   0.1903291E+01   0.1031146E+01   0.3638050E+00   0.9235513E+00
   0.2000000E+00   0.3790000E+00   0.2004308E+01   0.1053750E+01   0.3692051E+00   0.9211516E+00
   0.2000000E+00   0.3800000E+00   0.2003108E+01   0.1076554E+01   0.3540048E+00   0.9467483E+00
   0.2000000E+00   0.3810000E+00   0.1974303E+01   0.1057351E+01   0.3728051E+00   0.9417489E+00
   0.2000000E+00   0.3820000E+00   0.2002307E+01   0.1037948E+01   0.3674051E+00   0.9315503E+00
   0.2000000E+00   0.3830000E+00   0.2000107E+01   0.1053350E+01   0.3688051E+00   0.9509477E+00
   0.2000000E+00   0.3840000E+00   0.1963501E+01   0.1057151E+01   0.3668050E+00   0.9301504E+00
   0.2000000E+00   0.3850000E+00   0.1999107E+01   0.1080955E+01   0.3848054E+00   0.9553471E+00
   0.2000000E+00   0.3860000E+00   0.2054916E+01   0.1057951E+01   0.3726051E+00   0.9627461E+00
   0.2000000E+00   0.3870000E+00   0.1991306E+01   0.1127362E+01   0.3750052E+00   0.9607464E+00
   0.2000000E+00   0.3880000E+00   0.1979104E+01   0.1106759E+01   0.3746052E+00   0.9651458E+00
   0.2000000E+00   0.3890000E+00   0.2057717E+01   0.1084755E+01   0.3830053E+00   0.9821436E+00
   0.2000000E+00   0.3900000E+00   0.2077120E+01   0.1105559E+01   0.3860054E+00   0.9921423E+00
   0.2000000E+00   0.3910000E+00   0.2084921E+01   0.1115360E+01   0.3920055E+00   0.9955418E+00
   0.2000000E+00   0.3920000E+00   0.2105325E+01   0.1118761E+01   0.3904054E+00   0.1002342E+01
   0.2000000E+00   0.3930000E+00   0.2087722E+01   0.1139164E+01   0.3792053E+00   0.1011943E+01
   0.2000000E+00   0.3940000E+00   0.2073319E+01   0.1122562E+01   0.4058057E+00   0.9951419E+00
   0.2000000E+00   0.3950000E+00   0.2160534E+01   0.1116161E+01   0.4140058E+00   0.1029546E+01
   0.2000000E+00   0.3960000E+00   0.2137530E+01   0.1126562E+01   0.3962055E+00   0.1005342E+01
   0.2000000E+00   0.3970000E+00   0.2041114E+01   0.1122562E+01   0.3992056E+00   0.1000341E+01
   0.2000000E+00   0.3980000E+00   0.2094523E+01   0.1130763E+01   0.4034057E+00   0.1005942E+01
   0.2000000E+00   0.3990000E+00   0.2079120E+01   0.1138764E+01   0.4176059E+00   0.1026146E+01
   0.2000000E+00   0.4000000E+00   0.2120127E+01   0.1147766E+01   0.4086058E+00   0.1040348E+01
   0.2000000E+00   0.4010000E+00   0.2133929E+01   0.1173570E+01   0.4120058E+00   0.1026146E+01
   0.2000000E+00   0.4020000E+00   0.2140730E+01   0.1168969E+01   0.4218060E+00   0.1042548E+01
   0.2000000E+00   0.4030000E+00   0.2091722E+01   0.1168569E+01   0.4154059E+00   0.1025545E+01
   0.2000000E+00   0.4040000E+00   0.2066118E+01   0.1128563E+01   0.4160059E+00   0.1013744E+01
   0.2000000E+00   0.4050000E+00   0.2113926E+01   0.1157767E+01   0.4418063E+00   0.1022945E+01
   0.2000000E+00   0.4060000E+00   0.2117126E+01   0.1188973E+01   0.4108058E+00   0.1040548E+01
   0.2000000E+00   0.4070000E+00   0.2097923E+01   0.1219578E+01   0.4268061E+00   0.1043748E+01
   0.2000000E+00   0.4080000E+00   0.2142331E+01   0.1183772E+01   0.4218060E+00   0.1051350E+01
   0.2000000E+00   0.4090000E+00   0.2203341E+01   0.1190173E+01   0.4408063E+00   0.1055550E+01
   0.2000000E+00   0.4100000E+00   0.2133929E+01   0.1177571E+01   0.4160059E+00   0.1046949E+01
   0.2000000E+00   0.4110000E+00   0.2116726E+01   0.1186372E+01   0.4446064E+00   0.1063552E+01
   0.2000000E+00   0.4120000E+00   0.2149732E+01   0.1180371E+01   0.4284061E+00   0.1043748E+01
   0.2000000E+00   0.4130000E+00   0.2167735E+01   0.1214577E+01   0.4336062E+00   0.1049149E+01
   0.2000000E+00   0.4140000E+00   0.2105725E+01   0.1202975E+01   0.4548065E+00   0.1055350E+01
   0.2000000E+00   0.4150000E+00   0.2152132E+01   0.1193573E+01   0.4300061E+00   0.1047749E+01
   0.2000000E+00   0.4160000E+00   0.2118327E+01   0.1172770E+01   0.4402063E+00   0.1044349E+01
   0.2000000E+00   0.4170000E+00   0.2235746E+01   0.1204775E+01   0.4480064E+00   0.1090756E+01
   0.2000000E+00   0.4180000E+00   0.2152532E+01   0.1190773E+01   0.4424063E+00   0.1055350E+01
   0.2000000E+00   0.4190000E+00   0.2177536E+01   0.1234980E+01   0.4588066E+00   0.1080355E+01
   0.2000000E+00   0.4200000E+00   0.2140330E+01   0.1213977E+01   0.4600066E+00   0.1056951E+01
   0.2000000E+00   0.4210000E+00   0.2116326E+01   0.1203975E+01   0.4450064E+00   0.1051550E+01
   0.2000000E+00   0.4220000E+00   0.2184538E+01   0.1199974E+01   0.4492064E+00   0.1061751E+01
   0.2000000E+00   0.4230000E+00   0.2160134E+01   0.1235380E+01   0.4652067E+00   0.1095757E+01
   0.2000000E+00   0.4240000E+00   0.2113126E+01   0.1235580E+01   0.4790069E+00   0.1061551E+01
   0.2000000E+00   0.4250000E+00   0.2165134E+01   0.1232380E+01   0.4918072E+00   0.1069553E+01
   0.2000000E+00   0.4260000E+00   0.2114926E+01   0.1248582E+01   0.4784069E+00   0.1070153E+01
   0.2000000E+00   0.4270000E+00   0.2132529E+01   0.1216777E+01   0.4654067E+00   0.1061751E+01
   0.2000000E+00   0.4280000E+00   0.2135129E+01   0.1208976E+01   0.4840070E+00   0.1076554E+01
   0.2000000E+00   0.4290000E+00   0.2109525E+01   0.1207976E+01   0.4892071E+00   0.1079754E+01
   0.2000000E+00   0.4300000E+00   0.2082121E+01   0.1246782E+01   0.4784069E+00   0.1072153E+01
   0.2000000E+00   0.4310000E+00   0.2137930E+01   0.1253583E+01   0.4966072E+00   0.1087956E+01
   0.2000000E+00   0.4320000E+00   0.2124728E+01   0.1257184E+01   0.4720068E+00   0.1057951E+01
   0.2000000E+00   0.4330000E+00   0.2102524E+01   0.1221178E+01   0.4802070E+00   0.1053150E+01
   0.2000000E+00   0.4340000E+00   0.2130129E+01   0.1223778E+01   0.5082062E+00   0.1088356E+01
   0.2000000E+00   0.4350000E+00   0.2114726E+01   0.1218578E+01   0.5052066E+00   0.1101358E+01
   0.2000000E+00   0.4360000E+00   0.2081321E+01   0.1231780E+01   0.4766069E+00   0.1084755E+01
   0.2000000E+00   0.4370000E+00   0.2080120E+01   0.1183572E+01   0.4746069E+00   0.1075954E+01
   0.2000000E+00   0.4380000E+00   0.2072319E+01   0.1260584E+01   0.5034068E+00   0.1088956E+01
   0.2000000E+00   0.4390000E+00   0.2057917E+01   0.1245582E+01   0.4852071E+00   0.1067352E+01
   0.2000000E+00   0.4400000E+00   0.2038913E+01   0.1209176E+01   0.5000073E+00   0.1070753E+01
   0.2000000E+00   0.4410000E+00   0.2070719E+01   0.1226179E+01   0.5048066E+00   0.1083155E+01
   0.2000000E+00   0.4420000E+00   0.2032312E+01   0.1224779E+01   0.5050066E+00   0.1072553E+01
   0.2000000E+00   0.4430000E+00   0.2060917E+01   0.1226579E+01   0.4938072E+00   0.1065152E+01
   0.2000000E+00   0.4440000E+00   0.2037913E+01   0.1223978E+01   0.4996073E+00   0.1061351E+01
   0.2000000E+00   0.4450000E+00   0.2031512E+01   0.1242181E+01   0.5042067E+00   0.1052550E+01
   0.2000000E+00   0.4460000E+00   0.2018310E+01   0.1225179E+01   0.4988073E+00   0.1048349E+01
   0.2000000E+00   0.4470000E+00   0.2011909E+01   0.1244582E+01   0.5116057E+00   0.1071353E+01
   0.2000000E+00   0.4480000E+00   0.2000907E+01   0.1224779E+01   0.5130056E+00   0.1064552E+01
   0.2000000E+00   0.4490000E+00   0.1990506E+01   0.1225579E+01   0.5144054E+00   0.1057151E+01
   0.2000000E+00   0.4500000E+00   0.1960301E+01   0.1228179E+01   0.4958072E+00   0.1050350E+01
   0.2000000E+00   0.4510000E+00   0.1979704E+01   0.1226779E+01   0.5064064E+00   0.1067752E+01
   0.2000000E+00   0.4520000E+00   0.1922494E+01   0.1247582E+01   0.5208045E+00   0.1066152E+01
   0.2000000E+00   0.4530000E+00   0.1940097E+01   0.1216377E+01   0.5000073E+00   0.1057951E+01
   0.2000000E+00   0.4540000E+00   0.1911292E+01   0.1237181E+01   0.5222043E+00   0.1073553E+01
   0.2000000E+00   0.4550000E+00   0.1916893E+01   0.1213177E+01   0.5166051E+00   0.1048149E+01
   0.2000000E+00   0.4560000E+00   0.1871486E+01   0.1206976E+01   0.5208045E+00   0.1019945E+01
   0.2000000E+00   0.4570000E+00   0.1867485E+01   0.1205575E+01   0.5260038E+00   0.1045749E+01
   0.2000000E+00   0.4580000E+00   0.1850082E+01   0.1208976E+01   0.5066064E+00   0.1033747E+01
   0.2000000E+00   0.4590000E+00   0.1821277E+01   0.1174170E+01   0.5030069E+00   0.9761444E+00
   0.2000000E+00   0.4600000E+00   0.1819677E+01   0.1166969E+01   0.5214044E+00   0.1000941E+01
   0.2000000E+00   0.4610000E+00   0.1779671E+01   0.1186372E+01   0.5210045E+00   0.1010543E+01
   0.2000000E+00   0.4620000E+00   0.1762668E+01   0.1178971E+01   0.5172050E+00   0.1009343E+01
   0.2000000E+00   0.4630000E+00   0.1765668E+01   0.1196174E+01   0.5216044E+00   0.1000341E+01
   0.2000000E+00   0.4640000E+00   0.1739664E+01   0.1203375E+01   0.5202046E+00   0.9903425E+00
   0.2000000E+00   0.4650000E+00   0.1795473E+01   0.1149966E+01   0.5122057E+00   0.9895426E+00
   0.2000000E+00   0.4660000E+00   0.1716860E+01   0.1158368E+01   0.5188048E+00   0.9789440E+00
   0.2000000E+00   0.4670000E+00   0.1745065E+01   0.1186972E+01   0.5100060E+00   0.9895426E+00
   0.2000000E+00   0.4680000E+00   0.1730662E+01   0.1173370E+01   0.5232042E+00   0.9735447E+00
   0.2000000E+00   0.4690000E+00   0.1700858E+01   0.1180771E+01   0.5206046E+00   0.9765443E+00
   0.2000000E+00   0.4700000E+00   0.1681854E+01   0.1153767E+01   0.5280036E+00   0.9721449E+00
   0.2000000E+00   0.4710000E+00   0.1680054E+01   0.1142765E+01   0.5128056E+00   0.9701452E+00
   0.2000000E+00   0.4720000E+00   0.1693056E+01   0.1149766E+01   0.5276036E+00   0.9741446E+00
   0.2000000E+00   0.4730000E+00   0.1642248E+01   0.1143165E+01   0.5100060E+00   0.9565470E+00
   0.2000000E+00   0.4740000E+00   0.1613843E+01   0.1120961E+01   0.5190048E+00   0.9551471E+00
   0.2000000E+00   0.4750000E+00   0.1623845E+01   0.1107359E+01   0.5198047E+00   0.9593466E+00
   0.2000000E+00   0.4760000E+00   0.1586439E+01   0.1139964E+01   0.5144054E+00   0.9245512E+00
   0.2000000E+00   0.4770000E+00   0.1558434E+01   0.1103958E+01   0.5228043E+00   0.9101531E+00
   0.2000000E+00   0.4780000E+00   0.1608842E+01   0.1138764E+01   0.5148053E+00   0.9489480E+00
   0.2000000E+00   0.4790000E+00   0.1550433E+01   0.1128363E+01   0.5256039E+00   0.9367496E+00
   0.2000000E+00   0.4800000E+00   0.1531829E+01   0.1151766E+01   0.5364025E+00   0.9381494E+00
   0.2000000E+00   0.4810000E+00   0.1542831E+01   0.1132763E+01   0.5292034E+00   0.9049538E+00
   0.2000000E+00   0.4820000E+00   0.1538431E+01   0.1156767E+01   0.5248040E+00   0.9307504E+00
   0.2000000E+00   0.4830000E+00   0.1573436E+01   0.1140365E+01   0.5408019E+00   0.9597465E+00
   0.2000000E+00   0.4840000E+00   0.1536430E+01   0.1140164E+01   0.5300033E+00   0.9375495E+00
   0.2000000E+00   0.4850000E+00   0.1527029E+01   0.1161768E+01   0.5510005E+00   0.9311503E+00
   0.2000000E+00   0.4860000E+00   0.1505225E+01   0.1130363E+01   0.5384022E+00   0.9279507E+00
   0.2000000E+00   0.4870000E+00   0.1537830E+01   0.1145965E+01   0.5280036E+00   0.9437487E+00
   0.2000000E+00   0.4880000E+00   0.1546232E+01   0.1151366E+01   0.5589995E+00   0.9447485E+00
   0.2000000E+00   0.4890000E+00   0.1560234E+01   0.1147166E+01   0.5522004E+00   0.9675455E+00
   0.2000000E+00   0.4900000E+00   0.1549032E+01   0.1174770E+01   0.5490008E+00   0.9693453E+00
   0.2000000E+00   0.4910000E+00   0.1530829E+01   0.1151366E+01   0.5635989E+00   0.9579468E+00
   0.2000000E+00   0.4920000E+00   0.1509426E+01   0.1174970E+01   0.5651987E+00   0.9539473E+00
   0.2000000E+00   0.4930000E+00   0.1533230E+01   0.1176170E+01   0.5653986E+00   0.9327501E+00
   0.2000000E+00   0.4940000E+00   0.1513626E+01   0.1182772E+01   0.5731976E+00   0.9691453E+00
   0.2000000E+00   0.4950000E+00   0.1534030E+01   0.1189573E+01   0.5563998E+00   0.9599465E+00
   0.2000000E+00   0.4960000E+00   0.1535630E+01   0.1160568E+01   0.5723977E+00   0.9525475E+00
   0.2000000E+00   0.4970000E+00   0.1531029E+01   0.1182171E+01   0.5763972E+00   0.9711450E+00
   0.2000000E+00   0.4980000E+00   0.1522828E+01   0.1175570E+01   0.5845961E+00   0.9649459E+00
   0.2000000E+00   0.4990000E+00   0.1581438E+01   0.1177571E+01   0.6057933E+00   0.9853432E+00
   0.2000000E+00   0.5000000E+00   0.1542631E+01   0.1214177E+01   0.5843961E+00   0.9935421E+00
   0.2000000E+00   0.5009999E+00   0.1563435E+01   0.1201175E+01   0.5855960E+00   0.9731448E+00
   0.2000000E+00   0.5019999E+00   0.1506025E+01   0.1163168E+01   0.6167918E+00   0.9811437E+00
   0.2000000E+00   0.5030000E+00   0.1486622E+01   0.1202375E+01   0.5921951E+00   0.9533474E+00
   0.2000000E+00   0.5039999E+00   0.1581638E+01   0.1217777E+01   0.5825964E+00   0.1008543E+01
   0.2000000E+00   0.5049999E+00   0.1528029E+01   0.1194574E+01   0.6211913E+00   0.9949419E+00
   0.2000000E+00   0.5059999E+00   0.1510426E+01   0.1239181E+01   0.6087929E+00   0.9923422E+00
   0.2000000E+00   0.5070000E+00   0.1518227E+01   0.1213777E+01   0.6221911E+00   0.9937420E+00
   0.2000000E+00   0.5080000E+00   0.1526029E+01   0.1196174E+01   0.6163919E+00   0.9793440E+00
   0.2000000E+00   0.5089999E+00   0.1518027E+01   0.1186772E+01   0.6117925E+00   0.9807438E+00
   0.2000000E+00   0.5099999E+00   0.1503225E+01   0.1203375E+01   0.6247908E+00   0.1003342E+01
   0.2000000E+00   0.5109999E+00   0.1539031E+01   0.1181771E+01   0.6411886E+00   0.1007743E+01
   0.2000000E+00   0.5120000E+00   0.1482221E+01   0.1222978E+01   0.6197914E+00   0.9909424E+00
   0.2000000E+00   0.5130000E+00   0.1479221E+01   0.1221378E+01   0.6279904E+00   0.9717450E+00
   0.2000000E+00   0.5139999E+00   0.1556234E+01   0.1199974E+01   0.6379890E+00   0.1005542E+01
   0.2000000E+00   0.5149999E+00   0.1459017E+01   0.1184572E+01   0.6387889E+00   0.9859431E+00
   0.2000000E+00   0.5159999E+00   0.1453016E+01   0.1239181E+01   0.6431884E+00   0.1014944E+01
   0.2000000E+00   0.5170000E+00   0.1449216E+01   0.1232180E+01   0.6333897E+00   0.9979415E+00
   0.2000000E+00   0.5179999E+00   0.1431813E+01   0.1207776E+01   0.6349894E+00   0.9781441E+00
   0.2000000E+00   0.5189999E+00   0.1468019E+01   0.1235180E+01   0.6373891E+00   0.1002142E+01
   0.2000000E+00   0.5199999E+00   0.1459217E+01   0.1238381E+01   0.6441882E+00   0.9995413E+00
   0.2000000E+00   0.5210000E+00   0.1390806E+01   0.1205175E+01   0.6655854E+00   0.9879428E+00
   0.2000000E+00   0.5220000E+00   0.1416210E+01   0.1241181E+01   0.6581864E+00   0.1012543E+01
   0.2000000E+00   0.5229999E+00   0.1362001E+01   0.1215977E+01   0.6467879E+00   0.9721449E+00
   0.2000000E+00   0.5239999E+00   0.1434613E+01   0.1239781E+01   0.6643856E+00   0.9973416E+00
   0.2000000E+00   0.5249999E+00   0.1412010E+01   0.1221778E+01   0.6709847E+00   0.9905425E+00
   0.2000000E+00   0.5260000E+00   0.1414210E+01   0.1241581E+01   0.6605861E+00   0.9907424E+00
   0.2000000E+00   0.5270000E+00   0.1373803E+01   0.1222778E+01   0.6663853E+00   0.9719449E+00
   0.2000000E+00   0.5279999E+00   0.1397607E+01   0.1232380E+01   0.6613860E+00   0.1001942E+01
   0.2000000E+00   0.5289999E+00   0.1382605E+01   0.1246382E+01   0.6591862E+00   0.9923422E+00
   0.2000000E+00   0.5299999E+00   0.1343798E+01   0.1231980E+01   0.6781837E+00   0.9953418E+00
   0.2000000E+00   0.5310000E+00   0.1350399E+01   0.1257384E+01   0.6717846E+00   0.9739447E+00
   0.2000000E+00   0.5319999E+00   0.1344798E+01   0.1218377E+01   0.6713846E+00   0.9883428E+00
   0.2000000E+00   0.5329999E+00   0.1335597E+01   0.1189973E+01   0.6689849E+00   0.9721449E+00
   0.2000000E+00   0.5339999E+00   0.1360201E+01   0.1225779E+01   0.6787837E+00   0.9761444E+00
   0.2000000E+00   0.5350000E+00   0.1344398E+01   0.1221978E+01   0.6725845E+00   0.9871429E+00
   0.2000000E+00   0.5360000E+00   0.1367002E+01   0.1225979E+01   0.6771839E+00   0.9961417E+00
   0.2000000E+00   0.5369999E+00   0.1304392E+01   0.1215577E+01   0.6957814E+00   0.9709451E+00
   0.2000000E+00   0.5379999E+00   0.1298991E+01   0.1216777E+01   0.6783837E+00   0.9671456E+00
   0.2000000E+00   0.5389999E+00   0.1269386E+01   0.1229179E+01   0.6829831E+00   0.9665456E+00
   0.2000000E+00   0.5400000E+00   0.1245982E+01   0.1211376E+01   0.6859827E+00   0.9631461E+00
   0.2000000E+00   0.5409999E+00   0.1254583E+01   0.1223978E+01   0.6947815E+00   0.9559470E+00
   0.2000000E+00   0.5419999E+00   0.1265985E+01   0.1217177E+01   0.6913820E+00   0.9635460E+00
   0.2000000E+00   0.5429999E+00   0.1254984E+01   0.1207776E+01   0.7065800E+00   0.9877428E+00
   0.2000000E+00   0.5439999E+00   0.1232780E+01   0.1233580E+01   0.6903821E+00   0.9381494E+00
   0.2000000E+00   0.5450000E+00   0.1212376E+01   0.1159568E+01   0.6805834E+00   0.9187520E+00
   0.2000000E+00   0.5459999E+00   0.1198974E+01   0.1195774E+01   0.6931818E+00   0.9403491E+00
   0.2000000E+00   0.5469999E+00   0.1218377E+01   0.1200975E+01   0.7203782E+00   0.9663457E+00
   0.2000000E+00   0.5479999E+00   0.1208176E+01   0.1178371E+01   0.7073799E+00   0.9583467E+00
   0.2000000E+00   0.5490000E+00   0.1169769E+01   0.1198774E+01   0.7067800E+00   0.9373495E+00
   0.2000000E+00   0.5500000E+00   0.1133963E+01   0.1213777E+01   0.7183784E+00   0.9585467E+00
   0.2000000E+00   0.5509999E+00   0.1158768E+01   0.1179171E+01   0.7221779E+00   0.9525475E+00
   0.2000000E+00   0.5519999E+00   0.1133763E+01   0.1165769E+01   0.7305768E+00   0.9339499E+00
   0.2000000E+00   0.5529999E+00   0.1148166E+01   0.1172370E+01   0.7123792E+00   0.9475482E+00
   0.2000000E+00   0.5540000E+00   0.1111360E+01   0.1196374E+01   0.7103795E+00   0.9221515E+00
   0.2000000E+00   0.5549999E+00   0.1089156E+01   0.1195174E+01   0.7403755E+00   0.9417489E+00
   0.2000000E+00   0.5559999E+00   0.1079554E+01   0.1179171E+01   0.7229778E+00   0.9117529E+00
   0.2000000E+00   0.5569999E+00   0.1112960E+01   0.1187972E+01   0.7077798E+00   0.9365496E+00
   0.2000000E+00   0.5579999E+00   0.1075754E+01   0.1188973E+01   0.7275772E+00   0.9341499E+00
   0.2000000E+00   0.5590000E+00   0.1042548E+01   0.1202375E+01   0.7251775E+00   0.9155524E+00
   0.2000000E+00   0.5599999E+00   0.1043748E+01   0.1176971E+01   0.7357761E+00   0.9275508E+00
   0.2000000E+00   0.5609999E+00   0.1062352E+01   0.1166969E+01   0.7353762E+00   0.9273508E+00
   0.2000000E+00   0.5619999E+00   0.1037147E+01   0.1176571E+01   0.7097796E+00   0.9173521E+00
   0.2000000E+00   0.5630000E+00   0.1015544E+01   0.1142965E+01   0.7295769E+00   0.8981547E+00
   0.2000000E+00   0.5640000E+00   0.1040348E+01   0.1185372E+01   0.7391757E+00   0.9349498E+00
   0.2000000E+00   0.5649999E+00   0.9859431E+00   0.1173570E+01   0.7383758E+00   0.8969548E+00
   0.2000000E+00   0.5659999E+00   0.9585467E+00   0.1149766E+01   0.7359761E+00   0.9019542E+00
   0.2000000E+00   0.5669999E+00   0.9845433E+00   0.1167769E+01   0.7437751E+00   0.8901557E+00
   0.2000000E+00   0.5680000E+00   0.9487480E+00   0.1197174E+01   0.7339764E+00   0.8993545E+00
   0.2000000E+00   0.5689999E+00   0.9873429E+00   0.1144565E+01   0.7463747E+00   0.9065536E+00
   0.2000000E+00   0.5699999E+00   0.9583467E+00   0.1172570E+01   0.7543737E+00   0.9239513E+00
   0.2000000E+00   0.5709999E+00   0.9569469E+00   0.1156367E+01   0.7547736E+00   0.8907557E+00
   0.2000000E+00   0.5719999E+00   0.9251511E+00   0.1171770E+01   0.7501742E+00   0.8891559E+00
   0.2000000E+00   0.5730000E+00   0.9605464E+00   0.1172370E+01   0.7495743E+00   0.9063536E+00
   0.2000000E+00   0.5739999E+00   0.9291506E+00   0.1172970E+01   0.7323766E+00   0.8791572E+00
   0.2000000E+00   0.5749999E+00   0.9373495E+00   0.1170770E+01   0.7523739E+00   0.9073535E+00
   0.2000000E+00   0.5759999E+00   0.9153524E+00   0.1190973E+01   0.7737711E+00   0.9071535E+00
   0.2000000E+00   0.5770000E+00   0.8993545E+00   0.1153367E+01   0.7725713E+00   0.8825567E+00
   0.2000000E+00   0.5779999E+00   0.9425488E+00   0.1177771E+01   0.7699716E+00   0.9179521E+00
   0.2000000E+00   0.5789999E+00   0.8933553E+00   0.1156767E+01   0.7669720E+00   0.9023541E+00
   0.2000000E+00   0.5799999E+00   0.8673587E+00   0.1166169E+01   0.7871693E+00   0.9071535E+00
   0.2000000E+00   0.5809999E+00   0.8975548E+00   0.1170970E+01   0.7801703E+00   0.9087533E+00
   0.2000000E+00   0.5820000E+00   0.8947551E+00   0.1172370E+01   0.7947683E+00   0.9279507E+00
   0.2000000E+00   0.5829999E+00   0.8809569E+00   0.1160768E+01   0.7769707E+00   0.9029540E+00
   0.2000000E+00   0.5839999E+00   0.8831567E+00   0.1155567E+01   0.7985678E+00   0.9153524E+00
   0.2000000E+00   0.5849999E+00   0.8577600E+00   0.1168569E+01   0.8073667E+00   0.8999544E+00
   0.2000000E+00   0.5860000E+00   0.8511609E+00   0.1134163E+01   0.7831699E+00   0.8719581E+00
   0.2000000E+00   0.5870000E+00   0.8219647E+00   0.1165969E+01   0.8163655E+00   0.9171522E+00
   0.2000000E+00   0.5879999E+00   0.8193651E+00   0.1176771E+01   0.8007675E+00   0.8963549E+00
   0.2000000E+00   0.5889999E+00   0.8587599E+00   0.1179371E+01   0.8481613E+00   0.9231514E+00
   0.2000000E+00   0.5899999E+00   0.8449617E+00   0.1174970E+01   0.8037671E+00   0.9023541E+00
   0.2000000E+00   0.5910000E+00   0.8429620E+00   0.1174170E+01   0.8265641E+00   0.9135526E+00
   0.2000000E+00   0.5919999E+00   0.8211648E+00   0.1162568E+01   0.8181652E+00   0.8941552E+00
   0.2000000E+00   0.5929999E+00   0.8075666E+00   0.1158768E+01   0.8261642E+00   0.9127527E+00
   0.2000000E+00   0.5939999E+00   0.8355629E+00   0.1177971E+01   0.8229646E+00   0.8987546E+00
   0.2000000E+00   0.5949999E+00   0.8273640E+00   0.1161968E+01   0.8381626E+00   0.9201518E+00
   0.2000000E+00   0.5960000E+00   0.8229646E+00   0.1157367E+01   0.8439618E+00   0.9191519E+00
   0.2000000E+00   0.5969999E+00   0.8027673E+00   0.1172570E+01   0.8397624E+00   0.9027541E+00
   0.2000000E+00   0.5979999E+00   0.7851696E+00   0.1182371E+01   0.8051670E+00   0.8793572E+00
   0.2000000E+00   0.5989999E+00   0.7773706E+00   0.1218978E+01   0.8409622E+00   0.9061536E+00
   0.2000000E+00   0.6000000E+00   0.7957682E+00   0.1218578E+01   0.8423620E+00   0.9361497E+00
   0.2000000E+00   0.6010000E+00   0.7601729E+00   0.1164769E+01   0.8467615E+00   0.8937553E+00
   0.2000000E+00   0.6019999E+00   0.7579732E+00   0.1198774E+01   0.8731580E+00   0.9089532E+00
   0.2000000E+00   0.6029999E+00   0.7663721E+00   0.1203375E+01   0.8393624E+00   0.9213516E+00
   0.2000000E+00   0.6039999E+00   0.7341763E+00   0.1180571E+01   0.8551604E+00   0.9137526E+00
   0.2000000E+00   0.6050000E+00   0.7651722E+00   0.1166769E+01   0.8699584E+00   0.9143525E+00
   0.2000000E+00   0.6059999E+00   0.7431751E+00   0.1169169E+01   0.8775574E+00   0.9145525E+00
   0.2000000E+00   0.6069999E+00   0.7025805E+00   0.1190173E+01   0.8809569E+00   0.9107530E+00
   0.2000000E+00   0.6079999E+00   0.7525739E+00   0.1171370E+01   0.8935553E+00   0.9233513E+00
   0.2000000E+00   0.6089999E+00   0.7321766E+00   0.1166169E+01   0.8721581E+00   0.9139526E+00
   0.2000000E+00   0.6100000E+00   0.7107794E+00   0.1152967E+01   0.8951551E+00   0.9109530E+00
   0.2000000E+00   0.6109999E+00   0.7097796E+00   0.1186372E+01   0.8905557E+00   0.9107530E+00
   0.2000000E+00   0.6119999E+00   0.6749842E+00   0.1177971E+01   0.8919555E+00   0.9351498E+00
   0.2000000E+00   0.6129999E+00   0.7009807E+00   0.1181571E+01   0.9053537E+00   0.9083533E+00
   0.2000000E+00   0.6140000E+00   0.6745842E+00   0.1162768E+01   0.8847564E+00   0.8933553E+00
   0.2000000E+00   0.6149999E+00   0.6695849E+00   0.1180571E+01   0.8931553E+00   0.8923554E+00
   0.2000000E+00   0.6159999E+00   0.6671852E+00   0.1153967E+01   0.8843565E+00   0.9013543E+00
   0.2000000E+00   0.6169999E+00   0.6859827E+00   0.1166169E+01   0.9061536E+00   0.9255511E+00
   0.2000000E+00   0.6179999E+00   0.6679851E+00   0.1161568E+01   0.9169522E+00   0.8921555E+00
   0.2000000E+00   0.6190000E+00   0.6177917E+00   0.1148566E+01   0.8779573E+00   0.8879560E+00
   0.2000000E+00   0.6199999E+00   0.6345895E+00   0.1171570E+01   0.8965549E+00   0.9061536E+00
   0.2000000E+00   0.6209999E+00   0.6359893E+00   0.1156567E+01   0.9307504E+00   0.9285507E+00
   0.2000000E+00   0.6219999E+00   0.6409886E+00   0.1163368E+01   0.9169522E+00   0.9115529E+00
   0.2000000E+00   0.6229999E+00   0.6217912E+00   0.1171370E+01   0.9331501E+00   0.9075534E+00
   0.2000000E+00   0.6240000E+00   0.6097928E+00   0.1155567E+01   0.9119529E+00   0.8897558E+00
   0.2000000E+00   0.6249999E+00   0.5777970E+00   0.1135564E+01   0.9175521E+00   0.8813569E+00
   0.2000000E+00   0.6259999E+00   0.5859959E+00   0.1150566E+01   0.9125528E+00   0.9099531E+00
   0.2000000E+00   0.6269999E+00   0.5807966E+00   0.1156767E+01   0.9247512E+00   0.8995545E+00
   0.2000000E+00   0.6280000E+00   0.5769971E+00   0.1112760E+01   0.9461483E+00   0.9059536E+00
   0.2000000E+00   0.6289999E+00   0.5619991E+00   0.1172170E+01   0.9643459E+00   0.9051538E+00
   0.2000000E+00   0.6299999E+00   0.5554000E+00   0.1109159E+01   0.9491479E+00   0.8969548E+00
   0.2000000E+00   0.6309999E+00   0.5581996E+00   0.1122962E+01   0.9435487E+00   0.8969548E+00
   0.2000000E+00   0.6319999E+00   0.5332029E+00   0.1114960E+01   0.9437487E+00   0.8749577E+00
   0.2000000E+00   0.6330000E+00   0.5294034E+00   0.1138364E+01   0.9531474E+00   0.8795571E+00
   0.2000000E+00   0.6339999E+00   0.5330029E+00   0.1124362E+01   0.9747446E+00   0.8949551E+00
   0.2000000E+00   0.6349999E+00   0.5262038E+00   0.1132563E+01   0.9643459E+00   0.8819568E+00
   0.2000000E+00   0.6359999E+00   0.5142054E+00   0.1113360E+01   0.9833434E+00   0.8997545E+00
   0.2000000E+00   0.6369999E+00   0.5200046E+00   0.1112160E+01   0.9643459E+00   0.8883560E+00
   0.2000000E+00   0.6380000E+00   0.4936072E+00   0.1110760E+01   0.9825435E+00   0.8757576E+00
   0.2000000E+00   0.6389999E+00   0.4852071E+00   0.1124162E+01   0.9841433E+00   0.8887559E+00
   0.2000000E+00   0.6399999E+00   0.4828070E+00   0.1139764E+01   0.9763443E+00   0.8953550E+00
   0.2000000E+00   0.6409999E+00   0.4854071E+00   0.1103758E+01   0.9757444E+00   0.8989546E+00
   0.2000000E+00   0.6420000E+00   0.4856071E+00   0.1132563E+01   0.9991413E+00   0.8999544E+00
   0.2000000E+00   0.6429999E+00   0.4766069E+00   0.1114160E+01   0.9909424E+00   0.9089532E+00
   0.2000000E+00   0.6439999E+00   0.4888071E+00   0.1124362E+01   0.9977415E+00   0.9007543E+00
   0.2000000E+00   0.6449999E+00   0.4660067E+00   0.1132163E+01   0.9655458E+00   0.8825567E+00
   0.2000000E+00   0.6459999E+00   0.4634067E+00   0.1118161E+01   0.1010943E+01   0.9099531E+00
   0.2000000E+00   0.6470000E+00   0.4450064E+00   0.1126162E+01   0.1010343E+01   0.8943552E+00
   0.2000000E+00   0.6479999E+00   0.4410063E+00   0.1119561E+01   0.1004142E+01   0.8865562E+00
   0.2000000E+00   0.6489999E+00   0.4542065E+00   0.1083555E+01   0.1026146E+01   0.8991545E+00
   0.2000000E+00   0.6499999E+00   0.4476064E+00   0.1111360E+01   0.9947419E+00   0.8993545E+00
   0.2000000E+00   0.6509999E+00   0.4324062E+00   0.1109159E+01   0.9951419E+00   0.8857563E+00
   0.2000000E+00   0.6520000E+00   0.4078057E+00   0.1099358E+01   0.1024345E+01   0.8883560E+00
   0.2000000E+00   0.6529999E+00   0.4168059E+00   0.1109959E+01   0.1049950E+01   0.9113529E+00
   0.2000000E+00   0.6539999E+00   0.4018056E+00   0.1072553E+01   0.1040548E+01   0.8815569E+00
   0.2000000E+00   0.6549999E+00   0.3890054E+00   0.1107959E+01   0.9939420E+00   0.8511609E+00
   0.2000000E+00   0.6560000E+00   0.3932055E+00   0.1107159E+01   0.1031346E+01   0.8927554E+00
   0.2000000E+00   0.6569999E+00   0.4054057E+00   0.1080755E+01   0.1038548E+01   0.8965549E+00
   0.2000000E+00   0.6579999E+00   0.3998056E+00   0.1097357E+01   0.1032747E+01   0.8761576E+00
   0.2000000E+00   0.6589999E+00   0.3808053E+00   0.1071353E+01   0.1065152E+01   0.8977547E+00
   0.2000000E+00   0.6599999E+00   0.3700051E+00   0.1081555E+01   0.1053550E+01   0.8965549E+00
   0.2000000E+00   0.6610000E+00   0.3898054E+00   0.1116161E+01   0.1044149E+01   0.8885559E+00
   0.2000000E+00   0.6619999E+00   0.3768052E+00   0.1096157E+01   0.1067552E+01   0.9147525E+00
   0.2000000E+00   0.6629999E+00   0.3840053E+00   0.1110360E+01   0.1047549E+01   0.9049538E+00
   0.2000000E+00   0.6639999E+00   0.3736052E+00   0.1097357E+01   0.1065352E+01   0.8861563E+00
   0.2000000E+00   0.6649999E+00   0.3712051E+00   0.1107359E+01   0.1095757E+01   0.9101531E+00
   0.2000000E+00   0.6659999E+00   0.3484047E+00   0.1109159E+01   0.1075354E+01   0.8937553E+00
   0.2000000E+00   0.6669999E+00   0.3530048E+00   0.1112360E+01   0.1078554E+01   0.8989546E+00
   0.2000000E+00   0.6679999E+00   0.3346045E+00   0.1088356E+01   0.1075554E+01   0.8813569E+00
   0.2000000E+00   0.6689999E+00   0.3602049E+00   0.1109559E+01   0.1092957E+01   0.9117529E+00
   0.2000000E+00   0.6700000E+00   0.3172042E+00   0.1092557E+01   0.1070753E+01   0.8911556E+00
   0.2000000E+00   0.6709999E+00   0.3272044E+00   0.1084555E+01   0.1104759E+01   0.9117529E+00
   0.2000000E+00   0.6719999E+00   0.3400046E+00   0.1087556E+01   0.1109959E+01   0.9091532E+00
   0.2000000E+00   0.6729999E+00   0.3164042E+00   0.1078154E+01   0.1086356E+01   0.8841565E+00
   0.2000000E+00   0.6739999E+00   0.3198043E+00   0.1071353E+01   0.1116961E+01   0.9257510E+00
   0.2000000E+00   0.6750000E+00   0.3190042E+00   0.1080155E+01   0.1158568E+01   0.9295505E+00
   0.2000000E+00   0.6759999E+00   0.2980039E+00   0.1069353E+01   0.1130163E+01   0.9249511E+00
   0.2000000E+00   0.6769999E+00   0.2978039E+00   0.1084755E+01   0.1104759E+01   0.8999544E+00
   0.2000000E+00   0.6779999E+00   0.3128041E+00   0.1099558E+01   0.1108559E+01   0.9125528E+00
   0.2000000E+00   0.6789999E+00   0.2962039E+00   0.1048149E+01   0.1165569E+01   0.9269509E+00
   0.2000000E+00   0.6799999E+00   0.2832036E+00   0.1082955E+01   0.1141765E+01   0.9045538E+00
   0.2000000E+00   0.6809999E+00   0.2730035E+00   0.1085555E+01   0.1143765E+01   0.9229514E+00
   0.2000000E+00   0.6819999E+00   0.2946038E+00   0.1104959E+01   0.1154167E+01   0.9245512E+00
   0.2000000E+00   0.6829999E+00   0.2868037E+00   0.1081155E+01   0.1165169E+01   0.9227514E+00
   0.2000000E+00   0.6840000E+00   0.2834036E+00   0.1058751E+01   0.1193773E+01   0.9239513E+00
   0.2000000E+00   0.6849999E+00   0.2712034E+00   0.1075554E+01   0.1145965E+01   0.8985546E+00
   0.2000000E+00   0.6859999E+00   0.2610033E+00   0.1090756E+01   0.1190973E+01   0.9339499E+00
   0.2000000E+00   0.6869999E+00   0.2548032E+00   0.1094357E+01   0.1148366E+01   0.9039539E+00
   0.2000000E+00   0.6879999E+00   0.2480031E+00   0.1065552E+01   0.1210376E+01   0.9405491E+00
   0.2000000E+00   0.6890000E+00   0.2714034E+00   0.1086756E+01   0.1171370E+01   0.9261510E+00
   0.2000000E+00   0.6899999E+00   0.2504031E+00   0.1071753E+01   0.1177571E+01   0.9103531E+00
   0.2000000E+00   0.6909999E+00   0.2374029E+00   0.1038348E+01   0.1161368E+01   0.9055537E+00
   0.2000000E+00   0.6919999E+00   0.2404029E+00   0.1054950E+01   0.1185172E+01   0.9137526E+00
   0.2000000E+00   0.6929999E+00   0.2520031E+00   0.1038148E+01   0.1239181E+01   0.9383494E+00
   0.2000000E+00   0.6939999E+00   0.2160025E+00   0.1037948E+01   0.1211176E+01   0.9259510E+00
   0.2000000E+00   0.6949999E+00   0.2286027E+00   0.1033947E+01   0.1194774E+01   0.9225515E+00
   0.2000000E+00   0.6959999E+00   0.2228026E+00   0.1043148E+01   0.1198774E+01   0.9163523E+00
   0.2000000E+00   0.6969999E+00   0.2178025E+00   0.1009543E+01   0.1209176E+01   0.9021541E+00
   0.2000000E+00   0.6980000E+00   0.2052023E+00   0.1024945E+01   0.1222778E+01   0.9129527E+00
   0.2000000E+00   0.6989999E+00   0.2188026E+00   0.1044149E+01   0.1208976E+01   0.9269509E+00
   0.2000000E+00   0.6999999E+00   0.2146025E+00   0.1041348E+01   0.1221778E+01   0.9277508E+00
   0.2000000E+00   0.7009999E+00   0.1986022E+00   0.1029546E+01   0.1198574E+01   0.8965549E+00
   0.2000000E+00   0.7019999E+00   0.2098024E+00   0.9829435E+00   0.1230780E+01   0.9271508E+00
   0.2000000E+00   0.7029999E+00   0.1978022E+00   0.1016744E+01   0.1251783E+01   0.9223515E+00
   0.2000000E+00   0.7039999E+00   0.1972022E+00   0.1017744E+01   0.1248382E+01   0.9455484E+00
   0.2000000E+00   0.7049999E+00   0.1954022E+00   0.1025946E+01   0.1258184E+01   0.9287506E+00
   0.2000000E+00   0.7059999E+00   0.1826019E+00   0.1027546E+01   0.1259584E+01   0.9161523E+00
   0.2000000E+00   0.7070000E+00   0.1828019E+00   0.1032147E+01   0.1264385E+01   0.9401491E+00
   0.2000000E+00   0.7079999E+00   0.1782019E+00   0.1025746E+01   0.1244382E+01   0.9331501E+00
   0.2000000E+00   0.7089999E+00   0.1660017E+00   0.1011743E+01   0.1293390E+01   0.9579468E+00
   0.2000000E+00   0.7099999E+00   0.1772019E+00   0.1021945E+01   0.1300391E+01   0.9563470E+00
   0.2000000E+00   0.7109999E+00   0.1810019E+00   0.1022945E+01   0.1280988E+01   0.9391493E+00
   0.2000000E+00   0.7120000E+00   0.1810019E+00   0.1012943E+01   0.1268786E+01   0.9495479E+00
   0.2000000E+00   0.7129999E+00   0.1616016E+00   0.1019344E+01   0.1292790E+01   0.9593466E+00
   0.2000000E+00   0.7139999E+00   0.1574015E+00   0.1020545E+01   0.1290589E+01   0.9321502E+00
   0.2000000E+00   0.7149999E+00   0.1522014E+00   0.9813437E+00   0.1306392E+01   0.9417489E+00
   0.2000000E+00   0.7159999E+00   0.1468013E+00   0.1010543E+01   0.1312393E+01   0.9479481E+00
   0.2000000E+00   0.7169999E+00   0.1476014E+00   0.9977415E+00   0.1311193E+01   0.9245512E+00
   0.2000000E+00   0.7179999E+00   0.1464013E+00   0.9945419E+00   0.1306192E+01   0.9431487E+00
   0.2000000E+00   0.7189999E+00   0.1356011E+00   0.1013744E+01   0.1313993E+01   0.9381494E+00
   0.2000000E+00   0.7199999E+00   0.1488014E+00   0.9857431E+00   0.1337397E+01   0.9643459E+00
   0.2000000E+00   0.7210000E+00   0.1390012E+00   0.9821436E+00   0.1349799E+01   0.9521475E+00
   0.2000000E+00   0.7219999E+00   0.1320011E+00   0.1014544E+01   0.1352400E+01   0.9517476E+00
   0.2000000E+00   0.7229999E+00   0.1232009E+00   0.9793440E+00   0.1338997E+01   0.9303504E+00
   0.2000000E+00   0.7239999E+00   0.1368012E+00   0.9961417E+00   0.1325995E+01   0.9519476E+00
   0.2000000E+00   0.7249999E+00   0.1326011E+00   0.9755445E+00   0.1372003E+01   0.9735447E+00
   0.2000000E+00   0.7260000E+00   0.1290010E+00   0.9761444E+00   0.1370603E+01   0.9613463E+00
   0.2000000E+00   0.7269999E+00   0.1124008E+00   0.9701452E+00   0.1377004E+01   0.9877428E+00
   0.2000000E+00   0.7279999E+00   0.1208009E+00   0.9889427E+00   0.1380404E+01   0.9667456E+00
   0.2000000E+00   0.7289999E+00   0.1314011E+00   0.9733447E+00   0.1379804E+01   0.9761444E+00
   0.2000000E+00   0.7299999E+00   0.1080007E+00   0.9669456E+00   0.1381605E+01   0.9557471E+00
   0.2000000E+00   0.7309999E+00   0.1166008E+00   0.9735447E+00   0.1395607E+01   0.9785441E+00
   0.2000000E+00   0.7319999E+00   0.1218009E+00   0.9621462E+00   0.1398007E+01   0.9609464E+00
   0.2000000E+00   0.7329999E+00   0.1204009E+00   0.9545472E+00   0.1386005E+01   0.9715450E+00
   0.2000000E+00   0.7339999E+00   0.9460045E-01   0.9855431E+00   0.1426812E+01   0.9865430E+00
   0.2000000E+00   0.7350000E+00   0.9740050E-01   0.9407490E+00   0.1423011E+01   0.9777442E+00
   0.2000000E+00   0.7359999E+00   0.9300043E-01   0.9505478E+00   0.1403208E+01   0.9653458E+00
   0.2000000E+00   0.7369999E+00   0.1036006E+00   0.9669456E+00   0.1481821E+01   0.1023145E+01
   0.2000000E+00   0.7379999E+00   0.1034006E+00   0.9607464E+00   0.1447215E+01   0.9911424E+00
   0.2000000E+00   0.7389999E+00   0.9260042E-01   0.9629461E+00   0.1468019E+01   0.1023145E+01
   0.2000000E+00   0.7399999E+00   0.9240042E-01   0.9631461E+00   0.1439814E+01   0.9849432E+00
   0.2000000E+00   0.7409999E+00   0.7740016E-01   0.9475482E+00   0.1440614E+01   0.9779441E+00
   0.2000000E+00   0.7419999E+00   0.1016006E+00   0.9445485E+00   0.1432413E+01   0.9767443E+00
   0.2000000E+00   0.7429999E+00   0.8940037E-01   0.9273508E+00   0.1496624E+01   0.1015544E+01
   0.2000000E+00   0.7439999E+00   0.8420028E-01   0.9453484E+00   0.1444415E+01   0.9799439E+00
   0.2000000E+00   0.7449999E+00   0.7800017E-01   0.9353498E+00   0.1455817E+01   0.9921423E+00
   0.2000000E+00   0.7459999E+00   0.8440028E-01   0.9083533E+00   0.1493423E+01   0.9903425E+00
   0.2000000E+00   0.7469999E+00   0.8560030E-01   0.9177521E+00   0.1460018E+01   0.9609464E+00
   0.2000000E+00   0.7479999E+00   0.7780017E-01   0.9315503E+00   0.1441615E+01   0.9889427E+00
   0.2000000E+00   0.7490000E+00   0.8260025E-01   0.9151524E+00   0.1455217E+01   0.9825435E+00
   0.2000000E+00   0.7499999E+00   0.7280008E-01   0.9113529E+00   0.1497624E+01   0.9789440E+00
   0.2000000E+00   0.7509999E+00   0.7480012E-01   0.9007543E+00   0.1487422E+01   0.9875429E+00
   0.2000000E+00   0.7519999E+00   0.7580014E-01   0.9237513E+00   0.1527629E+01   0.1020345E+01
   0.2000000E+00   0.7529999E+00   0.6019992E-01   0.9291506E+00   0.1506025E+01   0.1011343E+01
   0.2000000E+00   0.7539999E+00   0.6719999E-01   0.8909556E+00   0.1514027E+01   0.9963417E+00
   0.2000000E+00   0.7549999E+00   0.7080005E-01   0.9017542E+00   0.1520028E+01   0.9929422E+00
   0.2000000E+00   0.7559999E+00   0.5799992E-01   0.9257510E+00   0.1533630E+01   0.1037347E+01
   0.2000000E+00   0.7569999E+00   0.5779992E-01   0.8959550E+00   0.1578637E+01   0.1024545E+01
   0.2000000E+00   0.7579999E+00   0.5879992E-01   0.9283507E+00   0.1551633E+01   0.1008743E+01
   0.2000000E+00   0.7589999E+00   0.5859992E-01   0.8947551E+00   0.1553233E+01   0.1017144E+01
   0.2000000E+00   0.7599999E+00   0.5939992E-01   0.8941552E+00   0.1556634E+01   0.1024745E+01
   0.2000000E+00   0.7609999E+00   0.6419994E-01   0.9019542E+00   0.1587039E+01   0.1020145E+01
   0.2000000E+00   0.7619999E+00   0.5339993E-01   0.8871561E+00   0.1567435E+01   0.1032147E+01
   0.2000000E+00   0.7630000E+00   0.4899994E-01   0.8835566E+00   0.1597240E+01   0.1030346E+01
   0.2000000E+00   0.7639999E+00   0.5339993E-01   0.9025541E+00   0.1605642E+01   0.1042348E+01
   0.2000000E+00   0.7649999E+00   0.5879992E-01   0.8859563E+00   0.1608442E+01   0.1031546E+01
   0.2000000E+00   0.7659999E+00   0.5479993E-01   0.8605596E+00   0.1610643E+01   0.1042548E+01
   0.2000000E+00   0.7669999E+00   0.5019993E-01   0.8863562E+00   0.1612643E+01   0.1028546E+01
   0.2000000E+00   0.7679999E+00   0.5299993E-01   0.8825567E+00   0.1572836E+01   0.1012543E+01
   0.2000000E+00   0.7689999E+00   0.4719994E-01   0.8479613E+00   0.1594240E+01   0.1028746E+01
   0.2000000E+00   0.7699999E+00   0.4299995E-01   0.8821568E+00   0.1640447E+01   0.1050950E+01
   0.2000000E+00   0.7709999E+00   0.3859995E-01   0.8795571E+00   0.1636447E+01   0.1042948E+01
   0.2000000E+00   0.7719999E+00   0.4079995E-01   0.8641592E+00   0.1645848E+01   0.1034947E+01
   0.2000000E+00   0.7729999E+00   0.3419996E-01   0.8469614E+00   0.1658651E+01   0.1040148E+01
   0.2000000E+00   0.7739999E+00   0.3899995E-01   0.8357629E+00   0.1623445E+01   0.1006542E+01
   0.2000000E+00   0.7749999E+00   0.4299995E-01   0.8673587E+00   0.1680054E+01   0.1054550E+01
   0.2000000E+00   0.7759999E+00   0.3499996E-01   0.8541605E+00   0.1686455E+01   0.1059351E+01
   0.2000000E+00   0.7770000E+00   0.4079995E-01   0.8431619E+00   0.1669252E+01   0.1052950E+01
   0.2000000E+00   0.7779999E+00   0.4259995E-01   0.8465615E+00   0.1677054E+01   0.1079354E+01
   0.2000000E+00   0.7789999E+00   0.3179996E-01   0.8159655E+00   0.1680854E+01   0.1045949E+01
   0.2000000E+00   0.7799999E+00   0.3399996E-01   0.8583599E+00   0.1705858E+01   0.1081955E+01
   0.2000000E+00   0.7809999E+00   0.3179996E-01   0.8241645E+00   0.1703858E+01   0.1059951E+01
   0.2000000E+00   0.7819999E+00   0.2959997E-01   0.8013675E+00   0.1716060E+01   0.1060551E+01
   0.2000000E+00   0.7829999E+00   0.2939997E-01   0.8361629E+00   0.1725462E+01   0.1090756E+01
   0.2000000E+00   0.7839999E+00   0.2739997E-01   0.8151656E+00   0.1690656E+01   0.1055150E+01
   0.2000000E+00   0.7849999E+00   0.2759997E-01   0.8361629E+00   0.1711459E+01   0.1076954E+01
   0.2000000E+00   0.7859999E+00   0.2839997E-01   0.7961681E+00   0.1757667E+01   0.1090756E+01
   0.2000000E+00   0.7869999E+00   0.2879997E-01   0.8153656E+00   0.1748265E+01   0.1077554E+01
   0.2000000E+00   0.7879999E+00   0.3319996E-01   0.8055669E+00   0.1746065E+01   0.1100158E+01
   0.2000000E+00   0.7889999E+00   0.2819997E-01   0.8103663E+00   0.1733263E+01   0.1067953E+01
   0.2000000E+00   0.7899999E+00   0.2279998E-01   0.7947683E+00   0.1762068E+01   0.1099358E+01
   0.2000000E+00   0.7909999E+00   0.3079997E-01   0.7719713E+00   0.1789872E+01   0.1107559E+01
   0.2000000E+00   0.7919999E+00   0.2419998E-01   0.7927686E+00   0.1780471E+01   0.1089356E+01
   0.2000000E+00   0.7929999E+00   0.1839999E-01   0.8017674E+00   0.1803074E+01   0.1088556E+01
   0.2000000E+00   0.7939999E+00   0.2519998E-01   0.7863694E+00   0.1792473E+01   0.1113160E+01
   0.2000000E+00   0.7949999E+00   0.2219998E-01   0.8117661E+00   0.1793873E+01   0.1100958E+01
   0.2000000E+00   0.7959999E+00   0.2259998E-01   0.7733712E+00   0.1801274E+01   0.1083555E+01
   0.2000000E+00   0.7969999E+00   0.2239998E-01   0.7825699E+00   0.1809476E+01   0.1097157E+01
   0.2000000E+00   0.7979999E+00   0.1699999E-01   0.7933685E+00   0.1824078E+01   0.1110560E+01
   0.2000000E+00   0.7989999E+00   0.2159998E-01   0.7717714E+00   0.1837880E+01   0.1103358E+01
   0.2000000E+00   0.7999999E+00   0.1559999E-01   0.7621726E+00   0.1845081E+01   0.1116161E+01
   0.2000000E+00   0.8009999E+00   0.1739999E-01   0.7429752E+00   0.1842081E+01   0.1112160E+01
   0.2000000E+00   0.8019999E+00   0.1519999E-01   0.7623726E+00   0.1842681E+01   0.1121761E+01
   0.2000000E+00   0.8029999E+00   0.2039998E-01   0.7579732E+00   0.1880887E+01   0.1125762E+01
   0.2000000E+00   0.8039999E+00   0.1359999E-01   0.7463747E+00   0.1875687E+01   0.1132563E+01
   0.2000000E+00   0.8049999E+00   0.1579999E-01   0.7617727E+00   0.1864085E+01   0.1126162E+01
   0.2000000E+00   0.8059999E+00   0.1599999E-01   0.7479745E+00   0.1903491E+01   0.1128163E+01
   0.2000000E+00   0.8069999E+00   0.1060000E-01   0.7495743E+00   0.1920094E+01   0.1139164E+01
   0.2000000E+00   0.8079999E+00   0.1160000E-01   0.7475746E+00   0.1910492E+01   0.1124162E+01
   0.2000000E+00   0.8089999E+00   0.1479999E-01   0.7471746E+00   0.1909092E+01   0.1132563E+01
   0.2000000E+00   0.8099999E+00   0.1160000E-01   0.7371759E+00   0.1964901E+01   0.1180571E+01
   0.2000000E+00   0.8109999E+00   0.1200000E-01   0.7251775E+00   0.1942498E+01   0.1151166E+01
   0.2000000E+00   0.8119999E+00   0.1320000E-01   0.7175785E+00   0.1919294E+01   0.1144565E+01
   0.2000000E+00   0.8129999E+00   0.8400003E-02   0.7335764E+00   0.1949299E+01   0.1175770E+01
   0.2000000E+00   0.8139999E+00   0.9600001E-02   0.7073799E+00   0.1961701E+01   0.1163168E+01
   0.2000000E+00   0.8149999E+00   0.1599999E-01   0.7097796E+00   0.1971902E+01   0.1174770E+01
   0.2000000E+00   0.8159999E+00   0.9400002E-02   0.6887823E+00   0.1946498E+01   0.1152767E+01
   0.2000000E+00   0.8169999E+00   0.1240000E-01   0.7301769E+00   0.1977103E+01   0.1159368E+01
   0.2000000E+00   0.8179999E+00   0.8200004E-02   0.6977811E+00   0.2003108E+01   0.1170169E+01
   0.2000000E+00   0.8189999E+00   0.8800003E-02   0.6809834E+00   0.1991306E+01   0.1171370E+01
   0.2000000E+00   0.8199999E+00   0.8400003E-02   0.7089797E+00   0.2001707E+01   0.1196974E+01
   0.2000000E+00   0.8209999E+00   0.5800003E-02   0.7041803E+00   0.2009509E+01   0.1180971E+01
   0.2000000E+00   0.8219999E+00   0.8600003E-02   0.6711847E+00   0.2026111E+01   0.1195374E+01
   0.2000000E+00   0.8229999E+00   0.8800003E-02   0.6751841E+00   0.2052916E+01   0.1212577E+01
   0.2000000E+00   0.8239999E+00   0.1020000E-01   0.6651855E+00   0.2063118E+01   0.1210976E+01
   0.2000000E+00   0.8249999E+00   0.5200002E-02   0.6933817E+00   0.2052916E+01   0.1197974E+01
   0.2000000E+00   0.8259999E+00   0.7200004E-02   0.6871825E+00   0.2059717E+01   0.1200775E+01
   0.2000000E+00   0.8269999E+00   0.4600002E-02   0.6641856E+00   0.2027112E+01   0.1180571E+01
   0.2000000E+00   0.8279999E+00   0.4200002E-02   0.6699848E+00   0.2102524E+01   0.1225979E+01
   0.2000000E+00   0.8289999E+00   0.6600003E-02   0.6697848E+00   0.2073919E+01   0.1209976E+01
   0.2000000E+00   0.8299999E+00   0.7200004E-02   0.6757841E+00   0.2083521E+01   0.1216577E+01
   0.2000000E+00   0.8309999E+00   0.4600002E-02   0.6537870E+00   0.2139130E+01   0.1220178E+01
   0.2000000E+00   0.8319999E+00   0.4600002E-02   0.6557867E+00   0.2107125E+01   0.1204775E+01
   0.2000000E+00   0.8329999E+00   0.7400004E-02   0.6485876E+00   0.2138330E+01   0.1256384E+01
   0.2000000E+00   0.8339999E+00   0.4800002E-02   0.6481877E+00   0.2122327E+01   0.1222178E+01
   0.2000000E+00   0.8349999E+00   0.4800002E-02   0.6341895E+00   0.2105525E+01   0.1204775E+01
   0.2000000E+00   0.8359999E+00   0.5400002E-02   0.6313899E+00   0.2125128E+01   0.1229579E+01
   0.2000000E+00   0.8369999E+00   0.3800001E-02   0.6389889E+00   0.2142331E+01   0.1220778E+01
   0.2000000E+00   0.8379999E+00   0.3000001E-02   0.6045935E+00   0.2180137E+01   0.1254984E+01
   0.2000000E+00   0.8389999E+00   0.5600003E-02   0.6327897E+00   0.2174536E+01   0.1254583E+01
   0.2000000E+00   0.8399999E+00   0.2800001E-02   0.6063932E+00   0.2218943E+01   0.1265385E+01
   0.2000000E+00   0.8409999E+00   0.1800000E-02   0.6113926E+00   0.2213742E+01   0.1263785E+01
   0.2000000E+00   0.8419999E+00   0.3200001E-02   0.6173918E+00   0.2183337E+01   0.1241981E+01
   0.2000000E+00   0.8429999E+00   0.3400001E-02   0.6027937E+00   0.2206341E+01   0.1262585E+01
   0.2000000E+00   0.8439999E+00   0.3400001E-02   0.6233910E+00   0.2155133E+01   0.1232180E+01
   0.2000000E+00   0.8449999E+00   0.2400001E-02   0.6113926E+00   0.2237346E+01   0.1275587E+01
   0.2000000E+00   0.8459999E+00   0.2200000E-02   0.5949947E+00   0.2229345E+01   0.1267786E+01
   0.2000000E+00   0.8469999E+00   0.2800001E-02   0.5815965E+00   0.2242547E+01   0.1248182E+01
   0.2000000E+00   0.8479999E+00   0.2800001E-02   0.5785969E+00   0.2294556E+01   0.1283588E+01
   0.2000000E+00   0.8489999E+00   0.3000001E-02   0.5589995E+00   0.2301157E+01   0.1307992E+01
   0.2000000E+00   0.8499999E+00   0.1800000E-02   0.5791968E+00   0.2300757E+01   0.1282388E+01
   0.2000000E+00   0.8509999E+00   0.2400001E-02   0.5903953E+00   0.2284754E+01   0.1291590E+01
   0.2000000E+00   0.8519999E+00   0.4400002E-02   0.5691981E+00   0.2313959E+01   0.1300391E+01
   0.2000000E+00   0.8529999E+00   0.4200002E-02   0.5815965E+00   0.2291555E+01   0.1299591E+01
   0.2000000E+00   0.8539999E+00   0.1600000E-02   0.5717978E+00   0.2270152E+01   0.1281988E+01
   0.2000000E+00   0.8549999E+00   0.2400001E-02   0.5599993E+00   0.2336163E+01   0.1292790E+01
   0.2000000E+00   0.8559999E+00   0.2200000E-02   0.5695981E+00   0.2328962E+01   0.1300191E+01
   0.2000000E+00   0.8569999E+00   0.2000000E-02   0.5575997E+00   0.2356766E+01   0.1323995E+01
   0.2000000E+00   0.8579999E+00   0.1400000E-02   0.5326030E+00   0.2352966E+01   0.1322595E+01
   0.2000000E+00   0.8589999E+00   0.4000000E-03   0.5412018E+00   0.2375169E+01   0.1309793E+01
   0.2000000E+00   0.8599999E+00   0.6000001E-03   0.5152053E+00   0.2411375E+01   0.1337997E+01
   0.2000000E+00   0.8609999E+00   0.2000000E-02   0.5538002E+00   0.2380570E+01   0.1328396E+01
   0.2000000E+00   0.8619999E+00   0.1600000E-02   0.5238041E+00   0.2423177E+01   0.1311193E+01
   0.2000000E+00   0.8629999E+00   0.1800000E-02   0.5132055E+00   0.2416376E+01   0.1350399E+01
   0.2000000E+00   0.8639999E+00   0.2400001E-02   0.5200046E+00   0.2432979E+01   0.1340798E+01
   0.2000000E+00   0.8649999E+00   0.1600000E-02   0.5244040E+00   0.2482187E+01   0.1377804E+01
   0.2000000E+00   0.8659999E+00   0.8000001E-03   0.5136055E+00   0.2468585E+01   0.1363402E+01
   0.2000000E+00   0.8669999E+00   0.2400001E-02   0.5034068E+00   0.2458583E+01   0.1361401E+01
   0.2000000E+00   0.8679999E+00   0.2000000E-03   0.5114058E+00   0.2443981E+01   0.1346999E+01
   0.2000000E+00   0.8689999E+00   0.2000000E-03   0.4792069E+00   0.2478186E+01   0.1352200E+01
   0.2000000E+00   0.8699999E+00   0.1000000E-02   0.5002072E+00   0.2452982E+01   0.1377404E+01
   0.2000000E+00   0.8709999E+00   0.6000001E-03   0.4740069E+00   0.2519393E+01   0.1377204E+01
   0.2000000E+00   0.8719999E+00   0.2000000E-03   0.4712068E+00   0.2495989E+01   0.1357201E+01
   0.2000000E+00   0.8729999E+00   0.2000000E-03   0.4800070E+00   0.2515593E+01   0.1368202E+01
   0.2000000E+00   0.8739999E+00   0.6000001E-03   0.4870071E+00   0.2540397E+01   0.1406609E+01
   0.2000000E+00   0.8749999E+00   0.8000001E-03   0.4630067E+00   0.2530795E+01   0.1386405E+01
   0.2000000E+00   0.8759999E+00   0.2000000E-03   0.4590066E+00   0.2563000E+01   0.1374003E+01
   0.2000000E+00   0.8769999E+00   0.6000001E-03   0.4622067E+00   0.2525994E+01   0.1382605E+01
   0.2000000E+00   0.8779999E+00   0.2000000E-03   0.4642067E+00   0.2581203E+01   0.1388206E+01
   0.2000000E+00   0.8789999E+00   0.2000000E-03   0.4650067E+00   0.2599406E+01   0.1441615E+01
   0.2000000E+00   0.8799999E+00   0.1000000E-02   0.4662067E+00   0.2624611E+01   0.1423011E+01
   0.2000000E+00   0.8809999E+00   0.4000000E-03   0.4430063E+00   0.2584004E+01   0.1411009E+01
   0.2000000E+00   0.8819999E+00   0.1200000E-02   0.4480064E+00   0.2587605E+01   0.1414610E+01
   0.2000000E+00   0.8829999E+00   0.0000000E+00   0.4456064E+00   0.2657416E+01   0.1438614E+01
   0.2000000E+00   0.8839999E+00   0.4000000E-03   0.4294061E+00   0.2638413E+01   0.1411409E+01
   0.2000000E+00   0.8849999E+00   0.2000000E-03   0.4300061E+00   0.2676619E+01   0.1428012E+01
   0.2000000E+00   0.8859999E+00   0.1200000E-02   0.4136058E+00   0.2689421E+01   0.1441615E+01
   0.2000000E+00   0.8869999E+00   0.0000000E+00   0.4202060E+00   0.2652215E+01   0.1426212E+01
   0.2000000E+00   0.8879999E+00   0.8000001E-03   0.4148059E+00   0.2712825E+01   0.1475620E+01
   0.2000000E+00   0.8889999E+00   0.0000000E+00   0.3936055E+00   0.2687621E+01   0.1461618E+01
   0.2000000E+00   0.8899999E+00   0.2000000E-03   0.3972056E+00   0.2739830E+01   0.1467219E+01
   0.2000000E+00   0.8909999E+00   0.0000000E+00   0.4054057E+00   0.2674019E+01   0.1434213E+01
   0.2000000E+00   0.8919999E+00   0.0000000E+00   0.4006056E+00   0.2744831E+01   0.1468619E+01
   0.2000000E+00   0.8929999E+00   0.0000000E+00   0.3730052E+00   0.2721427E+01   0.1452616E+01
   0.2000000E+00   0.8939999E+00   0.0000000E+00   0.3808053E+00   0.2765234E+01   0.1475020E+01
   0.2000000E+00   0.8949999E+00   0.2000000E-03   0.3818053E+00   0.2796639E+01   0.1492823E+01
   0.2000000E+00   0.8959999E+00   0.0000000E+00   0.3848054E+00   0.2759033E+01   0.1481621E+01
   0.2000000E+00   0.8969999E+00   0.0000000E+00   0.3668050E+00   0.2786037E+01   0.1498624E+01
   0.2000000E+00   0.8979999E+00   0.8000001E-03   0.3646050E+00   0.2800040E+01   0.1498024E+01
   0.2000000E+00   0.8989999E+00   0.0000000E+00   0.3730052E+00   0.2818443E+01   0.1529429E+01
   0.2000000E+00   0.8999999E+00   0.0000000E+00   0.3606049E+00   0.2815642E+01   0.1506625E+01
   0.2000000E+00   0.9009999E+00   0.2000000E-03   0.3518048E+00   0.2847048E+01   0.1531629E+01
   0.2000000E+00   0.9019999E+00   0.0000000E+00   0.3636050E+00   0.2856849E+01   0.1519227E+01
   0.2000000E+00   0.9029999E+00   0.0000000E+00   0.3656050E+00   0.2869851E+01   0.1550433E+01
   0.2000000E+00   0.9039999E+00   0.0000000E+00   0.3518048E+00   0.2909858E+01   0.1542431E+01
   0.2000000E+00   0.9049999E+00   0.0000000E+00   0.3376046E+00   0.2920060E+01   0.1536030E+01
   0.2000000E+00   0.9059999E+00   0.0000000E+00   0.3404046E+00   0.2941063E+01   0.1560434E+01
   0.2000000E+00   0.9069999E+00   0.2000000E-03   0.3298044E+00   0.2975669E+01   0.1565035E+01
   0.2000000E+00   0.9079999E+00   0.0000000E+00   0.3304044E+00   0.2905857E+01   0.1529829E+01
   0.2000000E+00   0.9089999E+00   0.0000000E+00   0.3124041E+00   0.2925061E+01   0.1573036E+01
   0.2000000E+00   0.9099999E+00   0.0000000E+00   0.3120041E+00   0.2933262E+01   0.1557634E+01
   0.2000000E+00   0.9109999E+00   0.0000000E+00   0.3090041E+00   0.3011875E+01   0.1603641E+01
   0.2000000E+00   0.9119999E+00   0.0000000E+00   0.2906038E+00   0.2959866E+01   0.1555833E+01
   0.2000000E+00   0.9129999E+00   0.0000000E+00   0.3086041E+00   0.3000873E+01   0.1594040E+01
   0.2000000E+00   0.9139999E+00   0.0000000E+00   0.2852037E+00   0.2968268E+01   0.1555433E+01
   0.2000000E+00   0.9149999E+00   0.0000000E+00   0.2932038E+00   0.3038879E+01   0.1602841E+01
   0.2000000E+00   0.9159999E+00   0.0000000E+00   0.2748035E+00   0.3022477E+01   0.1584438E+01
   0.2000000E+00   0.9169999E+00   0.0000000E+00   0.2710034E+00   0.3078686E+01   0.1603241E+01
   0.2000000E+00   0.9179999E+00   0.0000000E+00   0.2844037E+00   0.3066084E+01   0.1599441E+01
   0.2000000E+00   0.9189999E+00   0.0000000E+00   0.2784036E+00   0.3060883E+01   0.1606642E+01
   0.2000000E+00   0.9199999E+00   0.0000000E+00   0.2688034E+00   0.3067484E+01   0.1589239E+01
   0.2000000E+00   0.9209999E+00   0.0000000E+00   0.2738035E+00   0.3056482E+01   0.1581838E+01
   0.2000000E+00   0.9219999E+00   0.0000000E+00   0.2620033E+00   0.3105690E+01   0.1623045E+01
   0.2000000E+00   0.9229999E+00   0.0000000E+00   0.2588032E+00   0.3116692E+01   0.1598240E+01
   0.2000000E+00   0.9239999E+00   0.0000000E+00   0.2532031E+00   0.3074485E+01   0.1619044E+01
   0.2000000E+00   0.9249999E+00   0.0000000E+00   0.2494031E+00   0.3120893E+01   0.1618044E+01
   0.2000000E+00   0.9259999E+00   0.0000000E+00   0.2524031E+00   0.3132495E+01   0.1623445E+01
   0.2000000E+00   0.9269999E+00   0.0000000E+00   0.2262027E+00   0.3191305E+01   0.1635647E+01
   0.2000000E+00   0.9279999E+00   0.0000000E+00   0.2250027E+00   0.3170901E+01   0.1621044E+01
   0.2000000E+00   0.9289999E+00   0.0000000E+00   0.2258027E+00   0.3220510E+01   0.1670853E+01
   0.2000000E+00   0.9299999E+00   0.0000000E+00   0.2144025E+00   0.3188504E+01   0.1640848E+01
   0.2000000E+00   0.9309999E+00   0.0000000E+00   0.2240026E+00   0.3242113E+01   0.1668052E+01
   0.2000000E+00   0.9319999E+00   0.0000000E+00   0.2124024E+00   0.3242513E+01   0.1689656E+01
   0.2000000E+00   0.9329999E+00   0.0000000E+00   0.2218026E+00   0.3263317E+01   0.1698457E+01
   0.2000000E+00   0.9339999E+00   0.0000000E+00   0.2074024E+00   0.3281720E+01   0.1688255E+01
   0.2000000E+00   0.9349999E+00   0.0000000E+00   0.1954022E+00   0.3259716E+01   0.1692056E+01
   0.2000000E+00   0.9359999E+00   0.0000000E+00   0.2004022E+00   0.3340329E+01   0.1702258E+01
   0.2000000E+00   0.9369999E+00   0.0000000E+00   0.1936021E+00   0.3331728E+01   0.1718861E+01
   0.2000000E+00   0.9379999E+00   0.0000000E+00   0.1840020E+00   0.3255915E+01   0.1695457E+01
   0.2000000E+00   0.9389999E+00   0.0000000E+00   0.1750018E+00   0.3316525E+01   0.1694656E+01
   0.2000000E+00   0.9399999E+00   0.0000000E+00   0.1748018E+00   0.3313925E+01   0.1679854E+01
   0.2000000E+00   0.9409999E+00   0.0000000E+00   0.1770018E+00   0.3363333E+01   0.1731263E+01
   0.2000000E+00   0.9419999E+00   0.0000000E+00   0.1640016E+00   0.3356332E+01   0.1698057E+01
   0.2000000E+00   0.9429999E+00   0.0000000E+00   0.1584015E+00   0.3389738E+01   0.1728262E+01
   0.2000000E+00   0.9439999E+00   0.0000000E+00   0.1512014E+00   0.3334929E+01   0.1695257E+01
   0.2000000E+00   0.9449999E+00   0.0000000E+00   0.1510014E+00   0.3404940E+01   0.1753866E+01
   0.2000000E+00   0.9459999E+00   0.0000000E+00   0.1462013E+00   0.3415542E+01   0.1723661E+01
   0.2000000E+00   0.9469999E+00   0.0000000E+00   0.1446013E+00   0.3450948E+01   0.1743065E+01
   0.2000000E+00   0.9479999E+00   0.0000000E+00   0.1398012E+00   0.3433145E+01   0.1754266E+01
   0.2000000E+00   0.9489999E+00   0.0000000E+00   0.1334011E+00   0.3449748E+01   0.1766268E+01
   0.2000000E+00   0.9499999E+00   0.0000000E+00   0.1254010E+00   0.3467751E+01   0.1737064E+01
   0.2000000E+00   0.9509999E+00   0.0000000E+00   0.1352011E+00   0.3470551E+01   0.1775470E+01
   0.2000000E+00   0.9519999E+00   0.0000000E+00   0.1264010E+00   0.3467350E+01   0.1775270E+01
   0.2000000E+00   0.9529999E+00   0.0000000E+00   0.1068007E+00   0.3468751E+01   0.1744465E+01
   0.2000000E+00   0.9539999E+00   0.0000000E+00   0.1128008E+00   0.3487354E+01   0.1758867E+01
   0.2000000E+00   0.9549999E+00   0.0000000E+00   0.1240010E+00   0.3510558E+01   0.1764668E+01
   0.2000000E+00   0.9559999E+00   0.0000000E+00   0.1060006E+00   0.3532961E+01   0.1790872E+01
   0.2000000E+00   0.9569999E+00   0.0000000E+00   0.1028006E+00   0.3546164E+01   0.1814276E+01
   0.2000000E+00   0.9579999E+00   0.0000000E+00   0.9820051E-01   0.3533561E+01   0.1777670E+01
   0.2000000E+00   0.9589999E+00   0.0000000E+00   0.1000005E+00   0.3548764E+01   0.1803675E+01
   0.2000000E+00   0.9599999E+00   0.0000000E+00   0.8980037E-01   0.3516359E+01   0.1812676E+01
   0.2000000E+00   0.9609999E+00   0.0000000E+00   0.8660032E-01   0.3564167E+01   0.1786872E+01
   0.2000000E+00   0.9619999E+00   0.0000000E+00   0.9240042E-01   0.3561166E+01   0.1788272E+01
   0.2000000E+00   0.9629999E+00   0.0000000E+00   0.7780017E-01   0.3594572E+01   0.1801474E+01
   0.2000000E+00   0.9639999E+00   0.2000000E-03   0.8000021E-01   0.3591971E+01   0.1812076E+01
   0.2000000E+00   0.9649999E+00   0.0000000E+00   0.6840001E-01   0.3607974E+01   0.1844881E+01
   0.2000000E+00   0.9659999E+00   0.0000000E+00   0.6900002E-01   0.3592171E+01   0.1822078E+01
   0.2000000E+00   0.9669999E+00   0.0000000E+00   0.6619997E-01   0.3645780E+01   0.1834280E+01
   0.2000000E+00   0.9679999E+00   0.0000000E+00   0.6479995E-01   0.3615175E+01   0.1831679E+01
   0.2000000E+00   0.9689999E+00   0.0000000E+00   0.6379993E-01   0.3601373E+01   0.1826878E+01
   0.2000000E+00   0.9699999E+00   0.0000000E+00   0.5739992E-01   0.3630778E+01   0.1831479E+01
   0.2000000E+00   0.9709999E+00   0.0000000E+00   0.5639992E-01   0.3589971E+01   0.1800874E+01
   0.2000000E+00   0.9719999E+00   0.0000000E+00   0.5399993E-01   0.3617575E+01   0.1808875E+01
   0.2000000E+00   0.9729999E+00   0.0000000E+00   0.4639994E-01   0.3624377E+01   0.1820677E+01
   0.2000000E+00   0.9739999E+00   0.0000000E+00   0.4339994E-01   0.3604173E+01   0.1800874E+01
   0.2000000E+00   0.9749999E+00   0.0000000E+00   0.3999995E-01   0.3642980E+01   0.1837080E+01
   0.2000000E+00   0.9759999E+00   0.0000000E+00   0.3399996E-01   0.3659582E+01   0.1829679E+01
   0.2000000E+00   0.9769999E+00   0.0000000E+00   0.3999995E-01   0.3570768E+01   0.1805275E+01
   0.2000000E+00   0.9779999E+00   0.0000000E+00   0.3119997E-01   0.3590971E+01   0.1818677E+01
   0.2000000E+00   0.9789999E+00   0.0000000E+00   0.3159996E-01   0.3611774E+01   0.1813476E+01
   0.2000000E+00   0.9799999E+00   0.0000000E+00   0.2819997E-01   0.3507957E+01   0.1778670E+01
   0.2000000E+00   0.9809999E+00   0.0000000E+00   0.2419998E-01   0.3568567E+01   0.1801874E+01
   0.2000000E+00   0.9819999E+00   0.0000000E+00   0.2159998E-01   0.3551564E+01   0.1779471E+01
   0.2000000E+00   0.9829999E+00   0.0000000E+00   0.1959999E-01   0.3470751E+01   0.1740664E+01
   0.2000000E+00   0.9839999E+00   0.0000000E+00   0.1819999E-01   0.3475552E+01   0.1746065E+01
   0.2000000E+00   0.9849999E+00   0.0000000E+00   0.1439999E-01   0.3427944E+01   0.1740064E+01
   0.2000000E+00   0.9859999E+00   0.0000000E+00   0.1399999E-01   0.3331328E+01   0.1691856E+01
   0.2000000E+00   0.9869999E+00   0.0000000E+00   0.1160000E-01   0.3327327E+01   0.1670052E+01
   0.2000000E+00   0.9879999E+00   0.0000000E+00   0.1000000E-01   0.3254315E+01   0.1627245E+01
   0.2000000E+00   0.9889999E+00   0.0000000E+00   0.8600003E-02   0.3209708E+01   0.1578037E+01
   0.2000000E+00   0.9899999E+00   0.0000000E+00   0.8600003E-02   0.3144497E+01   0.1595840E+01
   0.2000000E+00   0.9909999E+00   0.0000000E+00   0.5800003E-02   0.3044680E+01   0.1529629E+01
   0.2000000E+00   0.9919999E+00   0.0000000E+00   0.4200002E-02   0.2986271E+01   0.1491023E+01
   0.2000000E+00   0.9929999E+00   0.0000000E+00   0.3400001E-02   0.2863250E+01   0.1423011E+01
   0.2000000E+00   0.9939999E+00   0.0000000E+00   0.2600001E-02   0.2714826E+01   0.1362601E+01
   0.2000000E+00   0.9949999E+00   0.0000000E+00   0.1400000E-02   0.2520193E+01   0.1235780E+01
   0.2000000E+00   0.9959999E+00   0.0000000E+00   0.1000000E-02   0.2285754E+01   0.1124762E+01
   0.2000000E+00   0.9969999E+00   0.0000000E+00   0.2000000E-03   0.2029312E+01   0.1000341E+01
   0.2000000E+00   0.9979999E+00   0.0000000E+00   0.0000000E+00   0.1687455E+01   0.8541605E+00
   0.2000000E+00   0.9989999E+00   0.0000000E+00   0.0000000E+00   0.1123162E+01   0.5669984E+00
   0.2000000E+00   0.9999999E+00   0.0000000E+00   0.0000000E+00   0.2192026E+00   0.1056006E+00

