   0.2000000E+00  -0.5820766E-10   0.0000000E+00   0.1346071E+03   0.3388919E+00   0.3381920E+02
   0.2000000E+00   0.9999999E-03   0.0000000E+00   0.0000000E+00   0.0000000E+00   0.0000000E+00
   0.2000000E+00   0.2000000E-02   0.0000000E+00   0.0000000E+00   0.0000000E+00   0.0000000E+00
   0.2000000E+00   0.3000000E-02   0.0000000E+00   0.0000000E+00   0.0000000E+00   0.0000000E+00
   0.2000000E+00   0.4000000E-02   0.0000000E+00   0.0000000E+00   0.0000000E+00   0.0000000E+00
   0.2000000E+00   0.4999999E-02   0.0000000E+00   0.0000000E+00   0.0000000E+00   0.0000000E+00
   0.2000000E+00   0.6000000E-02   0.0000000E+00   0.0000000E+00   0.0000000E+00   0.0000000E+00
   0.2000000E+00   0.6999999E-02   0.0000000E+00   0.0000000E+00   0.0000000E+00   0.0000000E+00
   0.2000000E+00   0.7999999E-02   0.0000000E+00   0.0000000E+00   0.0000000E+00   0.0000000E+00
   0.2000000E+00   0.9000000E-02   0.0000000E+00   0.0000000E+00   0.0000000E+00   0.0000000E+00
   0.2000000E+00   0.9999999E-02   0.0000000E+00   0.0000000E+00   0.0000000E+00   0.0000000E+00
   0.2000000E+00   0.1100000E-01   0.0000000E+00   0.0000000E+00   0.0000000E+00   0.0000000E+00
   0.2000000E+00   0.1200000E-01   0.0000000E+00   0.0000000E+00   0.0000000E+00   0.0000000E+00
   0.2000000E+00   0.1300000E-01   0.0000000E+00   0.0000000E+00   0.0000000E+00   0.0000000E+00
   0.2000000E+00   0.1400000E-01   0.0000000E+00   0.0000000E+00   0.0000000E+00   0.0000000E+00
   0.2000000E+00   0.1500000E-01   0.0000000E+00   0.0000000E+00   0.0000000E+00   0.0000000E+00
   0.2000000E+00   0.1600000E-01   0.0000000E+00   0.0000000E+00   0.0000000E+00   0.0000000E+00
   0.2000000E+00   0.1700000E-01   0.0000000E+00   0.0000000E+00   0.0000000E+00   0.0000000E+00
   0.2000000E+00   0.1800000E-01   0.0000000E+00   0.0000000E+00   0.0000000E+00   0.0000000E+00
   0.2000000E+00   0.1900000E-01   0.0000000E+00   0.0000000E+00   0.0000000E+00   0.0000000E+00
   0.2000000E+00   0.2000000E-01   0.0000000E+00   0.0000000E+00   0.0000000E+00   0.0000000E+00
   0.2000000E+00   0.2100000E-01   0.0000000E+00   0.0000000E+00   0.0000000E+00   0.0000000E+00
   0.2000000E+00   0.2200000E-01   0.0000000E+00   0.0000000E+00   0.0000000E+00   0.0000000E+00
   0.2000000E+00   0.2300000E-01   0.0000000E+00   0.0000000E+00   0.0000000E+00   0.0000000E+00
   0.2000000E+00   0.2400000E-01   0.0000000E+00   0.0000000E+00   0.0000000E+00   0.0000000E+00
   0.2000000E+00   0.2500000E-01   0.0000000E+00   0.0000000E+00   0.0000000E+00   0.0000000E+00
   0.2000000E+00   0.2600000E-01   0.0000000E+00   0.1000000E-03   0.0000000E+00   0.0000000E+00
   0.2000000E+00   0.2700000E-01   0.0000000E+00   0.0000000E+00   0.0000000E+00   0.0000000E+00
   0.2000000E+00   0.2800000E-01   0.0000000E+00   0.0000000E+00   0.0000000E+00   0.0000000E+00
   0.2000000E+00   0.2900000E-01   0.0000000E+00   0.1000000E-03   0.0000000E+00   0.0000000E+00
   0.2000000E+00   0.3000000E-01   0.0000000E+00   0.0000000E+00   0.0000000E+00   0.0000000E+00
   0.2000000E+00   0.3100000E-01   0.0000000E+00   0.0000000E+00   0.0000000E+00   0.0000000E+00
   0.2000000E+00   0.3200000E-01   0.0000000E+00   0.0000000E+00   0.0000000E+00   0.0000000E+00
   0.2000000E+00   0.3300000E-01   0.0000000E+00   0.0000000E+00   0.0000000E+00   0.0000000E+00
   0.2000000E+00   0.3400000E-01   0.0000000E+00   0.0000000E+00   0.0000000E+00   0.0000000E+00
   0.2000000E+00   0.3500000E-01   0.0000000E+00   0.0000000E+00   0.0000000E+00   0.0000000E+00
   0.2000000E+00   0.3599999E-01   0.0000000E+00   0.0000000E+00   0.0000000E+00   0.0000000E+00
   0.2000000E+00   0.3700000E-01   0.0000000E+00   0.0000000E+00   0.0000000E+00   0.0000000E+00
   0.2000000E+00   0.3800000E-01   0.0000000E+00   0.2000000E-03   0.2000000E-03   0.0000000E+00
   0.2000000E+00   0.3900000E-01   0.0000000E+00   0.0000000E+00   0.2000000E-03   0.2000000E-03
   0.2000000E+00   0.4000000E-01   0.0000000E+00   0.0000000E+00   0.2000000E-03   0.1000000E-03
   0.2000000E+00   0.4100000E-01   0.0000000E+00   0.0000000E+00   0.0000000E+00   0.0000000E+00
   0.2000000E+00   0.4200000E-01   0.0000000E+00   0.0000000E+00   0.0000000E+00   0.0000000E+00
   0.2000000E+00   0.4300000E-01   0.0000000E+00   0.0000000E+00   0.0000000E+00   0.0000000E+00
   0.2000000E+00   0.4400000E-01   0.0000000E+00   0.0000000E+00   0.0000000E+00   0.0000000E+00
   0.2000000E+00   0.4499999E-01   0.0000000E+00   0.1000000E-03   0.0000000E+00   0.0000000E+00
   0.2000000E+00   0.4600000E-01   0.0000000E+00   0.2000000E-03   0.0000000E+00   0.0000000E+00
   0.2000000E+00   0.4699999E-01   0.0000000E+00   0.0000000E+00   0.0000000E+00   0.0000000E+00
   0.2000000E+00   0.4800000E-01   0.0000000E+00   0.0000000E+00   0.0000000E+00   0.0000000E+00
   0.2000000E+00   0.4899999E-01   0.0000000E+00   0.0000000E+00   0.0000000E+00   0.0000000E+00
   0.2000000E+00   0.5000000E-01   0.0000000E+00   0.0000000E+00   0.0000000E+00   0.0000000E+00
   0.2000000E+00   0.5100000E-01   0.0000000E+00   0.0000000E+00   0.1000000E-03   0.1000000E-03
   0.2000000E+00   0.5199999E-01   0.0000000E+00   0.0000000E+00   0.1000000E-03   0.0000000E+00
   0.2000000E+00   0.5300000E-01   0.0000000E+00   0.0000000E+00   0.0000000E+00   0.0000000E+00
   0.2000000E+00   0.5399999E-01   0.0000000E+00   0.2000000E-03   0.0000000E+00   0.0000000E+00
   0.2000000E+00   0.5500000E-01   0.0000000E+00   0.1000000E-03   0.0000000E+00   0.0000000E+00
   0.2000000E+00   0.5599999E-01   0.0000000E+00   0.0000000E+00   0.0000000E+00   0.0000000E+00
   0.2000000E+00   0.5700000E-01   0.0000000E+00   0.1000000E-03   0.0000000E+00   0.0000000E+00
   0.2000000E+00   0.5799999E-01   0.0000000E+00   0.0000000E+00   0.0000000E+00   0.0000000E+00
   0.2000000E+00   0.5900000E-01   0.0000000E+00   0.0000000E+00   0.0000000E+00   0.0000000E+00
   0.2000000E+00   0.5999999E-01   0.0000000E+00   0.2000000E-03   0.2000000E-03   0.3000000E-03
   0.2000000E+00   0.6099999E-01   0.0000000E+00   0.0000000E+00   0.1000000E-03   0.0000000E+00
   0.2000000E+00   0.6200000E-01   0.0000000E+00   0.0000000E+00   0.0000000E+00   0.0000000E+00
   0.2000000E+00   0.6299999E-01   0.0000000E+00   0.1000000E-03   0.1000000E-03   0.1000000E-03
   0.2000000E+00   0.6400000E-01   0.0000000E+00   0.0000000E+00   0.2000000E-03   0.0000000E+00
   0.2000000E+00   0.6500000E-01   0.0000000E+00   0.1000000E-03   0.0000000E+00   0.1000000E-03
   0.2000000E+00   0.6599999E-01   0.0000000E+00   0.2000000E-03   0.1000000E-03   0.1000000E-03
   0.2000000E+00   0.6699999E-01   0.0000000E+00   0.2000000E-03   0.3000000E-03   0.4000000E-03
   0.2000000E+00   0.6800000E-01   0.0000000E+00   0.1000000E-03   0.2000000E-03   0.2000000E-03
   0.2000000E+00   0.6899999E-01   0.0000000E+00   0.2000000E-03   0.2000000E-03   0.2000000E-03
   0.2000000E+00   0.6999999E-01   0.0000000E+00   0.2000000E-03   0.3000000E-03   0.3000000E-03
   0.2000000E+00   0.7099999E-01   0.0000000E+00   0.2000000E-03   0.7000001E-03   0.6000001E-03
   0.2000000E+00   0.7200000E-01   0.0000000E+00   0.0000000E+00   0.3000000E-03   0.0000000E+00
   0.2000000E+00   0.7299999E-01   0.0000000E+00   0.1000000E-03   0.0000000E+00   0.0000000E+00
   0.2000000E+00   0.7399999E-01   0.0000000E+00   0.0000000E+00   0.0000000E+00   0.0000000E+00
   0.2000000E+00   0.7500000E-01   0.0000000E+00   0.3000000E-03   0.1000000E-03   0.2000000E-03
   0.2000000E+00   0.7599999E-01   0.0000000E+00   0.4000000E-03   0.0000000E+00   0.0000000E+00
   0.2000000E+00   0.7699999E-01   0.0000000E+00   0.2000000E-03   0.0000000E+00   0.1000000E-03
   0.2000000E+00   0.7799999E-01   0.0000000E+00   0.5000001E-03   0.0000000E+00   0.3000000E-03
   0.2000000E+00   0.7900000E-01   0.0000000E+00   0.1000000E-03   0.0000000E+00   0.0000000E+00
   0.2000000E+00   0.7999999E-01   0.0000000E+00   0.2000000E-03   0.2000000E-03   0.1000000E-03
   0.2000000E+00   0.8099999E-01   0.0000000E+00   0.6000001E-03   0.4000000E-03   0.2000000E-03
   0.2000000E+00   0.8199999E-01   0.0000000E+00   0.5000001E-03   0.3000000E-03   0.1000000E-03
   0.2000000E+00   0.8300000E-01   0.0000000E+00   0.6000001E-03   0.3000000E-03   0.1000000E-03
   0.2000000E+00   0.8399999E-01   0.0000000E+00   0.4000000E-03   0.1000000E-03   0.2000000E-03
   0.2000000E+00   0.8499999E-01   0.0000000E+00   0.6000001E-03   0.1000000E-03   0.1000000E-03
   0.2000000E+00   0.8600000E-01   0.0000000E+00   0.3000000E-03   0.1000000E-03   0.0000000E+00
   0.2000000E+00   0.8699999E-01   0.0000000E+00   0.7000001E-03   0.4000000E-03   0.2000000E-03
   0.2000000E+00   0.8799999E-01   0.0000000E+00   0.9000001E-03   0.1000000E-03   0.3000000E-03
   0.2000000E+00   0.8899999E-01   0.0000000E+00   0.1100000E-02   0.3000000E-03   0.1000000E-03
   0.2000000E+00   0.9000000E-01   0.0000000E+00   0.1300000E-02   0.4000000E-03   0.6000001E-03
   0.2000000E+00   0.9099999E-01   0.1000000E-03   0.8000001E-03   0.4000000E-03   0.3000000E-03
   0.2000000E+00   0.9199999E-01   0.0000000E+00   0.8000001E-03   0.5000001E-03   0.7000001E-03
   0.2000000E+00   0.9299999E-01   0.0000000E+00   0.8000001E-03   0.2000000E-03   0.3000000E-03
   0.2000000E+00   0.9399999E-01   0.0000000E+00   0.1600001E-02   0.9000001E-03   0.7000001E-03
   0.2000000E+00   0.9499999E-01   0.1000000E-03   0.1300000E-02   0.1000000E-02   0.1000000E-02
   0.2000000E+00   0.9599999E-01   0.0000000E+00   0.1300000E-02   0.6000001E-03   0.7000001E-03
   0.2000000E+00   0.9700000E-01   0.0000000E+00   0.9000001E-03   0.3000000E-03   0.6000001E-03
   0.2000000E+00   0.9799999E-01   0.0000000E+00   0.7000001E-03   0.0000000E+00   0.1000000E-03
   0.2000000E+00   0.9899999E-01   0.0000000E+00   0.3000000E-03   0.2000000E-03   0.2000000E-03
   0.2000000E+00   0.9999999E-01   0.0000000E+00   0.5000001E-03   0.3000000E-03   0.3000000E-03
   0.2000000E+00   0.1010000E+00   0.0000000E+00   0.3000000E-03   0.1000000E-03   0.0000000E+00
   0.2000000E+00   0.1020000E+00   0.0000000E+00   0.1400000E-02   0.4000000E-03   0.7000001E-03
   0.2000000E+00   0.1030000E+00   0.0000000E+00   0.9000001E-03   0.4000000E-03   0.7000001E-03
   0.2000000E+00   0.1040000E+00   0.3000000E-03   0.1400000E-02   0.7000001E-03   0.5000001E-03
   0.2000000E+00   0.1050000E+00   0.0000000E+00   0.1500000E-02   0.2000000E-03   0.7000001E-03
   0.2000000E+00   0.1060000E+00   0.0000000E+00   0.2100001E-02   0.4000000E-03   0.7000001E-03
   0.2000000E+00   0.1070000E+00   0.0000000E+00   0.2600001E-02   0.9000001E-03   0.1300000E-02
   0.2000000E+00   0.1080000E+00   0.0000000E+00   0.1700001E-02   0.8000001E-03   0.7000001E-03
   0.2000000E+00   0.1090000E+00   0.0000000E+00   0.2700001E-02   0.8000001E-03   0.1100000E-02
   0.2000000E+00   0.1100000E+00   0.0000000E+00   0.3600002E-02   0.6000001E-03   0.1200000E-02
   0.2000000E+00   0.1110000E+00   0.0000000E+00   0.2800001E-02   0.7000001E-03   0.1000000E-02
   0.2000000E+00   0.1120000E+00   0.0000000E+00   0.3500002E-02   0.1100000E-02   0.1100000E-02
   0.2000000E+00   0.1130000E+00   0.0000000E+00   0.3600002E-02   0.1300000E-02   0.1300000E-02
   0.2000000E+00   0.1140000E+00   0.3000000E-03   0.3700002E-02   0.9000001E-03   0.1300000E-02
   0.2000000E+00   0.1150000E+00   0.0000000E+00   0.3200002E-02   0.9000001E-03   0.1300000E-02
   0.2000000E+00   0.1160000E+00   0.2000000E-03   0.3200002E-02   0.1300000E-02   0.1600001E-02
   0.2000000E+00   0.1170000E+00   0.2000000E-03   0.2600001E-02   0.1700001E-02   0.1800001E-02
   0.2000000E+00   0.1180000E+00   0.0000000E+00   0.1700001E-02   0.5000001E-03   0.6000001E-03
   0.2000000E+00   0.1190000E+00   0.2000000E-03   0.1100000E-02   0.5000001E-03   0.5000001E-03
   0.2000000E+00   0.1200000E+00   0.1000000E-03   0.3300002E-02   0.8000001E-03   0.1800001E-02
   0.2000000E+00   0.1210000E+00   0.1000000E-03   0.4300002E-02   0.7000001E-03   0.1600001E-02
   0.2000000E+00   0.1220000E+00   0.0000000E+00   0.3300002E-02   0.7000001E-03   0.1300000E-02
   0.2000000E+00   0.1230000E+00   0.2000000E-03   0.3600002E-02   0.1500000E-02   0.1200000E-02
   0.2000000E+00   0.1240000E+00   0.1000000E-03   0.3800002E-02   0.1200000E-02   0.1100000E-02
   0.2000000E+00   0.1250000E+00   0.0000000E+00   0.7299996E-02   0.1000000E-02   0.2600001E-02
   0.2000000E+00   0.1260000E+00   0.0000000E+00   0.6899997E-02   0.1300000E-02   0.2300001E-02
   0.2000000E+00   0.1270000E+00   0.0000000E+00   0.7599996E-02   0.1700001E-02   0.2700001E-02
   0.2000000E+00   0.1280000E+00   0.4000000E-03   0.9699993E-02   0.1300000E-02   0.2800001E-02
   0.2000000E+00   0.1290000E+00   0.8000001E-03   0.9199994E-02   0.8000001E-03   0.2800001E-02
   0.2000000E+00   0.1300000E+00   0.1000000E-03   0.1149999E-01   0.2700001E-02   0.3400002E-02
   0.2000000E+00   0.1310000E+00   0.0000000E+00   0.9199994E-02   0.2500001E-02   0.4000002E-02
   0.2000000E+00   0.1320000E+00   0.0000000E+00   0.9799993E-02   0.1500000E-02   0.3100001E-02
   0.2000000E+00   0.1330000E+00   0.1000000E-03   0.5899999E-02   0.2400001E-02   0.3600002E-02
   0.2000000E+00   0.1340000E+00   0.0000000E+00   0.5100000E-02   0.1600001E-02   0.2300001E-02
   0.2000000E+00   0.1350000E+00   0.0000000E+00   0.7399996E-02   0.1500000E-02   0.2200001E-02
   0.2000000E+00   0.1360000E+00   0.0000000E+00   0.8799994E-02   0.1500000E-02   0.2600001E-02
   0.2000000E+00   0.1370000E+00   0.2000000E-03   0.9299994E-02   0.2500001E-02   0.3900002E-02
   0.2000000E+00   0.1380000E+00   0.0000000E+00   0.1119999E-01   0.1600001E-02   0.3800002E-02
   0.2000000E+00   0.1390000E+00   0.1000000E-03   0.1249999E-01   0.1500000E-02   0.4400001E-02
   0.2000000E+00   0.1400000E+00   0.1000000E-03   0.1299999E-01   0.1600001E-02   0.4800001E-02
   0.2000000E+00   0.1410000E+00   0.5000001E-03   0.1509998E-01   0.2500001E-02   0.4300002E-02
   0.2000000E+00   0.1420000E+00   0.0000000E+00   0.1739998E-01   0.1900001E-02   0.5500000E-02
   0.2000000E+00   0.1430000E+00   0.0000000E+00   0.1689998E-01   0.2300001E-02   0.5500000E-02
   0.2000000E+00   0.1440000E+00   0.0000000E+00   0.2209997E-01   0.2900001E-02   0.6399998E-02
   0.2000000E+00   0.1450000E+00   0.6000001E-03   0.1609998E-01   0.2200001E-02   0.4400001E-02
   0.2000000E+00   0.1460000E+00   0.2000000E-03   0.1459998E-01   0.2500001E-02   0.5100000E-02
   0.2000000E+00   0.1470000E+00   0.9000001E-03   0.1399999E-01   0.1800001E-02   0.5400000E-02
   0.2000000E+00   0.1480000E+00   0.4000000E-03   0.1399999E-01   0.2800001E-02   0.4800001E-02
   0.2000000E+00   0.1490000E+00   0.4000000E-03   0.1809998E-01   0.2900001E-02   0.6399998E-02
   0.2000000E+00   0.1500000E+00   0.3000000E-03   0.2209997E-01   0.2100001E-02   0.5899999E-02
   0.2000000E+00   0.1510000E+00   0.4000000E-03   0.2739996E-01   0.3200002E-02   0.8499995E-02
   0.2000000E+00   0.1520000E+00   0.0000000E+00   0.2979996E-01   0.3000001E-02   0.8399995E-02
   0.2000000E+00   0.1530000E+00   0.4000000E-03   0.3550003E-01   0.4800001E-02   0.1099999E-01
   0.2000000E+00   0.1540000E+00   0.2000000E-03   0.3670005E-01   0.4300002E-02   0.1249999E-01
   0.2000000E+00   0.1550000E+00   0.2000000E-03   0.3480002E-01   0.4500001E-02   0.1129999E-01
   0.2000000E+00   0.1560000E+00   0.4000000E-03   0.3319999E-01   0.3100001E-02   0.1009999E-01
   0.2000000E+00   0.1570000E+00   0.4000000E-03   0.2839996E-01   0.3900002E-02   0.8899994E-02
   0.2000000E+00   0.1580000E+00   0.1100000E-02   0.3630004E-01   0.3400002E-02   0.1029999E-01
   0.2000000E+00   0.1590000E+00   0.9000001E-03   0.3880008E-01   0.3500002E-02   0.1159999E-01
   0.2000000E+00   0.1600000E+00   0.0000000E+00   0.4660022E-01   0.4500001E-02   0.1399999E-01
   0.2000000E+00   0.1610000E+00   0.8000001E-03   0.5480035E-01   0.4200002E-02   0.1739998E-01
   0.2000000E+00   0.1620000E+00   0.7000001E-03   0.6230048E-01   0.7399996E-02   0.2009998E-01
   0.2000000E+00   0.1630000E+00   0.8000001E-03   0.6060045E-01   0.6199998E-02   0.1839998E-01
   0.2000000E+00   0.1640000E+00   0.5000001E-03   0.6150047E-01   0.7199997E-02   0.1809998E-01
   0.2000000E+00   0.1650000E+00   0.9000001E-03   0.5210031E-01   0.5899999E-02   0.1589998E-01
   0.2000000E+00   0.1660000E+00   0.6000001E-03   0.5660038E-01   0.7199997E-02   0.1749998E-01
   0.2000000E+00   0.1670000E+00   0.5000001E-03   0.7400068E-01   0.6799997E-02   0.2219997E-01
   0.2000000E+00   0.1680000E+00   0.9000001E-03   0.8570088E-01   0.1029999E-01   0.2599997E-01
   0.2000000E+00   0.1690000E+00   0.7000001E-03   0.9140097E-01   0.8699995E-02   0.2959996E-01
   0.2000000E+00   0.1700000E+00   0.8000001E-03   0.1068012E+00   0.7399996E-02   0.3179996E-01
   0.2000000E+00   0.1710000E+00   0.1100000E-02   0.9850109E-01   0.1149999E-01   0.3109996E-01
   0.2000000E+00   0.1720000E+00   0.1100000E-02   0.9620105E-01   0.7899996E-02   0.2999996E-01
   0.2000000E+00   0.1730000E+00   0.1500000E-02   0.1060012E+00   0.9599993E-02   0.3239997E-01
   0.2000000E+00   0.1740000E+00   0.1100000E-02   0.1381018E+00   0.1109999E-01   0.3850008E-01
   0.2000000E+00   0.1750000E+00   0.7000001E-03   0.1470019E+00   0.1309999E-01   0.4390017E-01
   0.2000000E+00   0.1760000E+00   0.1700001E-02   0.1682023E+00   0.1359999E-01   0.4860025E-01
   0.2000000E+00   0.1770000E+00   0.1000000E-02   0.1501020E+00   0.1359999E-01   0.4730023E-01
   0.2000000E+00   0.1780000E+00   0.1500000E-02   0.1663022E+00   0.1509998E-01   0.4990027E-01
   0.2000000E+00   0.1790000E+00   0.1500000E-02   0.2129030E+00   0.1509998E-01   0.6130046E-01
   0.2000000E+00   0.1800000E+00   0.1300000E-02   0.2373034E+00   0.1709998E-01   0.6720056E-01
   0.2000000E+00   0.1810000E+00   0.1200000E-02   0.2380034E+00   0.1909998E-01   0.7190064E-01
   0.2000000E+00   0.1820000E+00   0.1900001E-02   0.2540031E+00   0.2009998E-01   0.7530070E-01
   0.2000000E+00   0.1830000E+00   0.1600001E-02   0.3107956E+00   0.2209997E-01   0.9120097E-01
   0.2000000E+00   0.1840000E+00   0.2900001E-02   0.3291932E+00   0.2419997E-01   0.9560104E-01
   0.2000000E+00   0.1850000E+00   0.3500002E-02   0.3523901E+00   0.2849996E-01   0.1031012E+00
   0.2000000E+00   0.1860000E+00   0.3300002E-02   0.4033834E+00   0.2639996E-01   0.1154014E+00
   0.2000000E+00   0.1870000E+00   0.4200002E-02   0.4832728E+00   0.2759996E-01   0.1395018E+00
   0.2000000E+00   0.1880000E+00   0.4200002E-02   0.4985708E+00   0.3229997E-01   0.1384018E+00
   0.2000000E+00   0.1890000E+00   0.3200002E-02   0.6199905E+00   0.3840008E-01   0.1779024E+00
   0.2000000E+00   0.1900000E+00   0.2400001E-02   0.6905022E+00   0.4360016E-01   0.1936027E+00
   0.2000000E+00   0.1910000E+00   0.5100000E-02   0.8365265E+00   0.4510019E-01   0.2345034E+00
   0.2000000E+00   0.1920000E+00   0.3900002E-02   0.9215406E+00   0.5500036E-01   0.2535032E+00
   0.2000000E+00   0.1930000E+00   0.4600001E-02   0.1143677E+01   0.5930043E-01   0.3153950E+00
   0.2000000E+00   0.1940000E+00   0.4700001E-02   0.1382217E+01   0.7100063E-01   0.3884853E+00
   0.2000000E+00   0.1950000E+00   0.5000000E-02   0.1706971E+01   0.8410085E-01   0.4691747E+00
   0.2000000E+00   0.1960000E+00   0.5200000E-02   0.2157158E+01   0.1073012E+00   0.5986870E+00
   0.2000000E+00   0.1970000E+00   0.6299998E-02   0.2831865E+01   0.1225015E+00   0.7744161E+00
   0.2000000E+00   0.1980000E+00   0.5000000E-02   0.4092791E+01   0.1764024E+00   0.1094969E+01
   0.2000000E+00   0.1990000E+00   0.4400001E-02   0.6898996E+01   0.2584025E+00   0.1864397E+01
   0.2000000E+00   0.2000000E+00   0.6499998E-02   0.7042591E+01   0.2187031E+00   0.1889901E+01
   0.2000000E+00   0.2010000E+00   0.6099998E-02   0.2400001E-02   0.2000000E-03   0.1600001E-02
   0.2000000E+00   0.2020000E+00   0.8199995E-02   0.1800001E-02   0.1000000E-03   0.1800001E-02
   0.2000000E+00   0.2030000E+00   0.8899994E-02   0.7000001E-03   0.3000000E-03   0.2800001E-02
   0.2000000E+00   0.2040000E+00   0.1099999E-01   0.1700001E-02   0.2000000E-03   0.2900001E-02
   0.2000000E+00   0.2050000E+00   0.1029999E-01   0.1700001E-02   0.2000000E-03   0.3100001E-02
   0.2000000E+00   0.2060000E+00   0.1019999E-01   0.1100000E-02   0.3000000E-03   0.3100001E-02
   0.2000000E+00   0.2070000E+00   0.1169999E-01   0.1200000E-02   0.4000000E-03   0.3700002E-02
   0.2000000E+00   0.2080000E+00   0.1409999E-01   0.1100000E-02   0.2000000E-03   0.4500001E-02
   0.2000000E+00   0.2090000E+00   0.9799993E-02   0.2100001E-02   0.1000000E-03   0.3200002E-02
   0.2000000E+00   0.2100000E+00   0.1509998E-01   0.1600001E-02   0.2000000E-03   0.4100002E-02
   0.2000000E+00   0.2110000E+00   0.1579998E-01   0.2100001E-02   0.0000000E+00   0.4600001E-02
   0.2000000E+00   0.2120000E+00   0.1919998E-01   0.2700001E-02   0.3000000E-03   0.4700001E-02
   0.2000000E+00   0.2130000E+00   0.1739998E-01   0.2900001E-02   0.2000000E-03   0.5200000E-02
   0.2000000E+00   0.2140000E+00   0.2059997E-01   0.3800002E-02   0.3000000E-03   0.6699997E-02
   0.2000000E+00   0.2150000E+00   0.2359997E-01   0.2700001E-02   0.1000000E-03   0.7599996E-02
   0.2000000E+00   0.2160000E+00   0.2229997E-01   0.3700002E-02   0.6000001E-03   0.5699999E-02
   0.2000000E+00   0.2170000E+00   0.2589997E-01   0.5000000E-02   0.7000001E-03   0.7399996E-02
   0.2000000E+00   0.2180000E+00   0.2929996E-01   0.4600001E-02   0.5000001E-03   0.9299994E-02
   0.2000000E+00   0.2190000E+00   0.3309999E-01   0.4300002E-02   0.2000000E-03   0.9899992E-02
   0.2000000E+00   0.2200000E+00   0.3149996E-01   0.6099998E-02   0.6000001E-03   0.1139999E-01
   0.2000000E+00   0.2210000E+00   0.3910009E-01   0.5500000E-02   0.6000001E-03   0.1079999E-01
   0.2000000E+00   0.2220000E+00   0.4640021E-01   0.6899997E-02   0.7000001E-03   0.1239999E-01
   0.2000000E+00   0.2230000E+00   0.5440035E-01   0.7299996E-02   0.8000001E-03   0.1549998E-01
   0.2000000E+00   0.2240000E+00   0.5980044E-01   0.1009999E-01   0.7000001E-03   0.1879998E-01
   0.2000000E+00   0.2250000E+00   0.6110046E-01   0.1239999E-01   0.6000001E-03   0.2009998E-01
   0.2000000E+00   0.2260000E+00   0.7160064E-01   0.1269999E-01   0.7000001E-03   0.2119997E-01
   0.2000000E+00   0.2270000E+00   0.1024012E+00   0.1309999E-01   0.7000001E-03   0.2879996E-01
   0.2000000E+00   0.2280000E+00   0.1145014E+00   0.1809998E-01   0.1100000E-02   0.3610004E-01
   0.2000000E+00   0.2290000E+00   0.1495019E+00   0.2399997E-01   0.1300000E-02   0.4530019E-01
   0.2000000E+00   0.2300000E+00   0.1711023E+00   0.3019996E-01   0.1400000E-02   0.4840025E-01
   0.2000000E+00   0.2310000E+00   0.2217032E+00   0.3550003E-01   0.1700001E-02   0.6520053E-01
   0.2000000E+00   0.2320000E+00   0.1133013E+00   0.1669998E-01   0.1100000E-02   0.3700005E-01
   0.2000000E+00   0.2330000E+00   0.2739996E-01   0.4200002E-02   0.1000000E-03   0.9299994E-02
   0.2000000E+00   0.2340000E+00   0.2639996E-01   0.5999999E-02   0.7000001E-03   0.9099994E-02
   0.2000000E+00   0.2350000E+00   0.2769996E-01   0.5899999E-02   0.2000000E-03   0.8299995E-02
   0.2000000E+00   0.2360000E+00   0.3279998E-01   0.6199998E-02   0.6000001E-03   0.9599993E-02
   0.2000000E+00   0.2370000E+00   0.3450001E-01   0.7699996E-02   0.1100000E-02   0.1149999E-01
   0.2000000E+00   0.2380000E+00   0.3920009E-01   0.8199995E-02   0.7000001E-03   0.1279999E-01
   0.2000000E+00   0.2390000E+00   0.4090012E-01   0.9699993E-02   0.1400000E-02   0.1339999E-01
   0.2000000E+00   0.2400000E+00   0.4960027E-01   0.1029999E-01   0.8000001E-03   0.1409999E-01
   0.2000000E+00   0.2410000E+00   0.5090029E-01   0.1049999E-01   0.6000001E-03   0.1599998E-01
   0.2000000E+00   0.2420000E+00   0.5440035E-01   0.1099999E-01   0.5000001E-03   0.1649998E-01
   0.2000000E+00   0.2430000E+00   0.6240048E-01   0.1039999E-01   0.1300000E-02   0.1939998E-01
   0.2000000E+00   0.2440000E+00   0.6760057E-01   0.1409999E-01   0.1100000E-02   0.2119997E-01
   0.2000000E+00   0.2450000E+00   0.7790074E-01   0.1819998E-01   0.9000001E-03   0.2809996E-01
   0.2000000E+00   0.2460000E+00   0.8680090E-01   0.1439998E-01   0.1500000E-02   0.2559997E-01
   0.2000000E+00   0.2470000E+00   0.8640089E-01   0.2059997E-01   0.9000001E-03   0.2869996E-01
   0.2000000E+00   0.2480000E+00   0.9940111E-01   0.2409997E-01   0.1400000E-02   0.3179996E-01
   0.2000000E+00   0.2490000E+00   0.1203015E+00   0.2699996E-01   0.1600001E-02   0.3380000E-01
   0.2000000E+00   0.2500000E+00   0.1330017E+00   0.3390000E-01   0.2300001E-02   0.4350016E-01
   0.2000000E+00   0.2510000E+00   0.1595021E+00   0.3239997E-01   0.2000001E-02   0.4900026E-01
   0.2000000E+00   0.2520000E+00   0.1854026E+00   0.3870008E-01   0.1700001E-02   0.5440035E-01
   0.2000000E+00   0.2530000E+00   0.1993028E+00   0.4740023E-01   0.2100001E-02   0.5890042E-01
   0.2000000E+00   0.2540000E+00   0.2325034E+00   0.5700039E-01   0.2500001E-02   0.7640072E-01
   0.2000000E+00   0.2550000E+00   0.2727006E+00   0.6250048E-01   0.2900001E-02   0.8130080E-01
   0.2000000E+00   0.2560000E+00   0.2966975E+00   0.6950060E-01   0.3200002E-02   0.9050096E-01
   0.2000000E+00   0.2570000E+00   0.2237032E+00   0.5220031E-01   0.2000001E-02   0.7200065E-01
   0.2000000E+00   0.2580000E+00   0.4800024E-01   0.1209999E-01   0.1700001E-02   0.1679998E-01
   0.2000000E+00   0.2590000E+00   0.5280032E-01   0.1529998E-01   0.1700001E-02   0.1859998E-01
   0.2000000E+00   0.2600000E+00   0.5830041E-01   0.1739998E-01   0.1900001E-02   0.2019997E-01
   0.2000000E+00   0.2610000E+00   0.6480052E-01   0.2239997E-01   0.1900001E-02   0.2329997E-01
   0.2000000E+00   0.2620000E+00   0.6930060E-01   0.2399997E-01   0.1300000E-02   0.2449997E-01
   0.2000000E+00   0.2630000E+00   0.7910077E-01   0.2399997E-01   0.1800001E-02   0.2659996E-01
   0.2000000E+00   0.2640000E+00   0.8900093E-01   0.2799996E-01   0.2400001E-02   0.3099996E-01
   0.2000000E+00   0.2650000E+00   0.9790108E-01   0.3380000E-01   0.2800001E-02   0.3510002E-01
   0.2000000E+00   0.2660000E+00   0.1070012E+00   0.3600004E-01   0.4100002E-02   0.4020011E-01
   0.2000000E+00   0.2670000E+00   0.1215015E+00   0.3900009E-01   0.2000001E-02   0.3930009E-01
   0.2000000E+00   0.2680000E+00   0.1468019E+00   0.4500019E-01   0.2300001E-02   0.4830024E-01
   0.2000000E+00   0.2690000E+00   0.1609021E+00   0.4750023E-01   0.3500002E-02   0.5460035E-01
   0.2000000E+00   0.2700000E+00   0.1882026E+00   0.5700039E-01   0.4300002E-02   0.6230048E-01
   0.2000000E+00   0.2710000E+00   0.2025028E+00   0.6570054E-01   0.3300002E-02   0.7050062E-01
   0.2000000E+00   0.2720000E+00   0.2214032E+00   0.7270066E-01   0.4000002E-02   0.7270066E-01
   0.2000000E+00   0.2730000E+00   0.2505036E+00   0.7970078E-01   0.2900001E-02   0.8680090E-01
   0.2000000E+00   0.2740000E+00   0.2788998E+00   0.8950094E-01   0.5100000E-02   0.9540104E-01
   0.2000000E+00   0.2750000E+00   0.3023967E+00   0.1019012E+00   0.4100002E-02   0.1078013E+00
   0.2000000E+00   0.2760000E+00   0.3248937E+00   0.9700107E-01   0.4700001E-02   0.1024012E+00
   0.2000000E+00   0.2770000E+00   0.2747004E+00   0.8420085E-01   0.3800002E-02   0.9130097E-01
   0.2000000E+00   0.2780000E+00   0.1216015E+00   0.4110012E-01   0.3000001E-02   0.4280015E-01
   0.2000000E+00   0.2790000E+00   0.1057012E+00   0.3950009E-01   0.3100001E-02   0.3299998E-01
   0.2000000E+00   0.2800000E+00   0.1100013E+00   0.4450018E-01   0.5100000E-02   0.4080012E-01
   0.2000000E+00   0.2810000E+00   0.1256015E+00   0.5030028E-01   0.5300000E-02   0.4660022E-01
   0.2000000E+00   0.2820000E+00   0.1549020E+00   0.5480035E-01   0.4600001E-02   0.5600037E-01
   0.2000000E+00   0.2830000E+00   0.1639022E+00   0.6250048E-01   0.5000000E-02   0.5900043E-01
   0.2000000E+00   0.2840000E+00   0.1812025E+00   0.7000061E-01   0.5400000E-02   0.6220048E-01
   0.2000000E+00   0.2850000E+00   0.2175031E+00   0.7440069E-01   0.6699997E-02   0.7730073E-01
   0.2000000E+00   0.2860000E+00   0.2160031E+00   0.8450086E-01   0.7399996E-02   0.7830075E-01
   0.2000000E+00   0.2870000E+00   0.2418035E+00   0.9400102E-01   0.7499996E-02   0.9020095E-01
   0.2000000E+00   0.2880000E+00   0.2671014E+00   0.1030012E+00   0.5599999E-02   0.9440102E-01
   0.2000000E+00   0.2890000E+00   0.3106956E+00   0.1251015E+00   0.7899996E-02   0.1116013E+00
   0.2000000E+00   0.2900000E+00   0.3503904E+00   0.1396018E+00   0.7999996E-02   0.1304016E+00
   0.2000000E+00   0.2910000E+00   0.3527901E+00   0.1463019E+00   0.7299996E-02   0.1291016E+00
   0.2000000E+00   0.2920000E+00   0.3739873E+00   0.1497020E+00   0.8399995E-02   0.1344017E+00
   0.2000000E+00   0.2930000E+00   0.3366922E+00   0.1285016E+00   0.9399993E-02   0.1186014E+00
   0.2000000E+00   0.2940000E+00   0.1953027E+00   0.9260099E-01   0.8999994E-02   0.7570071E-01
   0.2000000E+00   0.2950000E+00   0.1826025E+00   0.7610071E-01   0.8099996E-02   0.6840058E-01
   0.2000000E+00   0.2960000E+00   0.1959027E+00   0.8580088E-01   0.9099994E-02   0.7840075E-01
   0.2000000E+00   0.2970000E+00   0.2157031E+00   0.1004011E+00   0.9299994E-02   0.8410085E-01
   0.2000000E+00   0.2980000E+00   0.2381034E+00   0.1101013E+00   0.1159999E-01   0.9140097E-01
   0.2000000E+00   0.2990000E+00   0.2726007E+00   0.1279016E+00   0.1009999E-01   0.9930111E-01
   0.2000000E+00   0.3000000E+00   0.3143951E+00   0.1499020E+00   0.1119999E-01   0.1218015E+00
   0.2000000E+00   0.3010000E+00   0.3389919E+00   0.1649022E+00   0.1099999E-01   0.1298016E+00
   0.2000000E+00   0.3020000E+00   0.3725874E+00   0.1777024E+00   0.1329999E-01   0.1419018E+00
   0.2000000E+00   0.3030000E+00   0.4176815E+00   0.1905026E+00   0.1319999E-01   0.1560021E+00
   0.2000000E+00   0.3040000E+00   0.4517770E+00   0.1999028E+00   0.1359999E-01   0.1748024E+00
   0.2000000E+00   0.3050000E+00   0.4431781E+00   0.2122030E+00   0.1509998E-01   0.1766024E+00
   0.2000000E+00   0.3060000E+00   0.3978841E+00   0.1883026E+00   0.1299999E-01   0.1503020E+00
   0.2000000E+00   0.3070000E+00   0.2946977E+00   0.1446019E+00   0.1509998E-01   0.1175014E+00
   0.2000000E+00   0.3080000E+00   0.2740005E+00   0.1492019E+00   0.1489998E-01   0.1115013E+00
   0.2000000E+00   0.3090000E+00   0.2983972E+00   0.1654022E+00   0.1679998E-01   0.1256015E+00
   0.2000000E+00   0.3100000E+00   0.3337926E+00   0.1874026E+00   0.1819998E-01   0.1393018E+00
   0.2000000E+00   0.3110000E+00   0.3916849E+00   0.2053029E+00   0.1799998E-01   0.1569021E+00
   0.2000000E+00   0.3120000E+00   0.4222809E+00   0.2380034E+00   0.2079997E-01   0.1741024E+00
   0.2000000E+00   0.3130000E+00   0.4584761E+00   0.2609022E+00   0.2159997E-01   0.1812025E+00
   0.2000000E+00   0.3140000E+00   0.5084720E+00   0.2935979E+00   0.2229997E-01   0.2080029E+00
   0.2000000E+00   0.3150000E+00   0.5341763E+00   0.3026967E+00   0.2219997E-01   0.2180031E+00
   0.2000000E+00   0.3160000E+00   0.5008708E+00   0.2821994E+00   0.2169997E-01   0.2085029E+00
   0.2000000E+00   0.3170000E+00   0.4179814E+00   0.2548030E+00   0.2059997E-01   0.1795025E+00
   0.2000000E+00   0.3180000E+00   0.3602891E+00   0.2375034E+00   0.2339997E-01   0.1598021E+00
   0.2000000E+00   0.3190000E+00   0.4182814E+00   0.2647017E+00   0.2439997E-01   0.1784024E+00
   0.2000000E+00   0.3200000E+00   0.4605758E+00   0.3175947E+00   0.2949996E-01   0.2102030E+00
   0.2000000E+00   0.3210000E+00   0.5058716E+00   0.3393918E+00   0.2739996E-01   0.2276033E+00
   0.2000000E+00   0.3220000E+00   0.5830844E+00   0.3927848E+00   0.3089996E-01   0.2617021E+00
   0.2000000E+00   0.3230000E+00   0.6193904E+00   0.4019836E+00   0.3159996E-01   0.2686012E+00
   0.2000000E+00   0.3240000E+00   0.6414941E+00   0.4105824E+00   0.3329999E-01   0.2736005E+00
   0.2000000E+00   0.3250000E+00   0.5609807E+00   0.3840859E+00   0.3690005E-01   0.2481036E+00
   0.2000000E+00   0.3260000E+00   0.4680748E+00   0.3818862E+00   0.3630004E-01   0.2336034E+00
   0.2000000E+00   0.3270000E+00   0.5005707E+00   0.4234807E+00   0.3740006E-01   0.2538031E+00
   0.2000000E+00   0.3280000E+00   0.6089887E+00   0.4745740E+00   0.3910009E-01   0.2919981E+00
   0.2000000E+00   0.3290000E+00   0.6381935E+00   0.5223743E+00   0.4700022E-01   0.3141952E+00
   0.2000000E+00   0.3300000E+00   0.6673984E+00   0.5550798E+00   0.4590020E-01   0.3274934E+00
   0.2000000E+00   0.3310000E+00   0.6806006E+00   0.5745830E+00   0.4890025E-01   0.3411916E+00
   0.2000000E+00   0.3320000E+00   0.6153898E+00   0.5559799E+00   0.4730023E-01   0.3253937E+00
   0.2000000E+00   0.3330000E+00   0.5874851E+00   0.5773835E+00   0.4770023E-01   0.3107956E+00
   0.2000000E+00   0.3340000E+00   0.6738995E+00   0.6474951E+00   0.5910043E-01   0.3628887E+00
   0.2000000E+00   0.3350000E+00   0.7337094E+00   0.7269083E+00   0.6540053E-01   0.3981841E+00
   0.2000000E+00   0.3360000E+00   0.7745162E+00   0.7574133E+00   0.6310049E-01   0.4135820E+00
   0.2000000E+00   0.3370000E+00   0.7237077E+00   0.7770166E+00   0.6410051E-01   0.4020835E+00
   0.2000000E+00   0.3380000E+00   0.6609973E+00   0.7926192E+00   0.7230065E-01   0.3926848E+00
   0.2000000E+00   0.3390000E+00   0.7426109E+00   0.8949361E+00   0.7410068E-01   0.4521769E+00
   0.2000000E+00   0.3400000E+00   0.8060214E+00   0.9731491E+00   0.8210082E-01   0.4670750E+00
   0.2000000E+00   0.3410000E+00   0.7966198E+00   0.1018657E+01   0.8360084E-01   0.4913718E+00
   0.2000000E+00   0.3420000E+00   0.7620141E+00   0.1067165E+01   0.9010095E-01   0.4910718E+00
   0.2000000E+00   0.3430000E+00   0.7792169E+00   0.1174182E+01   0.9690107E-01   0.5366767E+00
   0.2000000E+00   0.3440000E+00   0.8460280E+00   0.1284501E+01   0.1035012E+00   0.5780836E+00
   0.2000000E+00   0.3450000E+00   0.7775167E+00   0.1345811E+01   0.1163014E+00   0.5825843E+00
   0.2000000E+00   0.3460000E+00   0.8016207E+00   0.1437826E+01   0.1211015E+00   0.6241912E+00
   0.2000000E+00   0.3470000E+00   0.8314256E+00   0.1618056E+01   0.1297016E+00   0.6766999E+00
   0.2000000E+00   0.3480000E+00   0.7899187E+00   0.1727874E+01   0.1393018E+00   0.6995037E+00
   0.2000000E+00   0.3490000E+00   0.8204238E+00   0.1910905E+01   0.1476019E+00   0.7521124E+00
   0.2000000E+00   0.3500000E+00   0.8204238E+00   0.2064253E+01   0.1522020E+00   0.8011206E+00
   0.2000000E+00   0.3510000E+00   0.8143228E+00   0.2268843E+01   0.1703023E+00   0.8365265E+00
   0.2000000E+00   0.3520000E+00   0.7811173E+00   0.2526179E+01   0.1881026E+00   0.9325424E+00
   0.2000000E+00   0.3530000E+00   0.7881184E+00   0.2847449E+01   0.2002028E+00   0.1012556E+01
   0.2000000E+00   0.3540000E+00   0.7380101E+00   0.3142945E+01   0.2101030E+00   0.1085368E+01
   0.2000000E+00   0.3550000E+00   0.7104055E+00   0.3514164E+01   0.2343034E+00   0.1179183E+01
   0.2000000E+00   0.3560000E+00   0.6429943E+00   0.4000866E+01   0.2541031E+00   0.1286901E+01
   0.2000000E+00   0.3570000E+00   0.5599806E+00   0.4520771E+01   0.2702010E+00   0.1387218E+01
   0.2000000E+00   0.3580000E+00   0.4378788E+00   0.5004928E+01   0.2742004E+00   0.1504937E+01
   0.2000000E+00   0.3590000E+00   0.2758002E+00   0.5101158E+01   0.2403035E+00   0.1437326E+01
   0.2000000E+00   0.3600000E+00   0.1502020E+00   0.1582850E+01   0.5780040E-01   0.4697746E+00
   0.2000000E+00   0.3610000E+00   0.1505020E+00   0.1659998E-01   0.1800001E-02   0.4420017E-01
   0.2000000E+00   0.3620000E+00   0.1487019E+00   0.1959998E-01   0.1300000E-02   0.4280015E-01
   0.2000000E+00   0.3630000E+00   0.1689023E+00   0.1779998E-01   0.1000000E-02   0.4760023E-01
   0.2000000E+00   0.3640000E+00   0.1679023E+00   0.1729998E-01   0.2400001E-02   0.4610021E-01
   0.2000000E+00   0.3650000E+00   0.1735024E+00   0.1799998E-01   0.2000001E-02   0.5140030E-01
   0.2000000E+00   0.3660000E+00   0.1886026E+00   0.2059997E-01   0.1900001E-02   0.5090029E-01
   0.2000000E+00   0.3670000E+00   0.1917027E+00   0.2299997E-01   0.2400001E-02   0.5640038E-01
   0.2000000E+00   0.3680000E+00   0.2206032E+00   0.2729996E-01   0.2500001E-02   0.6290049E-01
   0.2000000E+00   0.3690000E+00   0.2258032E+00   0.2769996E-01   0.1800001E-02   0.6230048E-01
   0.2000000E+00   0.3700000E+00   0.2461036E+00   0.2569997E-01   0.3100001E-02   0.6610055E-01
   0.2000000E+00   0.3710000E+00   0.2640018E+00   0.3219997E-01   0.3700002E-02   0.7280066E-01
   0.2000000E+00   0.3720000E+00   0.2744004E+00   0.3430001E-01   0.2500001E-02   0.7810075E-01
   0.2000000E+00   0.3730000E+00   0.2735005E+00   0.3380000E-01   0.2900001E-02   0.8020078E-01
   0.2000000E+00   0.3740000E+00   0.2832992E+00   0.3650004E-01   0.3100001E-02   0.8030079E-01
   0.2000000E+00   0.3750000E+00   0.3036965E+00   0.3930009E-01   0.3000001E-02   0.8490086E-01
   0.2000000E+00   0.3760000E+00   0.3376921E+00   0.3580003E-01   0.3600002E-02   0.9330101E-01
   0.2000000E+00   0.3770000E+00   0.3740872E+00   0.4660022E-01   0.4300002E-02   0.1060012E+00
   0.2000000E+00   0.3780000E+00   0.3893852E+00   0.4850025E-01   0.4000002E-02   0.1109013E+00
   0.2000000E+00   0.3790000E+00   0.4285800E+00   0.4930026E-01   0.2700001E-02   0.1166014E+00
   0.2000000E+00   0.3800000E+00   0.4297799E+00   0.5760040E-01   0.4800001E-02   0.1292016E+00
   0.2000000E+00   0.3810000E+00   0.4546766E+00   0.6200048E-01   0.6299998E-02   0.1312016E+00
   0.2000000E+00   0.3820000E+00   0.5103723E+00   0.6800058E-01   0.4300002E-02   0.1440019E+00
   0.2000000E+00   0.3830000E+00   0.5207741E+00   0.7000061E-01   0.5799999E-02   0.1507020E+00
   0.2000000E+00   0.3840000E+00   0.5125727E+00   0.6750057E-01   0.4200002E-02   0.1504020E+00
   0.2000000E+00   0.3850000E+00   0.4046832E+00   0.5640038E-01   0.5400000E-02   0.1149014E+00
   0.2000000E+00   0.3860000E+00   0.3069961E+00   0.4640021E-01   0.5300000E-02   0.9250099E-01
   0.2000000E+00   0.3870000E+00   0.3231940E+00   0.4250015E-01   0.4700001E-02   0.9550104E-01
   0.2000000E+00   0.3880000E+00   0.3470908E+00   0.5130029E-01   0.4300002E-02   0.9650106E-01
   0.2000000E+00   0.3890000E+00   0.3609890E+00   0.5320033E-01   0.4900001E-02   0.1137014E+00
   0.2000000E+00   0.3900000E+00   0.3891852E+00   0.5720039E-01   0.5899999E-02   0.1184014E+00
   0.2000000E+00   0.3910000E+00   0.4203811E+00   0.6590054E-01   0.7399996E-02   0.1236015E+00
   0.2000000E+00   0.3920000E+00   0.4441780E+00   0.7020061E-01   0.7399996E-02   0.1352017E+00
   0.2000000E+00   0.3930000E+00   0.4989707E+00   0.7500070E-01   0.6399998E-02   0.1484019E+00
   0.2000000E+00   0.3940000E+00   0.5091721E+00   0.7180064E-01   0.7099997E-02   0.1526020E+00
   0.2000000E+00   0.3950000E+00   0.5475785E+00   0.8440086E-01   0.9299994E-02   0.1611021E+00
   0.2000000E+00   0.3960000E+00   0.5778835E+00   0.8820092E-01   0.9799993E-02   0.1695023E+00
   0.2000000E+00   0.3970000E+00   0.5846847E+00   0.9880110E-01   0.8299995E-02   0.1711023E+00
   0.2000000E+00   0.3980000E+00   0.6216908E+00   0.9880110E-01   0.8999994E-02   0.1862026E+00
   0.2000000E+00   0.3990000E+00   0.7188069E+00   0.1145014E+00   0.1269999E-01   0.2146031E+00
   0.2000000E+00   0.4000000E+00   0.7215074E+00   0.1224015E+00   0.1229999E-01   0.2211032E+00
   0.2000000E+00   0.4010000E+00   0.7526125E+00   0.1290016E+00   0.1169999E-01   0.2254032E+00
   0.2000000E+00   0.4020000E+00   0.7866182E+00   0.1415018E+00   0.1309999E-01   0.2424035E+00
   0.2000000E+00   0.4030000E+00   0.8152229E+00   0.1395018E+00   0.1069999E-01   0.2432035E+00
   0.2000000E+00   0.4040000E+00   0.7731159E+00   0.1473019E+00   0.1219999E-01   0.2379034E+00
   0.2000000E+00   0.4050000E+00   0.6598971E+00   0.1193014E+00   0.1189999E-01   0.2055029E+00
   0.2000000E+00   0.4060000E+00   0.5323760E+00   0.9620105E-01   0.1169999E-01   0.1643022E+00
   0.2000000E+00   0.4070000E+00   0.5409774E+00   0.9640106E-01   0.1239999E-01   0.1616022E+00
   0.2000000E+00   0.4080000E+00   0.5928860E+00   0.1104013E+00   0.1289999E-01   0.1853026E+00
   0.2000000E+00   0.4090000E+00   0.5983869E+00   0.1135013E+00   0.1429999E-01   0.1894026E+00
   0.2000000E+00   0.4100000E+00   0.6610973E+00   0.1298016E+00   0.1379999E-01   0.2005028E+00
   0.2000000E+00   0.4110000E+00   0.6960031E+00   0.1358017E+00   0.1749998E-01   0.2170031E+00
   0.2000000E+00   0.4120000E+00   0.7606139E+00   0.1417018E+00   0.1789998E-01   0.2347034E+00
   0.2000000E+00   0.4130000E+00   0.7709156E+00   0.1624022E+00   0.1839998E-01   0.2389035E+00
   0.2000000E+00   0.4140000E+00   0.8203238E+00   0.1788024E+00   0.1679998E-01   0.2585025E+00
   0.2000000E+00   0.4150000E+00   0.8901353E+00   0.1872026E+00   0.2029997E-01   0.2777000E+00
   0.2000000E+00   0.4160000E+00   0.9436442E+00   0.1909027E+00   0.1829998E-01   0.3002970E+00
   0.2000000E+00   0.4170000E+00   0.9835508E+00   0.2144030E+00   0.2009998E-01   0.3124954E+00
   0.2000000E+00   0.4180000E+00   0.1054062E+01   0.2192031E+00   0.2389997E-01   0.3276934E+00
   0.2000000E+00   0.4190000E+00   0.1028958E+01   0.2202031E+00   0.2319997E-01   0.3195944E+00
   0.2000000E+00   0.4200000E+00   0.1006755E+01   0.2200031E+00   0.2299997E-01   0.3065962E+00
   0.2000000E+00   0.4210000E+00   0.9082384E+00   0.2155031E+00   0.2099997E-01   0.2889985E+00
   0.2000000E+00   0.4220000E+00   0.7948195E+00   0.1845025E+00   0.2629996E-01   0.2546030E+00
   0.2000000E+00   0.4230000E+00   0.8127225E+00   0.1912027E+00   0.2309997E-01   0.2617021E+00
   0.2000000E+00   0.4240000E+00   0.8765331E+00   0.1951027E+00   0.2559997E-01   0.2745004E+00
   0.2000000E+00   0.4250000E+00   0.9790501E+00   0.2221032E+00   0.2869996E-01   0.3183946E+00
   0.2000000E+00   0.4260000E+00   0.1019257E+01   0.2391035E+00   0.3099996E-01   0.3283933E+00
   0.2000000E+00   0.4270000E+00   0.1072266E+01   0.2614021E+00   0.3009996E-01   0.3536899E+00
   0.2000000E+00   0.4280000E+00   0.1120474E+01   0.2716008E+00   0.3159996E-01   0.3619888E+00
   0.2000000E+00   0.4290000E+00   0.1181084E+01   0.2936979E+00   0.3159996E-01   0.3823861E+00
   0.2000000E+00   0.4300000E+00   0.1278700E+01   0.3189945E+00   0.3500002E-01   0.4163817E+00
   0.2000000E+00   0.4310000E+00   0.1287201E+01   0.3192945E+00   0.3750006E-01   0.4125822E+00
   0.2000000E+00   0.4320000E+00   0.1292102E+01   0.3317928E+00   0.3750006E-01   0.4339793E+00
   0.2000000E+00   0.4330000E+00   0.1287701E+01   0.3373921E+00   0.3870008E-01   0.4288800E+00
   0.2000000E+00   0.4340000E+00   0.1202787E+01   0.3194945E+00   0.3580003E-01   0.3906851E+00
   0.2000000E+00   0.4350000E+00   0.1134676E+01   0.2940978E+00   0.3920009E-01   0.3795865E+00
   0.2000000E+00   0.4360000E+00   0.1160380E+01   0.3241938E+00   0.4390017E-01   0.3877854E+00
   0.2000000E+00   0.4370000E+00   0.1248695E+01   0.3397918E+00   0.4470018E-01   0.4221809E+00
   0.2000000E+00   0.4380000E+00   0.1328308E+01   0.3710876E+00   0.4840025E-01   0.4574762E+00
   0.2000000E+00   0.4390000E+00   0.1436826E+01   0.3965843E+00   0.5810041E-01   0.4829729E+00
   0.2000000E+00   0.4400000E+00   0.1518540E+01   0.4185814E+00   0.5360033E-01   0.5256749E+00
   0.2000000E+00   0.4410000E+00   0.1584751E+01   0.4453778E+00   0.5620038E-01   0.5366767E+00
   0.2000000E+00   0.4420000E+00   0.1606054E+01   0.4781735E+00   0.5990044E-01   0.5535795E+00
   0.2000000E+00   0.4430000E+00   0.1627958E+01   0.4902719E+00   0.6200048E-01   0.5586804E+00
   0.2000000E+00   0.4440000E+00   0.1600653E+01   0.4799733E+00   0.6470052E-01   0.5419776E+00
   0.2000000E+00   0.4450000E+00   0.1524040E+01   0.4700746E+00   0.7310066E-01   0.5242746E+00
   0.2000000E+00   0.4460000E+00   0.1511038E+01   0.4712744E+00   0.6960060E-01   0.5329761E+00
   0.2000000E+00   0.4470000E+00   0.1631758E+01   0.5160733E+00   0.7450069E-01   0.5656815E+00
   0.2000000E+00   0.4480000E+00   0.1757479E+01   0.5756832E+00   0.7700073E-01   0.6283919E+00
   0.2000000E+00   0.4490000E+00   0.1827091E+01   0.6221909E+00   0.7860076E-01   0.6581969E+00
   0.2000000E+00   0.4500000E+00   0.1885400E+01   0.6478952E+00   0.8080079E-01   0.6664982E+00
   0.2000000E+00   0.4510000E+00   0.1900903E+01   0.6664982E+00   0.8840092E-01   0.6887019E+00
   0.2000000E+00   0.4520000E+00   0.1909704E+01   0.6921025E+00   0.9270100E-01   0.6933027E+00
   0.2000000E+00   0.4530000E+00   0.1893002E+01   0.6632977E+00   0.9950111E-01   0.6937028E+00
   0.2000000E+00   0.4540000E+00   0.1862297E+01   0.6951030E+00   0.9640106E-01   0.6879018E+00
   0.2000000E+00   0.4550000E+00   0.1965114E+01   0.7555130E+00   0.1072012E+00   0.7341095E+00
   0.2000000E+00   0.4560000E+00   0.2047271E+01   0.8159230E+00   0.1137014E+00   0.7777167E+00
   0.2000000E+00   0.4570000E+00   0.2121994E+01   0.8587301E+00   0.1186014E+00   0.7970199E+00
   0.2000000E+00   0.4580000E+00   0.2175739E+01   0.9112388E+00   0.1200015E+00   0.8290252E+00
   0.2000000E+00   0.4590000E+00   0.2166548E+01   0.9089385E+00   0.1296016E+00   0.8255246E+00
   0.2000000E+00   0.4600000E+00   0.2094322E+01   0.9276416E+00   0.1316016E+00   0.8281251E+00
   0.2000000E+00   0.4610000E+00   0.2168247E+01   0.1010555E+01   0.1401018E+00   0.8576300E+00
   0.2000000E+00   0.4620000E+00   0.2262250E+01   0.1098470E+01   0.1498020E+00   0.9087384E+00
   0.2000000E+00   0.4630000E+00   0.2380528E+01   0.1155479E+01   0.1536020E+00   0.9637476E+00
   0.2000000E+00   0.4640000E+00   0.2307803E+01   0.1197786E+01   0.1702023E+00   0.9687484E+00
   0.2000000E+00   0.4650000E+00   0.2309402E+01   0.1211989E+01   0.1662022E+00   0.9633475E+00
   0.2000000E+00   0.4660000E+00   0.2335275E+01   0.1273999E+01   0.1787024E+00   0.9900519E+00
   0.2000000E+00   0.4670000E+00   0.2397811E+01   0.1417223E+01   0.1920027E+00   0.1060163E+01
   0.2000000E+00   0.4680000E+00   0.2464242E+01   0.1454929E+01   0.1986028E+00   0.1059263E+01
   0.2000000E+00   0.4690000E+00   0.2434573E+01   0.1537843E+01   0.2111030E+00   0.1113872E+01
   0.2000000E+00   0.4700000E+00   0.2420388E+01   0.1613855E+01   0.2226032E+00   0.1128675E+01
   0.2000000E+00   0.4710000E+00   0.2449458E+01   0.1717072E+01   0.2326034E+00   0.1163981E+01
   0.2000000E+00   0.4720000E+00   0.2501204E+01   0.1840093E+01   0.2444036E+00   0.1197486E+01
   0.2000000E+00   0.4730000E+00   0.2444862E+01   0.1922207E+01   0.2500036E+00   0.1193786E+01
   0.2000000E+00   0.4740000E+00   0.2444163E+01   0.2027791E+01   0.2651016E+00   0.1261097E+01
   0.2000000E+00   0.4750000E+00   0.2391018E+01   0.2189625E+01   0.2873987E+00   0.1284501E+01
   0.2000000E+00   0.4760000E+00   0.2324386E+01   0.2286725E+01   0.2928980E+00   0.1297303E+01
   0.2000000E+00   0.4770000E+00   0.2322888E+01   0.2479327E+01   0.3003970E+00   0.1342110E+01
   0.2000000E+00   0.4780000E+00   0.2223789E+01   0.2563341E+01   0.3092958E+00   0.1346111E+01
   0.2000000E+00   0.4790000E+00   0.2135480E+01   0.2741657E+01   0.3306930E+00   0.1388218E+01
   0.2000000E+00   0.4800000E+00   0.2068849E+01   0.2906788E+01   0.3441912E+00   0.1404421E+01
   0.2000000E+00   0.4810000E+00   0.1956512E+01   0.3080709E+01   0.3492905E+00   0.1443227E+01
   0.2000000E+00   0.4820000E+00   0.1788984E+01   0.3247338E+01   0.3478907E+00   0.1418923E+01
   0.2000000E+00   0.4830000E+00   0.1598553E+01   0.3321662E+01   0.3458910E+00   0.1412122E+01
   0.2000000E+00   0.4840000E+00   0.1371115E+01   0.3389692E+01   0.3257936E+00   0.1364114E+01
   0.2000000E+00   0.4850000E+00   0.1121574E+01   0.3277307E+01   0.2958976E+00   0.1254296E+01
   0.2000000E+00   0.4860000E+00   0.8755329E+00   0.2885410E+01   0.2369034E+00   0.1060264E+01
   0.2000000E+00   0.4870000E+00   0.6194904E+00   0.1914605E+01   0.1282016E+00   0.6898021E+00
   0.2000000E+00   0.4880000E+00   0.5448781E+00   0.2867988E+00   0.2089997E-01   0.2241032E+00
   0.2000000E+00   0.4890000E+00   0.5432778E+00   0.5660038E-01   0.9899992E-02   0.1536020E+00
   0.2000000E+00   0.4900000E+00   0.5749831E+00   0.6040045E-01   0.9999992E-02   0.1648022E+00
   0.2000000E+00   0.4910000E+00   0.6199905E+00   0.6020045E-01   0.1119999E-01   0.1811025E+00
   0.2000000E+00   0.4920000E+00   0.6415941E+00   0.6860059E-01   0.1069999E-01   0.1798025E+00
   0.2000000E+00   0.4930000E+00   0.6759998E+00   0.6570054E-01   0.1219999E-01   0.1854026E+00
   0.2000000E+00   0.4940000E+00   0.7227076E+00   0.7690073E-01   0.1349999E-01   0.2095030E+00
   0.2000000E+00   0.4950000E+00   0.7340094E+00   0.7860076E-01   0.1269999E-01   0.2075029E+00
   0.2000000E+00   0.4960000E+00   0.7972199E+00   0.8590088E-01   0.1409999E-01   0.2278033E+00
   0.2000000E+00   0.4970000E+00   0.7929192E+00   0.9220099E-01   0.1579998E-01   0.2296033E+00
   0.2000000E+00   0.4980000E+00   0.8511289E+00   0.9790108E-01   0.1699998E-01   0.2462036E+00
   0.2000000E+00   0.4990000E+00   0.8949361E+00   0.9980112E-01   0.1629998E-01   0.2576026E+00
   0.2000000E+00   0.5000000E+00   0.9393435E+00   0.1067012E+00   0.1649998E-01   0.2714008E+00
   0.2000000E+00   0.5009999E+00   0.9550461E+00   0.1104013E+00   0.1729998E-01   0.2706009E+00
   0.2000000E+00   0.5019999E+00   0.1005454E+01   0.1253015E+00   0.1819998E-01   0.2978973E+00
   0.2000000E+00   0.5030000E+00   0.1005854E+01   0.1243015E+00   0.2019997E-01   0.2951977E+00
   0.2000000E+00   0.5039999E+00   0.1087368E+01   0.1298016E+00   0.2059997E-01   0.3144951E+00
   0.2000000E+00   0.5049999E+00   0.1085568E+01   0.1366017E+00   0.2139997E-01   0.3169948E+00
   0.2000000E+00   0.5059999E+00   0.1098070E+01   0.1347017E+00   0.2139997E-01   0.3155950E+00
   0.2000000E+00   0.5070000E+00   0.1050662E+01   0.1332017E+00   0.2269997E-01   0.3124954E+00
   0.2000000E+00   0.5080000E+00   0.1010955E+01   0.1281016E+00   0.2489997E-01   0.2971974E+00
   0.2000000E+00   0.5089999E+00   0.1023657E+01   0.1249015E+00   0.2259997E-01   0.3018968E+00
   0.2000000E+00   0.5099999E+00   0.1080367E+01   0.1415018E+00   0.2559997E-01   0.3268935E+00
   0.2000000E+00   0.5109999E+00   0.1131275E+01   0.1538020E+00   0.2839996E-01   0.3291932E+00
   0.2000000E+00   0.5120000E+00   0.1168281E+01   0.1621022E+00   0.2969996E-01   0.3496905E+00
   0.2000000E+00   0.5130000E+00   0.1258696E+01   0.1663022E+00   0.3059996E-01   0.3690879E+00
   0.2000000E+00   0.5139999E+00   0.1321707E+01   0.1724023E+00   0.3259998E-01   0.3945845E+00
   0.2000000E+00   0.5149999E+00   0.1347511E+01   0.1873026E+00   0.3540003E-01   0.4029834E+00
   0.2000000E+00   0.5159999E+00   0.1400220E+01   0.2096030E+00   0.3400000E-01   0.4125822E+00
   0.2000000E+00   0.5170000E+00   0.1485234E+01   0.1993028E+00   0.3940009E-01   0.4479775E+00
   0.2000000E+00   0.5179999E+00   0.1525741E+01   0.2216032E+00   0.3600004E-01   0.4577762E+00
   0.2000000E+00   0.5189999E+00   0.1582550E+01   0.2373034E+00   0.3580003E-01   0.4740740E+00
   0.2000000E+00   0.5199999E+00   0.1617956E+01   0.2413035E+00   0.3940009E-01   0.4846726E+00
   0.2000000E+00   0.5210000E+00   0.1615256E+01   0.2522033E+00   0.4500019E-01   0.4932715E+00
   0.2000000E+00   0.5220000E+00   0.1602353E+01   0.2404035E+00   0.3950009E-01   0.4726742E+00
   0.2000000E+00   0.5229999E+00   0.1581350E+01   0.2477036E+00   0.4700022E-01   0.4789734E+00
   0.2000000E+00   0.5239999E+00   0.1483834E+01   0.2366034E+00   0.4790024E-01   0.4532768E+00
   0.2000000E+00   0.5249999E+00   0.1530342E+01   0.2398035E+00   0.4490019E-01   0.4682748E+00
   0.2000000E+00   0.5260000E+00   0.1588551E+01   0.2544031E+00   0.5010027E-01   0.4823729E+00
   0.2000000E+00   0.5270000E+00   0.1672065E+01   0.2756003E+00   0.5270032E-01   0.5020710E+00
   0.2000000E+00   0.5279999E+00   0.1755679E+01   0.3011969E+00   0.5490036E-01   0.5495788E+00
   0.2000000E+00   0.5289999E+00   0.1844294E+01   0.3092958E+00   0.5750040E-01   0.5725827E+00
   0.2000000E+00   0.5299999E+00   0.1909504E+01   0.3336926E+00   0.6370050E-01   0.5907857E+00
   0.2000000E+00   0.5310000E+00   0.1954412E+01   0.3559896E+00   0.6650055E-01   0.6161899E+00
   0.2000000E+00   0.5319999E+00   0.2048769E+01   0.3765869E+00   0.6570054E-01   0.6400939E+00
   0.2000000E+00   0.5329999E+00   0.2070447E+01   0.3870855E+00   0.7190064E-01   0.6534961E+00
   0.2000000E+00   0.5339999E+00   0.2138077E+01   0.3962843E+00   0.7260066E-01   0.6715991E+00
   0.2000000E+00   0.5350000E+00   0.2082934E+01   0.3961843E+00   0.7870076E-01   0.6636978E+00
   0.2000000E+00   0.5360000E+00   0.2087829E+01   0.3939846E+00   0.7830075E-01   0.6596971E+00
   0.2000000E+00   0.5369999E+00   0.2044574E+01   0.3930847E+00   0.8050079E-01   0.6540962E+00
   0.2000000E+00   0.5379999E+00   0.2140975E+01   0.4161817E+00   0.8910093E-01   0.6724992E+00
   0.2000000E+00   0.5389999E+00   0.2211003E+01   0.4436781E+00   0.8390085E-01   0.6957031E+00
   0.2000000E+00   0.5400000E+00   0.2328981E+01   0.4532768E+00   0.9060096E-01   0.7340094E+00
   0.2000000E+00   0.5409999E+00   0.2373935E+01   0.4984708E+00   0.1014011E+00   0.7775167E+00
   0.2000000E+00   0.5419999E+00   0.2486320E+01   0.5250748E+00   0.1040012E+00   0.8098220E+00
   0.2000000E+00   0.5429999E+00   0.2616686E+01   0.5520793E+00   0.1062012E+00   0.8456280E+00
   0.2000000E+00   0.5439999E+00   0.2604998E+01   0.5648814E+00   0.1157014E+00   0.8658313E+00
   0.2000000E+00   0.5450000E+00   0.2647954E+01   0.5759832E+00   0.1178014E+00   0.8725324E+00
   0.2000000E+00   0.5459999E+00   0.2597306E+01   0.5917858E+00   0.1226015E+00   0.8538293E+00
   0.2000000E+00   0.5469999E+00   0.2636865E+01   0.5824843E+00   0.1362017E+00   0.8881350E+00
   0.2000000E+00   0.5479999E+00   0.2748650E+01   0.6034878E+00   0.1408018E+00   0.9138393E+00
   0.2000000E+00   0.5490000E+00   0.2804393E+01   0.6521959E+00   0.1410018E+00   0.9343427E+00
   0.2000000E+00   0.5500000E+00   0.2935458E+01   0.6980035E+00   0.1495019E+00   0.9989534E+00
   0.2000000E+00   0.5509999E+00   0.3004488E+01   0.7448112E+00   0.1574021E+00   0.1009555E+01
   0.2000000E+00   0.5519999E+00   0.3153834E+01   0.7861181E+00   0.1644022E+00   0.1067765E+01
   0.2000000E+00   0.5529999E+00   0.3196890E+01   0.8122224E+00   0.1677023E+00   0.1075166E+01
   0.2000000E+00   0.5540000E+00   0.3219666E+01   0.8260247E+00   0.1740024E+00   0.1115973E+01
   0.2000000E+00   0.5549999E+00   0.3190996E+01   0.8385268E+00   0.1869026E+00   0.1082967E+01
   0.2000000E+00   0.5559999E+00   0.3153634E+01   0.8853346E+00   0.1961027E+00   0.1111572E+01
   0.2000000E+00   0.5569999E+00   0.3355927E+01   0.9178399E+00   0.1933027E+00   0.1159180E+01
   0.2000000E+00   0.5579999E+00   0.3476003E+01   0.9723490E+00   0.2144030E+00   0.1216990E+01
   0.2000000E+00   0.5590000E+00   0.3490089E+01   0.1017956E+01   0.2171031E+00   0.1249195E+01
   0.2000000E+00   0.5599999E+00   0.3552025E+01   0.1073266E+01   0.2342034E+00   0.1271599E+01
   0.2000000E+00   0.5609999E+00   0.3588188E+01   0.1107071E+01   0.2404035E+00   0.1317606E+01
   0.2000000E+00   0.5619999E+00   0.3609066E+01   0.1137776E+01   0.2460036E+00   0.1288201E+01
   0.2000000E+00   0.5630000E+00   0.3651723E+01   0.1207288E+01   0.2558029E+00   0.1355713E+01
   0.2000000E+00   0.5640000E+00   0.3739033E+01   0.1268298E+01   0.2785999E+00   0.1375216E+01
   0.2000000E+00   0.5649999E+00   0.3861507E+01   0.1356013E+01   0.2930979E+00   0.1451328E+01
   0.2000000E+00   0.5659999E+00   0.3827542E+01   0.1400120E+01   0.3061962E+00   0.1455029E+01
   0.2000000E+00   0.5669999E+00   0.3834934E+01   0.1447228E+01   0.3154950E+00   0.1485234E+01
   0.2000000E+00   0.5680000E+00   0.3806863E+01   0.1529341E+01   0.3208943E+00   0.1492335E+01
   0.2000000E+00   0.5689999E+00   0.3868200E+01   0.1635959E+01   0.3473908E+00   0.1539143E+01
   0.2000000E+00   0.5699999E+00   0.3942924E+01   0.1709271E+01   0.3608890E+00   0.1598853E+01
   0.2000000E+00   0.5709999E+00   0.3922045E+01   0.1758779E+01   0.3708877E+00   0.1612155E+01
   0.2000000E+00   0.5719999E+00   0.3902066E+01   0.1807988E+01   0.3850858E+00   0.1620356E+01
   0.2000000E+00   0.5730000E+00   0.3910257E+01   0.1939509E+01   0.3996839E+00   0.1663564E+01
   0.2000000E+00   0.5739999E+00   0.3866702E+01   0.2029989E+01   0.4086827E+00   0.1681267E+01
   0.2000000E+00   0.5749999E+00   0.3810659E+01   0.2081835E+01   0.4255804E+00   0.1674966E+01
   0.2000000E+00   0.5759999E+00   0.3779991E+01   0.2206208E+01   0.4381788E+00   0.1718273E+01
   0.2000000E+00   0.5770000E+00   0.3678096E+01   0.2285126E+01   0.4423782E+00   0.1731475E+01
   0.2000000E+00   0.5779999E+00   0.3559717E+01   0.2419089E+01   0.4599759E+00   0.1724874E+01
   0.2000000E+00   0.5789999E+00   0.3454325E+01   0.2485421E+01   0.4621756E+00   0.1706271E+01
   0.2000000E+00   0.5799999E+00   0.3340343E+01   0.2614488E+01   0.4686747E+00   0.1706971E+01
   0.2000000E+00   0.5809999E+00   0.3135952E+01   0.2688812E+01   0.4596759E+00   0.1691868E+01
   0.2000000E+00   0.5820000E+00   0.2947346E+01   0.2719680E+01   0.4519770E+00   0.1642260E+01
   0.2000000E+00   0.5829999E+00   0.2697703E+01   0.2762436E+01   0.4508771E+00   0.1594652E+01
   0.2000000E+00   0.5839999E+00   0.2453254E+01   0.2800097E+01   0.4275802E+00   0.1520340E+01
   0.2000000E+00   0.5849999E+00   0.2159955E+01   0.2721878E+01   0.4064830E+00   0.1420423E+01
   0.2000000E+00   0.5860000E+00   0.1865697E+01   0.2521783E+01   0.3634886E+00   0.1267498E+01
   0.2000000E+00   0.5870000E+00   0.1581750E+01   0.2271241E+01   0.2953976E+00   0.1118073E+01
   0.2000000E+00   0.5879999E+00   0.1330708E+01   0.1771181E+01   0.2095030E+00   0.8755329E+00
   0.2000000E+00   0.5889999E+00   0.1110372E+01   0.1064364E+01   0.1236015E+00   0.6103889E+00
   0.2000000E+00   0.5899999E+00   0.1052362E+01   0.2897984E+00   0.4270015E-01   0.3560896E+00
   0.2000000E+00   0.5910000E+00   0.1091169E+01   0.1235015E+00   0.3610004E-01   0.3151950E+00
   0.2000000E+00   0.5919999E+00   0.1129175E+01   0.1305016E+00   0.3750006E-01   0.3323928E+00
   0.2000000E+00   0.5929999E+00   0.1171882E+01   0.1441019E+00   0.3890008E-01   0.3433913E+00
   0.2000000E+00   0.5939999E+00   0.1213789E+01   0.1573021E+00   0.3960010E-01   0.3512903E+00
   0.2000000E+00   0.5949999E+00   0.1260797E+01   0.1614022E+00   0.4040011E-01   0.3776868E+00
   0.2000000E+00   0.5960000E+00   0.1343811E+01   0.1704023E+00   0.4520019E-01   0.4057831E+00
   0.2000000E+00   0.5969999E+00   0.1331709E+01   0.1687023E+00   0.4770023E-01   0.4090826E+00
   0.2000000E+00   0.5979999E+00   0.1437326E+01   0.1910027E+00   0.5130029E-01   0.4272802E+00
   0.2000000E+00   0.5989999E+00   0.1452529E+01   0.2078029E+00   0.5100029E-01   0.4499772E+00
   0.2000000E+00   0.6000000E+00   0.1547644E+01   0.2165031E+00   0.5660038E-01   0.4632755E+00
   0.2000000E+00   0.6010000E+00   0.1590051E+01   0.2252032E+00   0.5930043E-01   0.4850726E+00
   0.2000000E+00   0.6019999E+00   0.1597653E+01   0.2317033E+00   0.6100046E-01   0.4900719E+00
   0.2000000E+00   0.6029999E+00   0.1654562E+01   0.2404035E+00   0.6680056E-01   0.5106724E+00
   0.2000000E+00   0.6039999E+00   0.1658363E+01   0.2449036E+00   0.6930060E-01   0.5247747E+00
   0.2000000E+00   0.6050000E+00   0.1674065E+01   0.2445036E+00   0.6600054E-01   0.5156732E+00
   0.2000000E+00   0.6059999E+00   0.1705971E+01   0.2476036E+00   0.7520070E-01   0.5177736E+00
   0.2000000E+00   0.6069999E+00   0.1739876E+01   0.2579026E+00   0.7440069E-01   0.5357766E+00
   0.2000000E+00   0.6079999E+00   0.1795485E+01   0.2813995E+00   0.7170064E-01   0.5617809E+00
   0.2000000E+00   0.6089999E+00   0.1876799E+01   0.2917981E+00   0.8570088E-01   0.5832844E+00
   0.2000000E+00   0.6100000E+00   0.2000119E+01   0.3161949E+00   0.9380101E-01   0.6325926E+00
   0.2000000E+00   0.6109999E+00   0.2047770E+01   0.3264935E+00   0.9320100E-01   0.6449947E+00
   0.2000000E+00   0.6119999E+00   0.2165949E+01   0.3428914E+00   0.9640106E-01   0.6763999E+00
   0.2000000E+00   0.6129999E+00   0.2187926E+01   0.3712876E+00   0.9960111E-01   0.6810006E+00
   0.2000000E+00   0.6140000E+00   0.2229883E+01   0.3754871E+00   0.1068012E+00   0.7005039E+00
   0.2000000E+00   0.6149999E+00   0.2274038E+01   0.3969842E+00   0.1100013E+00   0.7193070E+00
   0.2000000E+00   0.6159999E+00   0.2293518E+01   0.4021835E+00   0.1179014E+00   0.7312090E+00
   0.2000000E+00   0.6169999E+00   0.2321689E+01   0.4172815E+00   0.1193014E+00   0.7457114E+00
   0.2000000E+00   0.6179999E+00   0.2337373E+01   0.4215810E+00   0.1315016E+00   0.7543128E+00
   0.2000000E+00   0.6190000E+00   0.2361648E+01   0.4429781E+00   0.1313016E+00   0.7556130E+00
   0.2000000E+00   0.6199999E+00   0.2459148E+01   0.4561764E+00   0.1399018E+00   0.8053213E+00
   0.2000000E+00   0.6209999E+00   0.2527577E+01   0.4711744E+00   0.1459019E+00   0.8136227E+00
   0.2000000E+00   0.6219999E+00   0.2587716E+01   0.5084720E+00   0.1469019E+00   0.8396270E+00
   0.2000000E+00   0.6229999E+00   0.2732367E+01   0.5364767E+00   0.1642022E+00   0.8891352E+00
   0.2000000E+00   0.6240000E+00   0.2791107E+01   0.5613808E+00   0.1677023E+00   0.9208404E+00
   0.2000000E+00   0.6249999E+00   0.2883112E+01   0.6071884E+00   0.1767024E+00   0.9519456E+00
   0.2000000E+00   0.6259999E+00   0.2961432E+01   0.6122892E+00   0.1867026E+00   0.9879516E+00
   0.2000000E+00   0.6269999E+00   0.2995697E+01   0.6263916E+00   0.1884026E+00   0.1000254E+01
   0.2000000E+00   0.6280000E+00   0.2976416E+01   0.6400939E+00   0.1886026E+00   0.9960529E+00
   0.2000000E+00   0.6289999E+00   0.2984808E+01   0.6553964E+00   0.2140030E+00   0.1038360E+01
   0.2000000E+00   0.6299999E+00   0.3085704E+01   0.6762999E+00   0.2131030E+00   0.1035159E+01
   0.2000000E+00   0.6309999E+00   0.3244841E+01   0.7398104E+00   0.2331034E+00   0.1108672E+01
   0.2000000E+00   0.6319999E+00   0.3315368E+01   0.7681151E+00   0.2439035E+00   0.1140077E+01
   0.2000000E+00   0.6330000E+00   0.3380102E+01   0.8070216E+00   0.2456036E+00   0.1160680E+01
   0.2000000E+00   0.6339999E+00   0.3508570E+01   0.8319257E+00   0.2561028E+00   0.1208788E+01
   0.2000000E+00   0.6349999E+00   0.3520957E+01   0.8633309E+00   0.2809995E+00   0.1240093E+01
   0.2000000E+00   0.6359999E+00   0.3607968E+01   0.8966364E+00   0.2796997E+00   0.1268598E+01
   0.2000000E+00   0.6369999E+00   0.3633441E+01   0.9374432E+00   0.2920981E+00   0.1281400E+01
   0.2000000E+00   0.6380000E+00   0.3696177E+01   0.9742493E+00   0.3016968E+00   0.1314406E+01
   0.2000000E+00   0.6389999E+00   0.3816154E+01   0.1018457E+01   0.3200944E+00   0.1370215E+01
   0.2000000E+00   0.6399999E+00   0.3946420E+01   0.1110772E+01   0.3381920E+00   0.1449228E+01
   0.2000000E+00   0.6409999E+00   0.3958607E+01   0.1148678E+01   0.3418915E+00   0.1472132E+01
   0.2000000E+00   0.6420000E+00   0.3988377E+01   0.1179083E+01   0.3600891E+00   0.1484034E+01
   0.2000000E+00   0.6429999E+00   0.4032008E+01   0.1230692E+01   0.3900851E+00   0.1496536E+01
   0.2000000E+00   0.6439999E+00   0.4113118E+01   0.1264997E+01   0.3992839E+00   0.1547244E+01
   0.2000000E+00   0.6449999E+00   0.4155876E+01   0.1359613E+01   0.4154818E+00   0.1580550E+01
   0.2000000E+00   0.6459999E+00   0.4208147E+01   0.1420023E+01   0.4287800E+00   0.1637459E+01
   0.2000000E+00   0.6470000E+00   0.4306280E+01   0.1473432E+01   0.4584761E+00   0.1676266E+01
   0.2000000E+00   0.6479999E+00   0.4302074E+01   0.1538143E+01   0.4557765E+00   0.1676066E+01
   0.2000000E+00   0.6489999E+00   0.4340126E+01   0.1589151E+01   0.4855725E+00   0.1739576E+01
   0.2000000E+00   0.6499999E+00   0.4308383E+01   0.1659063E+01   0.4959711E+00   0.1731575E+01
   0.2000000E+00   0.6509999E+00   0.4341628E+01   0.1719873E+01   0.4987708E+00   0.1756179E+01
   0.2000000E+00   0.6520000E+00   0.4352743E+01   0.1809888E+01   0.5278752E+00   0.1805387E+01
   0.2000000E+00   0.6529999E+00   0.4316995E+01   0.1895602E+01   0.5392771E+00   0.1831391E+01
   0.2000000E+00   0.6539999E+00   0.4280846E+01   0.1975715E+01   0.5652815E+00   0.1846994E+01
   0.2000000E+00   0.6549999E+00   0.4287254E+01   0.2064253E+01   0.5927860E+00   0.1882800E+01
   0.2000000E+00   0.6560000E+00   0.4222767E+01   0.2120795E+01   0.5919859E+00   0.1892502E+01
   0.2000000E+00   0.6569999E+00   0.4116523E+01   0.2227985E+01   0.6083886E+00   0.1877899E+01
   0.2000000E+00   0.6579999E+00   0.4019591E+01   0.2295316E+01   0.6264916E+00   0.1900503E+01
   0.2000000E+00   0.6589999E+00   0.3940626E+01   0.2395313E+01   0.6161899E+00   0.1878499E+01
   0.2000000E+00   0.6599999E+00   0.3791679E+01   0.2407301E+01   0.6137895E+00   0.1862197E+01
   0.2000000E+00   0.6610000E+00   0.3632842E+01   0.2510295E+01   0.6079885E+00   0.1834592E+01
   0.2000000E+00   0.6619999E+00   0.3409871E+01   0.2511594E+01   0.6088887E+00   0.1789084E+01
   0.2000000E+00   0.6629999E+00   0.3181905E+01   0.2549855E+01   0.5852848E+00   0.1733275E+01
   0.2000000E+00   0.6639999E+00   0.2931562E+01   0.2506599E+01   0.5770834E+00   0.1650461E+01
   0.2000000E+00   0.6649999E+00   0.2703397E+01   0.2489716E+01   0.5337762E+00   0.1592052E+01
   0.2000000E+00   0.6659999E+00   0.2442565E+01   0.2358251E+01   0.4737741E+00   0.1439927E+01
   0.2000000E+00   0.6669999E+00   0.2130785E+01   0.2186228E+01   0.4281801E+00   0.1294102E+01
   0.2000000E+00   0.6679999E+00   0.1851195E+01   0.1916005E+01   0.3655884E+00   0.1125774E+01
   0.2000000E+00   0.6689999E+00   0.1618956E+01   0.1560046E+01   0.2845991E+00   0.9395435E+00
   0.2000000E+00   0.6700000E+00   0.1414122E+01   0.1122274E+01   0.1878026E+00   0.7381101E+00
   0.2000000E+00   0.6709999E+00   0.1323507E+01   0.5695822E+00   0.1253015E+00   0.5385770E+00
   0.2000000E+00   0.6719999E+00   0.1327908E+01   0.2681012E+00   0.9430102E-01   0.4360791E+00
   0.2000000E+00   0.6729999E+00   0.1386918E+01   0.2558029E+00   0.1060012E+00   0.4698746E+00
   0.2000000E+00   0.6739999E+00   0.1434026E+01   0.2614021E+00   0.1105013E+00   0.4726742E+00
   0.2000000E+00   0.6750000E+00   0.1477033E+01   0.2808996E+00   0.1125013E+00   0.4948713E+00
   0.2000000E+00   0.6759999E+00   0.1545444E+01   0.2913982E+00   0.1231015E+00   0.5030711E+00
   0.2000000E+00   0.6769999E+00   0.1600253E+01   0.3099957E+00   0.1250015E+00   0.5380769E+00
   0.2000000E+00   0.6779999E+00   0.1664564E+01   0.3233939E+00   0.1367017E+00   0.5742829E+00
   0.2000000E+00   0.6789999E+00   0.1701470E+01   0.3410916E+00   0.1367017E+00   0.5821843E+00
   0.2000000E+00   0.6799999E+00   0.1761980E+01   0.3469908E+00   0.1495019E+00   0.6060882E+00
   0.2000000E+00   0.6809999E+00   0.1847694E+01   0.3656884E+00   0.1486019E+00   0.6418942E+00
   0.2000000E+00   0.6819999E+00   0.1848194E+01   0.3818862E+00   0.1644022E+00   0.6315925E+00
   0.2000000E+00   0.6829999E+00   0.1936109E+01   0.4006837E+00   0.1601021E+00   0.6772000E+00
   0.2000000E+00   0.6840000E+00   0.1927707E+01   0.4213810E+00   0.1782024E+00   0.6785002E+00
   0.2000000E+00   0.6849999E+00   0.1999419E+01   0.4360791E+00   0.1855026E+00   0.6962032E+00
   0.2000000E+00   0.6859999E+00   0.2081635E+01   0.4616757E+00   0.1998028E+00   0.7308089E+00
   0.2000000E+00   0.6869999E+00   0.2145770E+01   0.4884721E+00   0.2065029E+00   0.7722158E+00
   0.2000000E+00   0.6879999E+00   0.2204809E+01   0.5177736E+00   0.2167031E+00   0.7922191E+00
   0.2000000E+00   0.6890000E+00   0.2299412E+01   0.5314758E+00   0.2306033E+00   0.8225241E+00
   0.2000000E+00   0.6899999E+00   0.2378131E+01   0.5649814E+00   0.2377034E+00   0.8511289E+00
   0.2000000E+00   0.6909999E+00   0.2377432E+01   0.5818842E+00   0.2587025E+00   0.8732325E+00
   0.2000000E+00   0.6919999E+00   0.2412396E+01   0.6102889E+00   0.2719007E+00   0.8990368E+00
   0.2000000E+00   0.6929999E+00   0.2438869E+01   0.6264916E+00   0.2751003E+00   0.8992369E+00
   0.2000000E+00   0.6939999E+00   0.2532672E+01   0.6614974E+00   0.2866988E+00   0.9400436E+00
   0.2000000E+00   0.6949999E+00   0.2583920E+01   0.6934027E+00   0.2949977E+00   0.9672481E+00
   0.2000000E+00   0.6959999E+00   0.2676325E+01   0.7381101E+00   0.3144951E+00   0.1014656E+01
   0.2000000E+00   0.6969999E+00   0.2744754E+01   0.7685152E+00   0.3332926E+00   0.1040460E+01
   0.2000000E+00   0.6980000E+00   0.2811686E+01   0.7955196E+00   0.3345925E+00   0.1050962E+01
   0.2000000E+00   0.6989999E+00   0.2913980E+01   0.8197237E+00   0.3543898E+00   0.1114873E+01
   0.2000000E+00   0.6999999E+00   0.2907687E+01   0.8749328E+00   0.3775868E+00   0.1128875E+01
   0.2000000E+00   0.7009999E+00   0.3030361E+01   0.9134392E+00   0.3917849E+00   0.1183984E+01
   0.2000000E+00   0.7019999E+00   0.3051339E+01   0.9480450E+00   0.4115823E+00   0.1211189E+01
   0.2000000E+00   0.7029999E+00   0.3110179E+01   0.1005654E+01   0.4294799E+00   0.1239493E+01
   0.2000000E+00   0.7039999E+00   0.3193593E+01   0.1050162E+01   0.4459777E+00   0.1284001E+01
   0.2000000E+00   0.7049999E+00   0.3266718E+01   0.1086868E+01   0.4757738E+00   0.1318706E+01
   0.2000000E+00   0.7059999E+00   0.3320463E+01   0.1160380E+01   0.4818730E+00   0.1356713E+01
   0.2000000E+00   0.7070000E+00   0.3376905E+01   0.1202187E+01   0.5063717E+00   0.1378516E+01
   0.2000000E+00   0.7079999E+00   0.3415765E+01   0.1258796E+01   0.5181736E+00   0.1443927E+01
   0.2000000E+00   0.7089999E+00   0.3517061E+01   0.1298303E+01   0.5510791E+00   0.1472832E+01
   0.2000000E+00   0.7099999E+00   0.3528050E+01   0.1367414E+01   0.5642813E+00   0.1514439E+01
   0.2000000E+00   0.7109999E+00   0.3583693E+01   0.1452129E+01   0.5935861E+00   0.1561747E+01
   0.2000000E+00   0.7120000E+00   0.3629146E+01   0.1505837E+01   0.6161899E+00   0.1578650E+01
   0.2000000E+00   0.7129999E+00   0.3671602E+01   0.1571548E+01   0.6452947E+00   0.1641060E+01
   0.2000000E+00   0.7139999E+00   0.3681392E+01   0.1651862E+01   0.6600972E+00   0.1649261E+01
   0.2000000E+00   0.7149999E+00   0.3731041E+01   0.1714372E+01   0.6943029E+00   0.1712372E+01
   0.2000000E+00   0.7159999E+00   0.3707266E+01   0.1773682E+01   0.7079051E+00   0.1752578E+01
   0.2000000E+00   0.7169999E+00   0.3727844E+01   0.1853095E+01   0.7300088E+00   0.1757179E+01
   0.2000000E+00   0.7179999E+00   0.3681892E+01   0.1943910E+01   0.7628142E+00   0.1781883E+01
   0.2000000E+00   0.7189999E+00   0.3669005E+01   0.1993518E+01   0.7595137E+00   0.1798086E+01
   0.2000000E+00   0.7199999E+00   0.3668006E+01   0.2085232E+01   0.7772166E+00   0.1828691E+01
   0.2000000E+00   0.7210000E+00   0.3619356E+01   0.2155260E+01   0.7959197E+00   0.1837492E+01
   0.2000000E+00   0.7219999E+00   0.3499779E+01   0.2234079E+01   0.8101221E+00   0.1847494E+01
   0.2000000E+00   0.7229999E+00   0.3409372E+01   0.2295815E+01   0.8141227E+00   0.1846794E+01
   0.2000000E+00   0.7239999E+00   0.3325758E+01   0.2350659E+01   0.8201237E+00   0.1807788E+01
   0.2000000E+00   0.7249999E+00   0.3176811E+01   0.2399709E+01   0.8211239E+00   0.1820790E+01
   0.2000000E+00   0.7260000E+00   0.3024367E+01   0.2428279E+01   0.8037210E+00   0.1773682E+01
   0.2000000E+00   0.7269999E+00   0.2885010E+01   0.2436571E+01   0.7980201E+00   0.1738676E+01
   0.2000000E+00   0.7279999E+00   0.2701099E+01   0.2446760E+01   0.7585135E+00   0.1672465E+01
   0.2000000E+00   0.7289999E+00   0.2484522E+01   0.2408600E+01   0.7216074E+00   0.1594052E+01
   0.2000000E+00   0.7299999E+00   0.2286525E+01   0.2329681E+01   0.6728993E+00   0.1492935E+01
   0.2000000E+00   0.7309999E+00   0.2068749E+01   0.2221891E+01   0.6106890E+00   0.1356013E+01
   0.2000000E+00   0.7319999E+00   0.1793285E+01   0.2017701E+01   0.5423777E+00   0.1234792E+01
   0.2000000E+00   0.7329999E+00   0.1608454E+01   0.1753479E+01   0.4594760E+00   0.1069265E+01
   0.2000000E+00   0.7339999E+00   0.1406621E+01   0.1446428E+01   0.3745872E+00   0.8925357E+00
   0.2000000E+00   0.7350000E+00   0.1268798E+01   0.1051562E+01   0.2984972E+00   0.7247079E+00
   0.2000000E+00   0.7359999E+00   0.1224091E+01   0.6855014E+00   0.2433035E+00   0.5974868E+00
   0.2000000E+00   0.7369999E+00   0.1234592E+01   0.4256804E+00   0.2172031E+00   0.5177736E+00
   0.2000000E+00   0.7379999E+00   0.1279400E+01   0.3806864E+00   0.2222032E+00   0.5247747E+00
   0.2000000E+00   0.7389999E+00   0.1365614E+01   0.4157817E+00   0.2316033E+00   0.5532795E+00
   0.2000000E+00   0.7399999E+00   0.1372615E+01   0.4449779E+00   0.2475036E+00   0.5731828E+00
   0.2000000E+00   0.7409999E+00   0.1421023E+01   0.4621756E+00   0.2743004E+00   0.6096888E+00
   0.2000000E+00   0.7419999E+00   0.1482734E+01   0.4878722E+00   0.2842991E+00   0.6407940E+00
   0.2000000E+00   0.7429999E+00   0.1510138E+01   0.5191738E+00   0.3012969E+00   0.6557965E+00
   0.2000000E+00   0.7439999E+00   0.1561847E+01   0.5459782E+00   0.3186946E+00   0.6843012E+00
   0.2000000E+00   0.7449999E+00   0.1583550E+01   0.5749831E+00   0.3255937E+00   0.6930026E+00
   0.2000000E+00   0.7459999E+00   0.1652462E+01   0.6040879E+00   0.3470908E+00   0.7272083E+00
   0.2000000E+00   0.7469999E+00   0.1680666E+01   0.6312924E+00   0.3608890E+00   0.7651146E+00
   0.2000000E+00   0.7479999E+00   0.1745577E+01   0.6648980E+00   0.3836860E+00   0.8010206E+00
   0.2000000E+00   0.7490000E+00   0.1819890E+01   0.7091053E+00   0.3876854E+00   0.8190235E+00
   0.2000000E+00   0.7499999E+00   0.1843894E+01   0.7498121E+00   0.4212810E+00   0.8605304E+00
   0.2000000E+00   0.7509999E+00   0.1910405E+01   0.7760164E+00   0.4355791E+00   0.8773332E+00
   0.2000000E+00   0.7519999E+00   0.1933208E+01   0.8181234E+00   0.4533768E+00   0.9169398E+00
   0.2000000E+00   0.7529999E+00   0.1983117E+01   0.8614306E+00   0.5004707E+00   0.9630474E+00
   0.2000000E+00   0.7539999E+00   0.2036682E+01   0.9050378E+00   0.5260749E+00   0.9988534E+00
   0.2000000E+00   0.7549999E+00   0.2069148E+01   0.9295419E+00   0.5441779E+00   0.1024358E+01
   0.2000000E+00   0.7559999E+00   0.2131684E+01   0.1003254E+01   0.5489787E+00   0.1069165E+01
   0.2000000E+00   0.7569999E+00   0.2191622E+01   0.1057663E+01   0.6009874E+00   0.1126474E+01
   0.2000000E+00   0.7579999E+00   0.2237475E+01   0.1099470E+01   0.6232911E+00   0.1138376E+01
   0.2000000E+00   0.7589999E+00   0.2295616E+01   0.1148878E+01   0.6410940E+00   0.1199287E+01
   0.2000000E+00   0.7599999E+00   0.2363046E+01   0.1213589E+01   0.6766999E+00   0.1221990E+01
   0.2000000E+00   0.7609999E+00   0.2345165E+01   0.1265698E+01   0.7118058E+00   0.1266198E+01
   0.2000000E+00   0.7619999E+00   0.2413395E+01   0.1339210E+01   0.7497120E+00   0.1321207E+01
   0.2000000E+00   0.7630000E+00   0.2477229E+01   0.1410322E+01   0.7669149E+00   0.1368315E+01
   0.2000000E+00   0.7639999E+00   0.2497209E+01   0.1468731E+01   0.8151229E+00   0.1401920E+01
   0.2000000E+00   0.7649999E+00   0.2481525E+01   0.1557446E+01   0.8306255E+00   0.1426224E+01
   0.2000000E+00   0.7659999E+00   0.2566437E+01   0.1606354E+01   0.8761330E+00   0.1472232E+01
   0.2000000E+00   0.7669999E+00   0.2572731E+01   0.1713272E+01   0.8935359E+00   0.1522840E+01
   0.2000000E+00   0.7679999E+00   0.2594708E+01   0.1762780E+01   0.9324424E+00   0.1570048E+01
   0.2000000E+00   0.7689999E+00   0.2620981E+01   0.1850195E+01   0.9432442E+00   0.1580750E+01
   0.2000000E+00   0.7699999E+00   0.2571432E+01   0.1922807E+01   0.9757496E+00   0.1610655E+01
   0.2000000E+00   0.7709999E+00   0.2599204E+01   0.1996719E+01   0.1015856E+01   0.1645461E+01
   0.2000000E+00   0.7719999E+00   0.2532173E+01   0.2097519E+01   0.1048662E+01   0.1682567E+01
   0.2000000E+00   0.7729999E+00   0.2584918E+01   0.2151763E+01   0.1078667E+01   0.1721773E+01
   0.2000000E+00   0.7739999E+00   0.2507498E+01   0.2287924E+01   0.1056663E+01   0.1750078E+01
   0.2000000E+00   0.7749999E+00   0.2447260E+01   0.2282629E+01   0.1066164E+01   0.1729475E+01
   0.2000000E+00   0.7759999E+00   0.2346763E+01   0.2348761E+01   0.1068465E+01   0.1696669E+01
   0.2000000E+00   0.7770000E+00   0.2277434E+01   0.2415093E+01   0.1059763E+01   0.1689068E+01
   0.2000000E+00   0.7779999E+00   0.2156159E+01   0.2413195E+01   0.1052462E+01   0.1679066E+01
   0.2000000E+00   0.7789999E+00   0.2053964E+01   0.2444962E+01   0.1018057E+01   0.1642760E+01
   0.2000000E+00   0.7799999E+00   0.1917406E+01   0.2434773E+01   0.9763497E+00   0.1589751E+01
   0.2000000E+00   0.7809999E+00   0.1766681E+01   0.2374535E+01   0.9622473E+00   0.1520940E+01
   0.2000000E+00   0.7819999E+00   0.1615156E+01   0.2277135E+01   0.8812339E+00   0.1407621E+01
   0.2000000E+00   0.7829999E+00   0.1422724E+01   0.2181333E+01   0.8103221E+00   0.1299003E+01
   0.2000000E+00   0.7839999E+00   0.1288801E+01   0.1991418E+01   0.7396104E+00   0.1197986E+01
   0.2000000E+00   0.7849999E+00   0.1157680E+01   0.1750378E+01   0.6518958E+00   0.1047661E+01
   0.2000000E+00   0.7859999E+00   0.1011855E+01   0.1444727E+01   0.5674818E+00   0.8919356E+00
   0.2000000E+00   0.7869999E+00   0.9199403E+00   0.1108772E+01   0.4846726E+00   0.7476117E+00
   0.2000000E+00   0.7879999E+00   0.9048378E+00   0.8105221E+00   0.4362790E+00   0.6282919E+00
   0.2000000E+00   0.7889999E+00   0.8910355E+00   0.5898855E+00   0.4147819E+00   0.5631811E+00
   0.2000000E+00   0.7899999E+00   0.9197403E+00   0.5610808E+00   0.4329795E+00   0.5860849E+00
   0.2000000E+00   0.7909999E+00   0.9566464E+00   0.6110891E+00   0.4471776E+00   0.6110891E+00
   0.2000000E+00   0.7919999E+00   0.1014256E+01   0.6423942E+00   0.4889721E+00   0.6568967E+00
   0.2000000E+00   0.7929999E+00   0.1013956E+01   0.6845012E+00   0.5110725E+00   0.6716991E+00
   0.2000000E+00   0.7939999E+00   0.1040160E+01   0.7347096E+00   0.5499789E+00   0.7153063E+00
   0.2000000E+00   0.7949999E+00   0.1069565E+01   0.7578134E+00   0.5867850E+00   0.7439111E+00
   0.2000000E+00   0.7959999E+00   0.1106771E+01   0.8052213E+00   0.6154898E+00   0.7863181E+00
   0.2000000E+00   0.7969999E+00   0.1156780E+01   0.8559297E+00   0.6464949E+00   0.8220240E+00
   0.2000000E+00   0.7979999E+00   0.1156880E+01   0.9071382E+00   0.6672984E+00   0.8527291E+00
   0.2000000E+00   0.7989999E+00   0.1242194E+01   0.9584467E+00   0.7257081E+00   0.9180400E+00
   0.2000000E+00   0.7999999E+00   0.1244994E+01   0.1020457E+01   0.7541128E+00   0.9592468E+00
   0.2000000E+00   0.8009999E+00   0.1290402E+01   0.1072666E+01   0.7997203E+00   0.9913521E+00
   0.2000000E+00   0.8019999E+00   0.1338710E+01   0.1160280E+01   0.8304254E+00   0.1038460E+01
   0.2000000E+00   0.8029999E+00   0.1355412E+01   0.1203387E+01   0.8651312E+00   0.1067965E+01
   0.2000000E+00   0.8039999E+00   0.1404521E+01   0.1254996E+01   0.9325424E+00   0.1118973E+01
   0.2000000E+00   0.8049999E+00   0.1429425E+01   0.1335609E+01   0.9598469E+00   0.1178083E+01
   0.2000000E+00   0.8059999E+00   0.1422024E+01   0.1423024E+01   0.1002954E+01   0.1224891E+01
   0.2000000E+00   0.8069999E+00   0.1484234E+01   0.1484934E+01   0.1049462E+01   0.1267298E+01
   0.2000000E+00   0.8079999E+00   0.1514539E+01   0.1536943E+01   0.1080267E+01   0.1320907E+01
   0.2000000E+00   0.8089999E+00   0.1522240E+01   0.1633159E+01   0.1135176E+01   0.1359513E+01
   0.2000000E+00   0.8099999E+00   0.1490335E+01   0.1724674E+01   0.1170982E+01   0.1388918E+01
   0.2000000E+00   0.8109999E+00   0.1532642E+01   0.1800686E+01   0.1229892E+01   0.1445827E+01
   0.2000000E+00   0.8119999E+00   0.1525541E+01   0.1884900E+01   0.1275399E+01   0.1484434E+01
   0.2000000E+00   0.8129999E+00   0.1530342E+01   0.2019899E+01   0.1310305E+01   0.1539843E+01
   0.2000000E+00   0.8139999E+00   0.1539443E+01   0.2053065E+01   0.1333409E+01   0.1554546E+01
   0.2000000E+00   0.8149999E+00   0.1491435E+01   0.2163651E+01   0.1382117E+01   0.1607854E+01
   0.2000000E+00   0.8159999E+00   0.1509038E+01   0.2212401E+01   0.1400520E+01   0.1618056E+01
   0.2000000E+00   0.8169999E+00   0.1456729E+01   0.2285326E+01   0.1403020E+01   0.1615656E+01
   0.2000000E+00   0.8179999E+00   0.1393519E+01   0.2360249E+01   0.1398520E+01   0.1640660E+01
   0.2000000E+00   0.8189999E+00   0.1364814E+01   0.2401607E+01   0.1423124E+01   0.1652162E+01
   0.2000000E+00   0.8199999E+00   0.1268098E+01   0.2464242E+01   0.1376616E+01   0.1629858E+01
   0.2000000E+00   0.8209999E+00   0.1221690E+01   0.2454253E+01   0.1360113E+01   0.1602253E+01
   0.2000000E+00   0.8219999E+00   0.1119073E+01   0.2425382E+01   0.1324407E+01   0.1545844E+01
   0.2000000E+00   0.8229999E+00   0.1036860E+01   0.2401107E+01   0.1259697E+01   0.1499036E+01
   0.2000000E+00   0.8239999E+00   0.9358429E+00   0.2290621E+01   0.1178683E+01   0.1391018E+01
   0.2000000E+00   0.8249999E+00   0.8521290E+00   0.2126689E+01   0.1099070E+01   0.1294802E+01
   0.2000000E+00   0.8259999E+00   0.7587135E+00   0.1975615E+01   0.9974532E+00   0.1185484E+01
   0.2000000E+00   0.8269999E+00   0.6709990E+00   0.1719973E+01   0.8906354E+00   0.1047561E+01
   0.2000000E+00   0.8279999E+00   0.5746830E+00   0.1434526E+01   0.8170232E+00   0.8962364E+00
   0.2000000E+00   0.8289999E+00   0.5423777E+00   0.1156680E+01   0.7379101E+00   0.7861181E+00
   0.2000000E+00   0.8299999E+00   0.5407774E+00   0.8818340E+00   0.7041045E+00   0.7049046E+00
   0.2000000E+00   0.8309999E+00   0.5353765E+00   0.7782168E+00   0.7236077E+00   0.6892020E+00
   0.2000000E+00   0.8319999E+00   0.5556799E+00   0.7949196E+00   0.7661148E+00   0.7132060E+00
   0.2000000E+00   0.8329999E+00   0.5795838E+00   0.8471282E+00   0.8024208E+00   0.7692153E+00
   0.2000000E+00   0.8339999E+00   0.6044880E+00   0.9208404E+00   0.8755329E+00   0.8249245E+00
   0.2000000E+00   0.8349999E+00   0.6177902E+00   0.9647477E+00   0.9080383E+00   0.8455279E+00
   0.2000000E+00   0.8359999E+00   0.6406940E+00   0.1021757E+01   0.9689484E+00   0.8952362E+00
   0.2000000E+00   0.8369999E+00   0.6572967E+00   0.1093169E+01   0.1050762E+01   0.9661480E+00
   0.2000000E+00   0.8379999E+00   0.6771000E+00   0.1165881E+01   0.1099670E+01   0.1004654E+01
   0.2000000E+00   0.8389999E+00   0.6787003E+00   0.1235893E+01   0.1168481E+01   0.1061264E+01
   0.2000000E+00   0.8399999E+00   0.7109056E+00   0.1319707E+01   0.1218690E+01   0.1127875E+01
   0.2000000E+00   0.8409999E+00   0.7403105E+00   0.1404321E+01   0.1270998E+01   0.1179683E+01
   0.2000000E+00   0.8419999E+00   0.7355097E+00   0.1481633E+01   0.1336109E+01   0.1220690E+01
   0.2000000E+00   0.8429999E+00   0.7490119E+00   0.1548645E+01   0.1411922E+01   0.1280100E+01
   0.2000000E+00   0.8439999E+00   0.7751163E+00   0.1663464E+01   0.1488034E+01   0.1366514E+01
   0.2000000E+00   0.8449999E+00   0.7449113E+00   0.1738676E+01   0.1542544E+01   0.1401220E+01
   0.2000000E+00   0.8459999E+00   0.7826175E+00   0.1844394E+01   0.1598853E+01   0.1465731E+01
   0.2000000E+00   0.8469999E+00   0.7796170E+00   0.1945910E+01   0.1656662E+01   0.1505437E+01
   0.2000000E+00   0.8479999E+00   0.7748162E+00   0.2039179E+01   0.1708871E+01   0.1554045E+01
   0.2000000E+00   0.8489999E+00   0.7631143E+00   0.2138177E+01   0.1739576E+01   0.1581750E+01
   0.2000000E+00   0.8499999E+00   0.7464115E+00   0.2199115E+01   0.1802187E+01   0.1621857E+01
   0.2000000E+00   0.8509999E+00   0.7468116E+00   0.2282829E+01   0.1806887E+01   0.1658763E+01
   0.2000000E+00   0.8519999E+00   0.7177067E+00   0.2352457E+01   0.1809188E+01   0.1673365E+01
   0.2000000E+00   0.8529999E+00   0.6822008E+00   0.2478428E+01   0.1814189E+01   0.1686267E+01
   0.2000000E+00   0.8539999E+00   0.6698988E+00   0.2438968E+01   0.1834392E+01   0.1704970E+01
   0.2000000E+00   0.8549999E+00   0.6195905E+00   0.2479427E+01   0.1786684E+01   0.1678766E+01
   0.2000000E+00   0.8559999E+00   0.5692821E+00   0.2465541E+01   0.1748778E+01   0.1638359E+01
   0.2000000E+00   0.8569999E+00   0.5007707E+00   0.2370339E+01   0.1651062E+01   0.1542343E+01
   0.2000000E+00   0.8579999E+00   0.4692747E+00   0.2255057E+01   0.1537243E+01   0.1439026E+01
   0.2000000E+00   0.8589999E+00   0.4101825E+00   0.2131884E+01   0.1449528E+01   0.1360313E+01
   0.2000000E+00   0.8599999E+00   0.3479907E+00   0.1924707E+01   0.1320407E+01   0.1232592E+01
   0.2000000E+00   0.8609999E+00   0.3212942E+00   0.1660663E+01   0.1220690E+01   0.1103671E+01
   0.2000000E+00   0.8619999E+00   0.2770001E+00   0.1368315E+01   0.1132776E+01   0.9680483E+00
   0.2000000E+00   0.8629999E+00   0.2831993E+00   0.1109372E+01   0.1102371E+01   0.8879350E+00
   0.2000000E+00   0.8639999E+00   0.2789998E+00   0.9746494E+00   0.1129875E+01   0.8850345E+00
   0.2000000E+00   0.8649999E+00   0.2901983E+00   0.9885517E+00   0.1197786E+01   0.9110388E+00
   0.2000000E+00   0.8659999E+00   0.3117955E+00   0.1079967E+01   0.1282700E+01   0.9992535E+00
   0.2000000E+00   0.8669999E+00   0.3058963E+00   0.1149478E+01   0.1353912E+01   0.1042961E+01
   0.2000000E+00   0.8679999E+00   0.3027967E+00   0.1219890E+01   0.1428525E+01   0.1094369E+01
   0.2000000E+00   0.8689999E+00   0.3057963E+00   0.1320407E+01   0.1565947E+01   0.1176283E+01
   0.2000000E+00   0.8699999E+00   0.3270935E+00   0.1406621E+01   0.1641760E+01   0.1249795E+01
   0.2000000E+00   0.8709999E+00   0.3284933E+00   0.1515239E+01   0.1725474E+01   0.1309305E+01
   0.2000000E+00   0.8719999E+00   0.3267935E+00   0.1591052E+01   0.1801086E+01   0.1371315E+01
   0.2000000E+00   0.8729999E+00   0.3469908E+00   0.1699069E+01   0.1887201E+01   0.1459730E+01
   0.2000000E+00   0.8739999E+00   0.3305930E+00   0.1787984E+01   0.1980116E+01   0.1528041E+01
   0.2000000E+00   0.8749999E+00   0.3535900E+00   0.1921206E+01   0.2069048E+01   0.1595152E+01
   0.2000000E+00   0.8759999E+00   0.3423914E+00   0.2035783E+01   0.2167547E+01   0.1684367E+01
   0.2000000E+00   0.8769999E+00   0.3478907E+00   0.2128987E+01   0.2230383E+01   0.1721673E+01
   0.2000000E+00   0.8779999E+00   0.3529900E+00   0.2233380E+01   0.2287824E+01   0.1801186E+01
   0.2000000E+00   0.8789999E+00   0.3372921E+00   0.2335475E+01   0.2327483E+01   0.1829091E+01
   0.2000000E+00   0.8799999E+00   0.3065962E+00   0.2396013E+01   0.2324486E+01   0.1829991E+01
   0.2000000E+00   0.8809999E+00   0.3025967E+00   0.2440567E+01   0.2330080E+01   0.1863097E+01
   0.2000000E+00   0.8819999E+00   0.2921981E+00   0.2470336E+01   0.2315995E+01   0.1837292E+01
   0.2000000E+00   0.8829999E+00   0.2664015E+00   0.2463943E+01   0.2243869E+01   0.1803287E+01
   0.2000000E+00   0.8839999E+00   0.2341034E+00   0.2438169E+01   0.2156958E+01   0.1743077E+01
   0.2000000E+00   0.8849999E+00   0.2095030E+00   0.2339471E+01   0.2046771E+01   0.1651062E+01
   0.2000000E+00   0.8859999E+00   0.1784024E+00   0.2199115E+01   0.1921006E+01   0.1560246E+01
   0.2000000E+00   0.8869999E+00   0.1696023E+00   0.1955812E+01   0.1822990E+01   0.1440927E+01
   0.2000000E+00   0.8879999E+00   0.1352017E+00   0.1736576E+01   0.1678766E+01   0.1297103E+01
   0.2000000E+00   0.8889999E+00   0.1265016E+00   0.1458230E+01   0.1646461E+01   0.1212589E+01
   0.2000000E+00   0.8899999E+00   0.1280016E+00   0.1258596E+01   0.1592152E+01   0.1145378E+01
   0.2000000E+00   0.8909999E+00   0.1195014E+00   0.1163381E+01   0.1700870E+01   0.1176983E+01
   0.2000000E+00   0.8919999E+00   0.1105013E+00   0.1238493E+01   0.1804087E+01   0.1239393E+01
   0.2000000E+00   0.8929999E+00   0.1345017E+00   0.1319607E+01   0.1923907E+01   0.1322207E+01
   0.2000000E+00   0.8939999E+00   0.1371017E+00   0.1425524E+01   0.2013206E+01   0.1395719E+01
   0.2000000E+00   0.8949999E+00   0.1331017E+00   0.1547844E+01   0.2182232E+01   0.1511238E+01
   0.2000000E+00   0.8959999E+00   0.1345017E+00   0.1685567E+01   0.2315196E+01   0.1611955E+01
   0.2000000E+00   0.8969999E+00   0.1517020E+00   0.1796886E+01   0.2436571E+01   0.1701770E+01
   0.2000000E+00   0.8979999E+00   0.1345017E+00   0.1915705E+01   0.2582321E+01   0.1812688E+01
   0.2000000E+00   0.8989999E+00   0.1385018E+00   0.2037681E+01   0.2699601E+01   0.1899503E+01
   0.2000000E+00   0.8999999E+00   0.1370017E+00   0.2136679E+01   0.2785013E+01   0.1947011E+01
   0.2000000E+00   0.9009999E+00   0.1414018E+00   0.2236177E+01   0.2864631E+01   0.2028590E+01
   0.2000000E+00   0.9019999E+00   0.1269016E+00   0.2351358E+01   0.2915879E+01   0.2076141E+01
   0.2000000E+00   0.9029999E+00   0.1217015E+00   0.2402606E+01   0.2932861E+01   0.2095521E+01
   0.2000000E+00   0.9039999E+00   0.1125013E+00   0.2464143E+01   0.2934659E+01   0.2102714E+01
   0.2000000E+00   0.9049999E+00   0.1017011E+00   0.2452055E+01   0.2888507E+01   0.2079138E+01
   0.2000000E+00   0.9059999E+00   0.9340101E-01   0.2422286E+01   0.2793604E+01   0.2026992E+01
   0.2000000E+00   0.9069999E+00   0.8390085E-01   0.2316894E+01   0.2646156E+01   0.1934609E+01
   0.2000000E+00   0.9079999E+00   0.7660072E-01   0.2164550E+01   0.2503902E+01   0.1817489E+01
   0.2000000E+00   0.9089999E+00   0.6020045E-01   0.1950611E+01   0.2397511E+01   0.1699270E+01
   0.2000000E+00   0.9099999E+00   0.5450035E-01   0.1703770E+01   0.2248364E+01   0.1579850E+01
   0.2000000E+00   0.9109999E+00   0.4810024E-01   0.1472332E+01   0.2200713E+01   0.1494836E+01
   0.2000000E+00   0.9119999E+00   0.4490019E-01   0.1351212E+01   0.2320390E+01   0.1522640E+01
   0.2000000E+00   0.9129999E+00   0.5020028E-01   0.1369315E+01   0.2449957E+01   0.1576349E+01
   0.2000000E+00   0.9139999E+00   0.4600020E-01   0.1498136E+01   0.2661140E+01   0.1727474E+01
   0.2000000E+00   0.9149999E+00   0.5240031E-01   0.1640060E+01   0.2839057E+01   0.1831191E+01
   0.2000000E+00   0.9159999E+00   0.5340033E-01   0.1754679E+01   0.3043148E+01   0.1974715E+01
   0.2000000E+00   0.9169999E+00   0.5290032E-01   0.1900603E+01   0.3185901E+01   0.2072245E+01
   0.2000000E+00   0.9179999E+00   0.5410034E-01   0.2041077E+01   0.3372709E+01   0.2201213E+01
   0.2000000E+00   0.9189999E+00   0.5380034E-01   0.2172942E+01   0.3468611E+01   0.2265846E+01
   0.2000000E+00   0.9199999E+00   0.5420034E-01   0.2298513E+01   0.3578098E+01   0.2395813E+01
   0.2000000E+00   0.9209999E+00   0.4560020E-01   0.2393016E+01   0.3621953E+01   0.2422286E+01
   0.2000000E+00   0.9219999E+00   0.3950009E-01   0.2422985E+01   0.3645729E+01   0.2431176E+01
   0.2000000E+00   0.9229999E+00   0.3990010E-01   0.2423584E+01   0.3617758E+01   0.2427780E+01
   0.2000000E+00   0.9239999E+00   0.3400000E-01   0.2407001E+01   0.3473306E+01   0.2368541E+01
   0.2000000E+00   0.9249999E+00   0.2779996E-01   0.2257455E+01   0.3318665E+01   0.2236976E+01
   0.2000000E+00   0.9259999E+00   0.2509997E-01   0.2112204E+01   0.3154633E+01   0.2116300E+01
   0.2000000E+00   0.9269999E+00   0.1989998E-01   0.1879499E+01   0.3006885E+01   0.1973015E+01
   0.2000000E+00   0.9279999E+00   0.1729998E-01   0.1628858E+01   0.2974818E+01   0.1904704E+01
   0.2000000E+00   0.9289999E+00   0.1749998E-01   0.1494836E+01   0.3035456E+01   0.1888801E+01
   0.2000000E+00   0.9299999E+00   0.1669998E-01   0.1531242E+01   0.3253232E+01   0.2003516E+01
   0.2000000E+00   0.9309999E+00   0.1239999E-01   0.1656662E+01   0.3534943E+01   0.2182931E+01
   0.2000000E+00   0.9319999E+00   0.1729998E-01   0.1820290E+01   0.3807363E+01   0.2359550E+01
   0.2000000E+00   0.9329999E+00   0.1749998E-01   0.1987817E+01   0.4004972E+01   0.2497808E+01
   0.2000000E+00   0.9339999E+00   0.1449998E-01   0.2104712E+01   0.4220263E+01   0.2669332E+01
   0.2000000E+00   0.9349999E+00   0.1729998E-01   0.2244368E+01   0.4354345E+01   0.2738860E+01
   0.2000000E+00   0.9359999E+00   0.1469998E-01   0.2345964E+01   0.4457585E+01   0.2830766E+01
   0.2000000E+00   0.9369999E+00   0.1389999E-01   0.2412695E+01   0.4463093E+01   0.2838458E+01
   0.2000000E+00   0.9379999E+00   0.1199999E-01   0.2402306E+01   0.4358551E+01   0.2781716E+01
   0.2000000E+00   0.9389999E+00   0.1129999E-01   0.2292619E+01   0.4190924E+01   0.2668133E+01
   0.2000000E+00   0.9399999E+00   0.8499995E-02   0.2139976E+01   0.4000966E+01   0.2537168E+01
   0.2000000E+00   0.9409999E+00   0.6799997E-02   0.1907704E+01   0.3810560E+01   0.2396212E+01
   0.2000000E+00   0.9419999E+00   0.5100000E-02   0.1688368E+01   0.3794676E+01   0.2338971E+01
   0.2000000E+00   0.9429999E+00   0.5999999E-02   0.1600753E+01   0.3968297E+01   0.2376233E+01
   0.2000000E+00   0.9439999E+00   0.6599998E-02   0.1693169E+01   0.4287154E+01   0.2588215E+01
   0.2000000E+00   0.9449999E+00   0.7199997E-02   0.1832792E+01   0.4655454E+01   0.2778120E+01
   0.2000000E+00   0.9459999E+00   0.5500000E-02   0.2033885E+01   0.4951555E+01   0.2973919E+01
   0.2000000E+00   0.9469999E+00   0.3800002E-02   0.2200014E+01   0.5215613E+01   0.3152236E+01
   0.2000000E+00   0.9479999E+00   0.3500002E-02   0.2310500E+01   0.5339682E+01   0.3251334E+01
   0.2000000E+00   0.9489999E+00   0.5000000E-02   0.2353256E+01   0.5318052E+01   0.3259426E+01
   0.2000000E+00   0.9499999E+00   0.3300002E-02   0.2293318E+01   0.5248758E+01   0.3199287E+01
   0.2000000E+00   0.9509999E+00   0.4000002E-02   0.2213300E+01   0.5044481E+01   0.3080509E+01
   0.2000000E+00   0.9519999E+00   0.2800001E-02   0.1993818E+01   0.4820277E+01   0.2914380E+01
   0.2000000E+00   0.9529999E+00   0.6000001E-03   0.1783083E+01   0.4822881E+01   0.2862733E+01
   0.2000000E+00   0.9539999E+00   0.2900001E-02   0.1668764E+01   0.5032765E+01   0.2926268E+01
   0.2000000E+00   0.9549999E+00   0.2100001E-02   0.1788184E+01   0.5463650E+01   0.3172915E+01
   0.2000000E+00   0.9559999E+00   0.2300001E-02   0.1968114E+01   0.5916564E+01   0.3450230E+01
   0.2000000E+00   0.9569999E+00   0.1700001E-02   0.2124791E+01   0.6208159E+01   0.3639136E+01
   0.2000000E+00   0.9579999E+00   0.2200001E-02   0.2235078E+01   0.6403024E+01   0.3753119E+01
   0.2000000E+00   0.9589999E+00   0.1400000E-02   0.2296115E+01   0.6374485E+01   0.3745626E+01
   0.2000000E+00   0.9599999E+00   0.6000001E-03   0.2197317E+01   0.6191537E+01   0.3645429E+01
   0.2000000E+00   0.9609999E+00   0.1700001E-02   0.2025793E+01   0.5990364E+01   0.3499479E+01
   0.2000000E+00   0.9619999E+00   0.5000001E-03   0.1810788E+01   0.5887925E+01   0.3423457E+01
   0.2000000E+00   0.9629999E+00   0.4000000E-03   0.1711372E+01   0.6188933E+01   0.3517860E+01
   0.2000000E+00   0.9639999E+00   0.1000000E-03   0.1835492E+01   0.6759507E+01   0.3831238E+01
   0.2000000E+00   0.9649999E+00   0.8000001E-03   0.2030088E+01   0.7244465E+01   0.4134447E+01
   0.2000000E+00   0.9659999E+00   0.1000000E-02   0.2159755E+01   0.7507922E+01   0.4308984E+01
   0.2000000E+00   0.9669999E+00   0.4000000E-03   0.2199514E+01   0.7488696E+01   0.4285352E+01
   0.2000000E+00   0.9679999E+00   0.1000000E-03   0.2078339E+01   0.7208316E+01   0.4113619E+01
   0.2000000E+00   0.9689999E+00   0.6000001E-03   0.1857396E+01   0.6969292E+01   0.3943823E+01
   0.2000000E+00   0.9699999E+00   0.0000000E+00   0.1731775E+01   0.7312557E+01   0.4119126E+01
   0.2000000E+00   0.9709999E+00   0.0000000E+00   0.1811088E+01   0.8067982E+01   0.4527480E+01
   0.2000000E+00   0.9719999E+00   0.0000000E+00   0.2020099E+01   0.8607113E+01   0.4765903E+01
   0.2000000E+00   0.9729999E+00   0.2000000E-03   0.2046472E+01   0.8796370E+01   0.4943945E+01
   0.2000000E+00   0.9739999E+00   0.0000000E+00   0.2009809E+01   0.8509080E+01   0.4752385E+01
   0.2000000E+00   0.9749999E+00   0.0000000E+00   0.1784884E+01   0.8333642E+01   0.4607889E+01
   0.2000000E+00   0.9759999E+00   0.0000000E+00   0.1698369E+01   0.8814494E+01   0.4850718E+01
   0.2000000E+00   0.9769999E+00   0.0000000E+00   0.1847094E+01   0.9707605E+01   0.5271689E+01
   0.2000000E+00   0.9779999E+00   0.0000000E+00   0.1983117E+01   0.1004817E+02   0.5517222E+01
   0.2000000E+00   0.9789999E+00   0.3000000E-03   0.1900703E+01   0.9835279E+01   0.5392453E+01
   0.2000000E+00   0.9799999E+00   0.0000000E+00   0.1686467E+01   0.9833176E+01   0.5332772E+01
   0.2000000E+00   0.9809999E+00   0.0000000E+00   0.1694869E+01   0.1067612E+02   0.5766060E+01
   0.2000000E+00   0.9819999E+00   0.0000000E+00   0.1830291E+01   0.1137987E+02   0.6151683E+01
   0.2000000E+00   0.9829999E+00   0.0000000E+00   0.1792085E+01   0.1132370E+02   0.6096808E+01
   0.2000000E+00   0.9839999E+00   0.1000000E-03   0.1602854E+01   0.1139790E+02   0.6054251E+01
   0.2000000E+00   0.9849999E+00   0.2000000E-03   0.1646061E+01   0.1257469E+02   0.6678297E+01
   0.2000000E+00   0.9859999E+00   0.0000000E+00   0.1720973E+01   0.1277897E+02   0.6809875E+01
   0.2000000E+00   0.9869999E+00   0.1000000E-03   0.1546144E+01   0.1286799E+02   0.6802265E+01
   0.2000000E+00   0.9879999E+00   0.0000000E+00   0.1557546E+01   0.1415944E+02   0.7500412E+01
   0.2000000E+00   0.9889999E+00   0.1000000E-03   0.1535042E+01   0.1429683E+02   0.7539565E+01
   0.2000000E+00   0.9899999E+00   0.1000000E-03   0.1424824E+01   0.1527015E+02   0.8028829E+01
   0.2000000E+00   0.9909999E+00   0.0000000E+00   0.1419523E+01   0.1588408E+02   0.8285877E+01
   0.2000000E+00   0.9919999E+00   0.0000000E+00   0.1328408E+01   0.1684765E+02   0.8760621E+01
   0.2000000E+00   0.9929999E+00   0.0000000E+00   0.1237593E+01   0.1766848E+02   0.9135029E+01
   0.2000000E+00   0.9939999E+00   0.0000000E+00   0.1194586E+01   0.1898284E+02   0.9815452E+01
   0.2000000E+00   0.9949999E+00   0.0000000E+00   0.1075766E+01   0.2022609E+02   0.1035999E+02
   0.2000000E+00   0.9959999E+00   0.0000000E+00   0.9521456E+00   0.2173217E+02   0.1110540E+02
   0.2000000E+00   0.9969999E+00   0.0000000E+00   0.8353263E+00   0.2371125E+02   0.1212108E+02
   0.2000000E+00   0.9979999E+00   0.0000000E+00   0.6546963E+00   0.2607704E+02   0.1324410E+02
   0.2000000E+00   0.9989999E+00   0.0000000E+00   0.4092826E+00   0.2929669E+02   0.1482825E+02
   0.2000000E+00   0.9999999E+00   0.0000000E+00   0.7270066E-01   0.1490035E+02   0.7458055E+01

